#Bitcoin
1 10 35 72 20774 14401 207749 0 5
5 12 134 150 13657 14402 273150 3 10

#Ethereum
1 13 40 85 1309 14401 13095 0 5
5 15 140 67 2008 14402 40172 3 10

#Litecoin
1 11 31 79 116 14401 1163 1 5
5 8 170 96 237 14402 3331 1 7

#Ripple
1 16 40 88 83 14401 832 0 5
5 11 25 62 36 14402 584 2 8

Doge
1 0 0 0 90 14401 0 0 0
5 11 25 159 128 14402 2562 3 10

Filecoin
1 18 41 57 72 14401 724 1 5
5 13 134 72 249 14402 5488 3 11

Cardano
1 12 26 84 717 14401 7175 0 5
5 0 0 0 1500 14402 0 0 0

BCHUSD
1 23 29 83 297 14401 2975 0 5
5 8 123 220 296 14402 5333 2 9

Chainlink
1 18 71 98 18047 14401 180470 0 5
5 9 215 74 13727 14402 274543 3 10

Polkadot
1 10 28 69 3054 14401 30542 0 5
5 21 149 184 4031 14402 80620 3 10

Solana
1 15 25 97 123 14401 1232 0 5
5 9 35 218 142 14402 2850 3 10

Uniswap
1 11 38 112 103 14401 1036 0 5
5 0 0 0 100 14402 0 0 0