USDCHF
15 24 180 171 300 86400
30 16 128 135 600 86400
60 8 212 219 80 345600

GBPUSD
15 10 148 175 300 86400
30 22 212 91 600 86400
60 24 164 215 80 345600

EURUSD
15 24 92 207 300 86400
30 20 172 183 600 86400

USDJPY
15 16 64 111 300 86400
30 22 180 159 600 86400

USDCAD
15 18 164 111 300 86400
30 16 192 115 600 86400

AUDUSD
15 8 152 131 300 86400
30 10 32 219 600 86400

EURGBP
15 16 72 195 300 86400
30 24 48 131 600 86400

EURAUD
15 20 124 159 300 86400
30 24 36 79 600 86400

EURCHF
15 16 108 175 300 86400
30 8 216 131 600 86400

EURJPY
15 20 156 135 300 86400
30 22 156 183 600 86400

GBPCHF
15 12 112 143 300 86400
30 24 140 155 600 86400

CADJPY
15 8 24 59 300 86400
30 24 140 219 600 86400

GBPJPY
15 8 28 123 300 86400
30 24 176 219 600 86400

AUDNZD
15 8 208 159 300 86400
30 18 196 179 40 86400

AUDCAD
15 18 172 131 300 86400
30 8 24 59 40 86400

AUDCHF
15 8 108 147 300 86400
30 24 100 183 600 86400

AUDJPY
15 20 124 159 300 86400
30 24 52 219 600 86400

CHFJPY
15 20 200 175 300 86400
30 22 128 207 600 86400

EURNZD
15 70 208 219 300 86400
30 12 152 107 600 86400

EURCAD
15 20 160 83 300 86400
30 24 28 179 600 86400

CADCHF
15 24 160 111 300 86400
30 8 88 219 600 86400

NZDJPY
15 24 216 55 300 86400
30 24 188 215 600 86400

NZDUSD
15 8 24 55 300 86400
30 10 208 103 600 86400