AUDUSD
15 0 0 0 13 43201 0 0 0
30 0 0 0 14 86402 0 0 0

EURCHF
15 16 62 186 8 43201 61 0 5
30 18 209 72 10 86402 76 0 5

EURGBP
15 23 115 82 7 43201 57 0 5
30 0 0 0 14 86402 0 0 0

EURJPY
15 17 181 110 4 43201 33 0 5
30 10 207 187 35 86402 269 0 5

EURUSD
15 23 86 85 6 43201 53 0 5
30 0 0 0 14 86402 0 0 0

GBPUSD
15 21 142 151 8 43201 62 0 5
30 0 0 0 14 86402 0 0 0

NZDUSD
15 20 49 70 9 43201 89 0 6
30 20 213 62 16 86402 174 1 7

USDCAD
15 0 0 0 13 43201 0 0 0
30 0 0 0 14 86402 0 0 0

USDCHF
15 0 0 0 13 43201 0 0 0
30 0 0 0 14 86402 0 0 0

USDJPY
15 0 0 0 13 43201 0 0 0
30 23 144 177 6 86402 76 1 7

AUDCAD
15 0 0 0 13 43201 0 0 0
30 0 0 0 14 86402 0 0 0

AUDCHF
15 0 0 0 13 43201 0 0 0
30 0 0 0 14 86402 0 0 0

CADCHF
15 14 48 175 12 43201 97 1 5
30 23 95 71 12 86402 158 1 8

CADJPY
15 22 87 61 8 43201 67 1 5
30 21 137 123 10 86402 115 2 7

CHFJPY
15 14 112 90 8 43201 78 1 6
30 12 155 117 24 86402 187 0 5

NZDCAD
15 15 34 134 11 43201 85 0 5
30 14 201 195 11 86402 106 0 6

NZDCHF
15 14 110 103 9 43201 72 0 5
30 22 209 76 14 86402 128 1 6

NZDJPY
15 17 102 60 8 43201 85 0 7
30 21 119 109 20 86402 252 0 8

EURAUD
15 0 0 0 13 43201 0 0 0
30 22 94 157 12 86402 96 0 5

GBPCHF
15 19 117 56 12 43201 119 0 6
30 13 85 63 10 86402 77 0 5

GBPJPY
15 0 0 0 13 43201 0 0 0
30 18 43 83 29 86402 224 0 5

AUDNZD
15 0 0 0 13 43201 0 0 0
30 0 0 0 14 86402 0 0 0

EURCAD
15 0 0 0 13 43201 0 0 0
30 14 110 73 16 86402 122 1 5

EURNZD
15 16 56 75 16 43201 155 0 6
30 24 114 186 19 86402 208 0 7

GBPAUD
15 21 99 106 24 43201 220 1 6
30 19 196 195 25 86402 193 1 5

GBPCAD
15 0 0 0 13 43201 0 0 0
30 14 33 146 13 86402 104 1 5

GBPNZD
15 21 84 167 26 43201 198 0 5
30 20 163 115 13 86402 125 1 6

EURRUR
15 14 132 88 449 43201 3372 0 5
30 0 0 0 14 86402 0 0 0

USDRUR
15 0 0 0 13 43201 0 0 0
30 0 0 0 14 86402 0 0 0

USDZAR
15 20 174 88 268 43201 2423 0 6
30 19 82 157 388 86402 2918 1 5

AUDDKK
15 0 0 0 13 43201 0 0 0
30 10 88 163 77 86402 582 0 5

AUDSEK
15 18 131 194 63 43201 475 1 5
30 21 54 213 95 86402 1006 0 7

AUDSGD
15 0 0 0 13 43201 0 0 0
30 20 147 195 10 86402 82 0 5

AUDZAR
15 21 34 138 129 43201 1165 0 6
30 22 132 143 594 86402 5349 0 6

CADCZK
15 0 0 0 13 43201 0 0 0
30 0 0 0 14 86402 0 0 0

CADDKK
15 0 0 0 13 43201 0 0 0
30 0 0 0 14 86402 0 0 0

CADMXN
15 18 150 57 210 43201 1580 0 5
30 14 35 155 497 86402 4479 0 6

CADSGD
15 0 0 0 13 43201 0 0 0
30 15 119 172 8 86402 61 0 5

CADZAR
15 18 132 84 148 43201 1112 1 5
30 23 148 122 370 86402 3338 1 6

CHFDKK
15 19 135 60 4 43201 38 1 5
30 17 150 77 6 86402 62 0 6

CHFHKD
15 23 76 95 102 43201 926 1 6
30 0 0 0 14 86402 0 0 0

CHFMXN
15 0 0 0 13 43201 0 0 0
30 17 73 93 460 86402 3456 0 5

CHFSGD
15 19 78 81 10 43201 96 1 6
30 0 0 0 14 86402 0 0 0

CHFZAR
15 0 0 0 13 43201 0 0 0
30 14 83 92 674 86402 5062 0 5

CZKJPY
15 19 84 74 6 43201 46 1 5
30 24 57 98 6 86402 76 2 7

EURCZK
15 19 160 107 10 43201 78 1 5
30 0 0 0 14 86402 0 0 0

EURDKK
15 0 0 0 13 43201 0 0 0
30 0 0 0 14 86402 0 0 0

EURHUF
15 22 106 99 33 43201 250 1 5
30 19 51 62 50 86402 377 1 5

EURPLN
15 0 0 0 13 43201 0 0 0
30 0 0 0 14 86402 0 0 0

EURSEK
15 0 0 0 13 43201 0 0 0
30 18 63 216 162 86402 1713 1 7

EURSGD
15 20 206 88 6 43201 53 0 5
30 23 74 78 11 86402 89 1 5

GBPDKK
15 0 0 0 13 43201 0 0 0
30 0 0 0 14 86402 0 0 0

GBPHKD
15 22 105 108 104 43201 781 1 5
30 0 0 0 14 86402 0 0 0

GBPHUF
15 0 0 0 13 43201 0 0 0
30 0 0 0 14 86402 0 0 0

GBPMXN
15 0 0 0 13 43201 0 0 0
30 19 47 91 620 86402 5581 0 6

GBPPLN
15 0 0 0 13 43201 0 0 0
30 0 0 0 14 86402 0 0 0

GBPSEK
15 22 205 74 240 43201 1804 1 5
30 23 80 172 226 86402 2374 2 7

GBPSGD
15 0 0 0 13 43201 0 0 0
30 0 0 0 14 86402 0 0 0

GBPZAR
15 21 180 83 424 43201 3821 0 6
30 18 55 55 442 86402 3981 0 6

HKDJPY
15 0 0 0 13 43201 0 0 0
30 19 96 176 1 86402 12 1 5

MXNJPY
15 0 0 0 13 43201 0 0 0
30 0 0 0 14 86402 0 0 0

NOKJPY
15 23 74 59 4 43201 39 0 6
30 0 0 0 14 86402 0 0 0

NZDCZK
15 22 185 71 16 43201 178 1 7
30 0 0 0 14 86402 0 0 0

NZDDKK
15 22 148 81 3 43201 25 1 5
30 20 82 139 6 86402 69 0 7

NZDHKD
15 14 51 61 76 43201 571 0 5
30 23 105 66 116 86402 1224 1 7

NZDHUF
15 21 73 98 29 43201 442 2 10
30 15 86 87 32 86402 242 0 5

NZDMXN
15 24 143 105 304 43201 3198 1 7
30 23 135 159 377 86402 4529 0 8

NZDNOK
15 0 0 0 13 43201 0 0 0
30 0 0 0 14 86402 0 0 0

NZDPLN
15 20 120 67 26 43201 244 0 6
30 15 193 84 40 86402 309 1 5

NZDSEK
15 0 0 0 13 43201 0 0 0
30 21 98 115 118 86402 1431 1 8

NZDSGD
15 13 76 109 12 43201 115 1 6
30 12 82 99 16 86402 220 1 9

NZDZAR
15 0 0 0 13 43201 0 0 0
30 20 59 104 239 86402 2156 0 6

SEKJPY
15 0 0 0 13 43201 0 0 0
30 20 71 90 3 86402 27 0 5

SGDJPY
15 0 0 0 13 43201 0 0 0
30 17 137 171 6 86402 66 0 7

USDAED
15 0 0 0 13 43201 0 0 0
30 0 0 0 14 86402 0 0 0

USDBDT
15 0 0 0 13 43201 0 0 0
30 0 0 0 14 86402 0 0 0

USDBGN
15 0 0 0 13 43201 0 0 0
30 0 0 0 14 86402 0 0 0

USDBRL
15 0 0 0 13 43201 0 0 0
30 0 0 0 14 86402 0 0 0

USDCNY
15 22 46 174 4 43201 36 0 5
30 21 99 106 4 86402 39 0 5

USDCZK
15 18 123 158 22 43201 205 0 6
30 13 144 78 34 86402 256 0 5

USDEGP
15 0 0 0 13 43201 0 0 0
30 0 0 0 14 86402 0 0 0

USDHKD
15 20 74 67 8 43201 79 1 6
30 0 0 0 14 86402 0 0 0

USDHUF
15 0 0 0 13 43201 0 0 0
30 22 73 86 33 86402 253 1 5

USDIDR
15 0 0 0 13 43201 0 0 0
30 18 70 62 686 86402 5150 1 5

USDINR
15 20 148 74 516 43201 5423 0 7
30 0 0 0 14 86402 0 0 0

USDKES
15 0 0 0 13 43201 0 0 0
30 0 0 0 14 86402 0 0 0

USDKZT
15 22 143 56 22 43201 271 1 8
30 20 66 68 33 86402 301 1 6

USDMXN
15 0 0 0 13 43201 0 0 0
30 0 0 0 14 86402 0 0 0

USDMYR
15 17 61 163 55 43201 501 0 6
30 0 0 0 14 86402 0 0 0

USDNGN
15 0 0 0 13 43201 0 0 0
30 0 0 0 14 86402 0 0 0

USDPHP
15 0 0 0 13 43201 0 0 0
30 0 0 0 14 86402 0 0 0

USDPKR
15 0 0 0 13 43201 0 0 0
30 0 0 0 14 86402 0 0 0

USDPLN
15 0 0 0 13 43201 0 0 0
30 0 0 0 14 86402 0 0 0

USDSGD
15 0 0 0 13 43201 0 0 0
30 0 0 0 14 86402 0 0 0

USDTHB
15 0 0 0 13 43201 0 0 0
30 0 0 0 14 86402 0 0 0

USDTRY
15 17 56 152 373 43201 2800 0 5
30 0 0 0 14 86402 0 0 0

USDUAH
15 20 108 75 789 43201 5921 1 5
30 0 0 0 14 86402 0 0 0

USDXAF
15 0 0 0 13 43201 0 0 0
30 0 0 0 14 86402 0 0 0

ZARJPY
15 15 71 78 2 43201 17 1 5
30 0 0 0 14 86402 0 0 0