#Bitcoin
5 21 122 90 22055 14401 0 1 7 45925 55800 20528
15 24 65 201 63021 14402 0 0 5 113750 43650 29141
30 19 124 57 18977 14403 0 1 6 69900 140475 31533

#Ethereum
5 0 0 0 0 14401 0 0 0 0 0 0
15 13 217 140 2277 14402 0 1 7 3922 15570 4129
30 23 58 207 2193 14403 0 2 8 5025 4659 2476

#Litecoin
5 21 40 208 146 14401 0 0 5 234 275 70
15 21 173 175 216 14402 0 1 7 553 680 174
30 19 41 169 90 14403 0 1 6 512 1090 416

#Ripple
5 11 144 124 31 14401 0 1 6 101 181 26
15 10 219 211 59 14402 0 0 6 205 131 30
30 12 207 73 86 14403 0 0 8 241 152 84

Doge
5 15 210 141 88 14401 0 1 5 132 389 167
15 22 158 141 84 14402 0 0 6 320 325 91
30 18 44 70 99 14403 0 0 6 347 289 58

Filecoin
5 0 0 0 0 14401 0 0 0 0 0 0
15 18 85 217 424 14402 0 1 7 1326 1019 393
30 18 45 76 176 14403 0 0 6 640 783 284

Cardano
5 14 33 168 1386 14401 0 1 5 2794 5685 1396
15 14 220 128 1074 14402 0 1 7 3113 3103 1504
30 21 189 97 1433 14403 0 1 7 3178 1426 156

BCHUSD
5 13 44 102 84 14401 0 1 6 929 819 342
15 15 139 193 264 14402 0 0 6 682 1557 609
30 21 38 203 277 14403 0 0 6 399 510 492

Chainlink
5 20 70 103 17390 14401 0 0 5 39864 14102 4167
15 14 148 128 17346 14402 0 0 6 44863 45106 14998
30 17 49 154 51700 14403 0 2 8 141170 61095 29131

Polkadot
5 17 40 71 1704 14401 0 0 5 7495 4061 538
15 11 205 194 4168 14402 0 0 7 17901 5706 2990
30 21 199 107 2645 14403 0 1 7 4726 4688 2256

Solana
5 0 0 0 0 14401 0 0 0 0 0 0
15 22 125 192 237 14402 0 0 8 731 502 92
30 23 213 65 110 14403 0 0 6 194 442 166

Uniswap
5 13 201 90 25 14401 0 1 5 135 432 104
15 16 219 97 122 14402 0 1 7 503 378 219
30 22 50 74 175 14403 0 1 9 426 322 70