USDCHF
15 0 0 0 5 43201 0 0 0
30 19 148 197 10 86402 98 0 6
60 19 208 68 20 172803 212 1 7
240 0 0 0 34 172804 0 0 0
1440 18 80 154 42 432005 709 1 11

GBPUSD
15 22 105 115 12 43201 93 0 5
30 0 0 0 34 86402 0 0 0
60 0 0 0 26 172803 0 0 0
240 21 184 81 30 172804 280 0 6
1440 16 131 113 74 432005 564 1 5

EURUSD
15 0 0 0 14 43201 0 0 0
30 18 197 69 20 86402 153 1 5
60 21 167 56 20 172803 247 1 8
240 24 133 93 21 172804 192 0 6
1440 15 72 194 37 432005 337 0 6

USDJPY
15 0 0 0 10 43201 0 0 0
30 21 157 198 12 86402 131 1 7
60 12 85 82 27 172803 293 0 7
240 13 56 107 13 172804 100 1 5
1440 22 93 79 46 432005 414 0 6

USDCAD
15 0 0 0 5 43201 0 0 0
30 0 0 0 12 86402 0 0 0
60 18 95 152 22 172803 241 1 7
240 15 151 106 44 172804 338 0 5
1440 24 155 72 70 432005 525 0 5

AUDUSD
15 0 0 0 6 43201 0 0 0
30 14 127 144 16 86402 122 1 5
60 15 147 151 21 172803 163 0 5
240 23 96 79 36 172804 445 0 8
1440 17 67 115 31 432005 335 2 7

EURGBP
15 0 0 0 8 43201 0 0 0
30 24 164 71 16 86402 150 1 6
60 18 142 103 22 172803 207 1 6
240 17 114 91 17 172804 156 1 6
1440 15 47 143 30 432005 234 0 5

EURAUD
15 19 109 86 18 43201 142 1 5
30 22 80 185 21 86402 193 1 6
60 23 211 141 36 172803 385 1 7
240 19 108 94 36 172804 278 0 5
1440 22 63 95 64 432005 482 1 5

EURCHF
15 11 66 129 4 43201 55 0 7
30 16 179 115 15 86402 163 0 7
60 13 109 132 11 172803 106 0 6
240 23 48 70 18 172804 137 1 5
1440 15 33 110 43 432005 390 1 6

EURJPY
15 18 190 147 5 43201 41 1 5
30 9 112 112 37 86402 392 0 7
60 0 0 0 33 172803 0 0 0
240 22 159 172 40 172804 366 1 6
1440 23 153 187 42 432005 507 2 8

GBPCHF
15 16 168 75 7 43201 69 0 6
30 22 74 80 12 86402 94 0 5
60 19 155 178 42 172803 322 0 5
240 17 91 69 30 172804 227 0 5
1440 19 133 120 92 432005 697 1 5

CADJPY
15 22 52 146 14 43201 106 1 5
30 23 76 123 18 86402 199 1 7
60 0 0 0 22 172803 0 0 0
240 21 78 98 55 172804 667 0 8
1440 22 165 56 27 432005 246 0 6

GBPJPY
15 0 0 0 10 43201 0 0 0
30 20 30 65 12 86402 118 0 6
60 23 153 60 58 172803 610 0 7
240 16 220 201 52 172804 557 1 7
1440 21 89 163 88 432005 928 1 7

AUDNZD
15 22 208 68 5 43201 40 1 5
30 17 195 188 9 86402 73 1 5
60 0 0 0 35 172803 0 0 0
240 13 112 79 19 172804 149 0 5
1440 14 185 129 44 432005 338 0 5

AUDCAD
15 0 0 0 12 43201 0 0 0
30 17 174 92 10 86402 82 1 5
60 18 125 88 10 172803 100 0 6
240 0 0 0 22 172804 0 0 0
1440 17 174 86 44 432005 397 0 6

AUDCHF
15 0 0 0 7 43201 0 0 0
30 0 0 0 35 86402 0 0 0
60 20 173 100 11 172803 106 0 6
240 18 144 87 28 172804 305 1 7
1440 19 120 85 26 432005 281 0 7

AUDJPY
15 0 0 0 6 43201 0 0 0
30 22 95 160 20 86402 282 0 9
60 14 83 99 19 172803 145 1 5
240 23 216 106 22 172804 242 1 7
1440 23 144 124 58 432005 523 1 6

CHFJPY
15 21 71 168 8 43201 95 0 7
30 23 89 83 24 86402 291 1 8
60 23 73 56 20 172803 190 1 6
240 14 126 147 25 172804 229 0 6
1440 21 114 188 36 432005 279 0 5

EURNZD
15 17 129 104 14 43201 152 1 7
30 18 88 79 30 86402 467 1 10
60 0 0 0 49 172803 0 0 0
240 15 156 158 66 172804 700 0 7
1440 12 87 83 113 432005 854 0 5

EURCAD
15 0 0 0 8 43201 0 0 0
30 19 132 57 17 86402 157 1 6
60 22 47 63 23 172803 214 1 6
240 0 0 0 28 172804 0 0 0
1440 21 52 78 79 432005 714 0 6

CADCHF
15 0 0 0 6 43201 0 0 0
30 22 101 95 14 86402 135 0 6
60 0 0 0 25 172803 0 0 0
240 20 115 84 18 172804 167 1 6
1440 18 68 179 44 432005 401 0 6

NZDJPY
15 16 96 97 13 43201 120 1 6
30 19 132 119 23 86402 280 1 8
60 16 56 80 26 172803 197 1 5
240 13 200 141 24 172804 189 1 5
1440 23 211 112 38 432005 351 1 6

NZDUSD
15 21 74 64 10 43201 90 1 6
30 20 164 60 14 86402 126 0 6
60 22 107 80 15 172803 184 0 8
240 16 92 104 18 172804 201 1 7
1440 13 150 196 46 432005 424 0 6