AUDUSD
15 13 89 84 29 43201 0 2 21 6 8 11 13 188 138
30 45 200 65 38 86402 0 1 10 9 9 16 50 82 198
60 47 88 96 27 172803 0 1 11 16 11 28 42 135 118

EURCHF
15 32 80 89 12 43201 0 2 16 4 4 9 16 210 80
30 19 183 207 26 86402 0 1 16 4 6 15 14 95 141
60 0 0 0 31 172803 0 3 19 6 0 0 14 138 62

EURGBP
15 31 210 216 12 43201 0 0 7 4 1 17 29 137 107
30 15 184 92 18 86402 0 2 12 14 4 13 35 111 216
60 14 79 184 27 172803 0 2 14 8 16 51 33 100 59

EURJPY
15 15 99 180 41 43201 0 1 14 9 7 34 14 95 78
30 27 96 172 51 86402 0 1 21 15 11 26 14 86 69
60 23 176 84 81 172803 0 2 19 17 21 50 12 87 160

EURUSD
15 12 156 58 14 43201 0 1 12 8 11 19 47 113 107
30 24 184 186 45 86402 0 1 11 7 9 21 26 119 122
60 31 124 55 43 172803 0 4 18 11 20 24 18 206 100

GBPUSD
15 19 79 62 37 43201 0 4 20 8 6 18 16 108 132
30 29 155 77 43 86402 0 1 16 14 20 31 17 111 127
60 52 188 84 73 172803 0 2 15 18 16 34 16 82 56

NZDUSD
15 29 98 196 29 43201 0 2 11 4 7 17 22 125 169
30 33 104 72 37 86402 0 1 10 1 12 22 40 78 119
60 28 91 153 38 172803 0 2 12 6 14 37 54 78 170

USDCAD
15 19 81 109 23 43201 0 2 19 6 8 26 17 77 83
30 36 82 179 22 86402 0 0 12 14 16 39 36 103 129
60 21 81 69 53 172803 0 3 20 20 17 36 17 105 143

USDCHF
15 27 128 96 15 43201 0 1 14 10 12 27 48 79 84
30 43 80 108 16 86402 0 1 9 3 6 30 34 168 179
60 12 101 72 28 172803 0 2 15 8 9 42 49 115 212

USDJPY
15 24 92 187 29 43201 0 1 14 5 16 25 19 87 84
30 15 195 165 33 86402 0 1 12 7 11 32 26 137 200
60 16 97 93 35 172803 0 2 15 17 14 45 23 194 77

AUDCAD
15 39 174 162 17 43201 0 0 12 6 14 13 21 102 86
30 43 108 202 23 86402 0 2 12 9 9 19 12 84 212
60 23 110 139 34 172803 0 0 18 12 9 28 30 134 220

AUDCHF
15 13 188 69 27 43201 0 3 20 8 7 12 12 78 200
30 34 100 211 31 86402 0 1 11 12 8 28 49 182 60
60 43 79 130 30 172803 0 1 18 17 7 31 15 133 71

AUDJPY
15 17 181 80 39 43201 0 2 22 9 5 22 14 174 63
30 38 100 189 40 86402 0 1 11 11 16 23 38 191 66
60 22 94 207 37 172803 0 2 17 24 13 40 28 95 119

CADCHF
15 20 155 67 20 43201 0 0 16 4 9 15 15 86 82
30 38 108 82 20 86402 0 0 14 13 12 26 41 111 113
60 14 172 65 27 172803 0 4 23 14 9 32 21 79 207

CADJPY
15 14 101 161 47 43201 0 1 18 10 8 28 12 103 72
30 22 213 103 48 86402 0 1 15 16 11 22 20 95 86
60 19 99 81 39 172803 0 1 13 15 22 30 39 103 99

CHFJPY
15 25 107 62 20 43201 0 2 16 14 16 23 12 102 155
30 46 123 191 45 86402 0 0 13 8 13 26 29 113 172
60 26 112 197 52 172803 0 2 16 13 17 35 19 159 78

NZDCAD
15 18 128 64 14 43201 0 3 17 8 6 11 21 89 143
30 32 189 77 25 86402 0 1 10 6 11 20 18 79 107
60 16 123 81 40 172803 0 3 16 10 11 35 18 216 59

NZDCHF
15 33 168 98 19 43201 0 1 14 6 12 16 13 129 80
30 29 91 95 37 86402 0 1 12 6 7 25 42 84 132
60 32 200 86 42 172803 0 1 16 9 16 21 12 127 58

NZDJPY
15 54 196 65 44 43201 0 0 15 8 5 15 12 81 204
30 22 200 76 45 86402 0 1 16 13 8 27 20 162 66
60 47 163 119 63 172803 0 1 8 13 14 34 32 130 82

EURAUD
15 15 126 85 29 43201 0 2 14 1 13 50 27 104 64
30 12 183 102 66 86402 0 2 14 22 25 54 44 209 58
60 36 151 71 78 172803 0 3 21 24 27 79 14 106 111

GBPCHF
15 18 82 85 30 43201 0 1 17 8 9 21 14 222 150
30 32 192 77 41 86402 0 2 13 9 29 28 23 83 59
60 54 113 98 69 172803 0 2 16 22 18 46 15 215 77

GBPJPY
15 13 167 203 52 43201 0 1 21 14 7 54 16 90 191
30 23 93 199 64 86402 0 2 11 18 20 34 35 202 66
60 27 141 88 149 172803 0 0 9 52 26 77 25 125 109