0.98885, 0.99256, 0.98878, 0.99023
0.99103, 0.99169, 0.98738, 0.98914
0.98889, 0.99226, 0.98128, 0.98398
0.98408, 0.98760, 0.98243, 0.98492
0.98489, 0.98594, 0.97899, 0.98000
0.97954, 0.98265, 0.97824, 0.98098
0.97971, 0.98279, 0.97759, 0.97763
0.97688, 0.98183, 0.97688, 0.97791
0.97791, 0.97860, 0.97494, 0.97537
0.97483, 0.97821, 0.97478, 0.97633
0.97640, 0.98120, 0.97558, 0.97868
0.97841, 0.98075, 0.97724, 0.97763
0.97764, 0.97829, 0.97365, 0.97515
0.97469, 0.98520, 0.97469, 0.98270
0.98286, 0.98574, 0.97736, 0.97930
0.97893, 0.97977, 0.97248, 0.97859
0.97761, 0.97979, 0.97604, 0.97680
0.97663, 0.97736, 0.97378, 0.97558
0.97560, 0.97568, 0.97122, 0.97167
0.97127, 0.97390, 0.97093, 0.97208
0.97184, 0.97385, 0.97072, 0.97227
0.97219, 0.97307, 0.96595, 0.96680
0.96666, 0.96780, 0.96180, 0.96203
0.96192, 0.96586, 0.96066, 0.96505
0.96492, 0.96894, 0.96405, 0.96745
0.96731, 0.97063, 0.96638, 0.96819
0.96874, 0.96894, 0.96494, 0.96812
0.96727, 0.97062, 0.96407, 0.96511
0.96471, 0.96514, 0.95690, 0.95853
0.95829, 0.96262, 0.95537, 0.96172
0.96119, 0.96564, 0.96034, 0.96463
0.96333, 0.96636, 0.96302, 0.96393
0.96368, 0.96424, 0.96018, 0.96193
0.96179, 0.96350, 0.95878, 0.96113
0.96100, 0.96285, 0.95970, 0.96172
0.96128, 0.96888, 0.96128, 0.96710
0.96819, 0.97154, 0.96654, 0.96945
0.96920, 0.97140, 0.96806, 0.97104
0.97056, 0.97346, 0.96868, 0.97036
0.96955, 0.97721, 0.96949, 0.97574
0.97549, 0.98178, 0.97525, 0.97908
0.97983, 0.98384, 0.97970, 0.98033
0.98025, 0.98112, 0.97641, 0.97711
0.97683, 0.98064, 0.97058, 0.97574
0.97515, 0.98284, 0.97146, 0.98033
0.98023, 0.98210, 0.97588, 0.98043
0.97865, 0.98984, 0.97865, 0.98925
0.98923, 0.99249, 0.98631, 0.98741
0.98742, 0.99340, 0.98534, 0.99236
0.99233, 0.99291, 0.98845, 0.98872
0.98885, 0.98959, 0.98155, 0.98187
0.98646, 0.99107, 0.98469, 0.98808
0.98808, 0.99041, 0.98528, 0.98569
0.98569, 0.98809, 0.98182, 0.98389
0.98380, 0.98417, 0.97831, 0.97978
0.97978, 0.98439, 0.97820, 0.98238
0.98073, 0.98238, 0.97887, 0.98001
0.98002, 0.98061, 0.97386, 0.98061
0.98059, 0.98395, 0.97945, 0.98091
0.98093, 0.98374, 0.97871, 0.98276
0.98260, 0.99335, 0.98186, 0.98698
0.98646, 0.98828, 0.98436, 0.98554
0.98523, 0.98621, 0.98236, 0.98320
0.98331, 0.98404, 0.97682, 0.97933
0.97933, 0.98113, 0.97348, 0.97438
0.97438, 0.97895, 0.97098, 0.97270
0.97293, 0.97396, 0.96582, 0.96764
0.96760, 0.97429, 0.96606, 0.97037
0.97037, 0.97361, 0.96922, 0.97012
0.97033, 0.97201, 0.96845, 0.97028
0.97028, 0.97692, 0.96985, 0.97208
0.97233, 0.97927, 0.97231, 0.97858
0.97858, 0.98131, 0.97616, 0.97837
0.97833, 0.97833, 0.96814, 0.97298
0.97298, 0.97639, 0.97247, 0.97460
0.97458, 0.97651, 0.97252, 0.97628
0.97586, 0.97803, 0.97333, 0.97467
0.97491, 0.97609, 0.97244, 0.97475
0.97475, 0.97635, 0.97259, 0.97398
0.97411, 0.97950, 0.97038, 0.97579
0.97569, 0.97816, 0.97097, 0.97474
0.97352, 0.97554, 0.97030, 0.97236
0.97205, 0.97705, 0.97072, 0.97565
0.97565, 0.97870, 0.96974, 0.97249
0.97248, 0.97261, 0.96385, 0.96447
0.96445, 0.96868, 0.96256, 0.96663
0.96552, 0.96746, 0.96260, 0.96556
0.96556, 0.97080, 0.96477, 0.96652
0.96621, 0.96657, 0.96087, 0.96221
0.96220, 0.96316, 0.95849, 0.95888
0.95859, 0.96245, 0.95782, 0.96098
0.96020, 0.96307, 0.96020, 0.96051
0.96051, 0.97010, 0.95988, 0.96861
0.96860, 0.97066, 0.96639, 0.96804
0.96577, 0.96932, 0.96170, 0.96213
0.96225, 0.96264, 0.95250, 0.95808
0.95722, 0.95912, 0.95373, 0.95516
0.95505, 0.95528, 0.94512, 0.94519
0.94519, 0.95245, 0.94176, 0.95121
0.95119, 0.95699, 0.94893, 0.95555
0.95555, 0.95730, 0.95060, 0.95531
0.95451, 0.95768, 0.95337, 0.95693
0.95724, 0.96119, 0.95589, 0.96029
0.96010, 0.96075, 0.95484, 0.95557
0.95453, 0.95557, 0.94736, 0.94823
0.94821, 0.95640, 0.94750, 0.95390
0.95255, 0.95574, 0.95151, 0.95239
0.95301, 0.95321, 0.94810, 0.94846
0.94845, 0.94962, 0.94192, 0.94362
0.94371, 0.94680, 0.94008, 0.94272
0.94269, 0.94458, 0.93621, 0.93763
0.93998, 0.94505, 0.93690, 0.94476
0.94476, 0.94782, 0.94116, 0.94656
0.94656, 0.95024, 0.94340, 0.94827
0.94827, 0.95175, 0.94499, 0.94596
0.94596, 0.94705, 0.93482, 0.93492
0.93412, 0.93979, 0.93412, 0.93611
0.93603, 0.93663, 0.92873, 0.93049
0.93043, 0.93333, 0.92709, 0.93238
0.93236, 0.93906, 0.93130, 0.93438
0.93512, 0.93728, 0.93197, 0.93199
0.93221, 0.93636, 0.93161, 0.93603
0.93601, 0.94032, 0.93321, 0.93687
0.93669, 0.94319, 0.93612, 0.93862
0.93860, 0.94150, 0.93715, 0.94075
0.94075, 0.94224, 0.93810, 0.94096
0.93824, 0.94218, 0.93810, 0.93933
0.93947, 0.94068, 0.93772, 0.93883
0.93879, 0.94906, 0.93812, 0.94512
0.94512, 0.94740, 0.93963, 0.93974
0.93979, 0.94078, 0.93122, 0.93136
0.92791, 0.93054, 0.92264, 0.92582
0.92524, 0.92656, 0.91927, 0.92161
0.92149, 0.92215, 0.91320, 0.91432
0.91432, 0.91529, 0.91046, 0.91472
0.91468, 0.91571, 0.91106, 0.91233
0.91301, 0.91888, 0.91265, 0.91708
0.91708, 0.91994, 0.91573, 0.91954
0.91948, 0.92426, 0.91867, 0.92052
0.92052, 0.92885, 0.91977, 0.92839
0.92839, 0.92936, 0.92550, 0.92643
0.92553, 0.93164, 0.92473, 0.92667
0.92658, 0.92813, 0.92232, 0.92374
0.92360, 0.92681, 0.92303, 0.92576
0.92575, 0.93206, 0.92516, 0.92883
0.92883, 0.93654, 0.92701, 0.93254
0.93113, 0.93386, 0.92743, 0.92781
0.92748, 0.92840, 0.92436, 0.92697
0.92696, 0.92926, 0.91752, 0.92183
0.92171, 0.92877, 0.91969, 0.92507
0.92534, 0.92899, 0.92079, 0.92857
0.92877, 0.93096, 0.92601, 0.92708
0.92712, 0.93449, 0.92656, 0.93119
0.93154, 0.93329, 0.92777, 0.93102
0.93109, 0.94388, 0.93064, 0.94229
0.94207, 0.94801, 0.94178, 0.94294
0.94121, 0.94601, 0.94071, 0.94515
0.94510, 0.95089, 0.94456, 0.95073
0.95074, 0.95552, 0.94767, 0.95405
0.95352, 0.95683, 0.95290, 0.95444
0.95425, 0.95677, 0.95317, 0.95391
0.95286, 0.95413, 0.94934, 0.95027
0.94991, 0.95534, 0.94878, 0.95530
0.95522, 0.95920, 0.95159, 0.95783
0.95671, 0.96483, 0.95671, 0.95870
0.95861, 0.96541, 0.95472, 0.96323
0.96101, 0.96359, 0.96028, 0.96052
0.96048, 0.96230, 0.95598, 0.96054
0.95970, 0.96640, 0.95835, 0.96104
0.96064, 0.96145, 0.95585, 0.95625
0.95637, 0.95870, 0.95247, 0.95657
0.95600, 0.96001, 0.95533, 0.95641
0.95660, 0.96243, 0.95559, 0.96081
0.96001, 0.97158, 0.96001, 0.96989
0.96936, 0.97487, 0.96868, 0.97198
0.97154, 0.97331, 0.96966, 0.97155
0.97644, 0.97746, 0.97014, 0.97104
0.97087, 0.97369, 0.96936, 0.97348
0.97277, 0.97488, 0.96581, 0.97103
0.97004, 0.97200, 0.96588, 0.96799
0.96781, 0.96947, 0.95750, 0.95867
0.95791, 0.96426, 0.95665, 0.96338
0.96273, 0.96706, 0.96228, 0.96442
0.96467, 0.96682, 0.96235, 0.96392
0.96329, 0.96773, 0.96291, 0.96468
0.96444, 0.96503, 0.95723, 0.96024
0.96035, 0.96289, 0.95915, 0.96232
0.96213, 0.96806, 0.96137, 0.96728
0.96628, 0.97026, 0.95703, 0.95767
0.95769, 0.96235, 0.95634, 0.96020
0.95923, 0.96282, 0.95532, 0.95625
0.95694, 0.95978, 0.95591, 0.95935
0.95951, 0.96084, 0.95808, 0.95898
0.95816, 0.96125, 0.95665, 0.95705
0.95701, 0.96273, 0.95596, 0.95946
0.96036, 0.96306, 0.95937, 0.96021
0.95479, 0.95680, 0.94860, 0.94888
0.94798, 0.94942, 0.90658, 0.94468
0.94449, 0.95412, 0.94308, 0.95180
0.95104, 0.95388, 0.94807, 0.95055
0.95021, 0.95050, 0.94543, 0.94753
0.94736, 0.95093, 0.94571, 0.94721
0.94686, 0.95203, 0.94606, 0.95119
0.95032, 0.95702, 0.95032, 0.95697
0.95591, 0.95674, 0.95303, 0.95571
0.95567, 0.95775, 0.95196, 0.95547
0.95473, 0.95574, 0.95011, 0.95028
0.94976, 0.95700, 0.94963, 0.95487
0.95455, 0.95617, 0.94965, 0.94965
0.95027, 0.95218, 0.94885, 0.95162
0.95161, 0.95241, 0.94872, 0.95086
0.95094, 0.95387, 0.94916, 0.95272
0.95252, 0.95527, 0.94560, 0.94681
0.94641, 0.95140, 0.94477, 0.94878
0.94854, 0.95242, 0.94820, 0.95003
0.94996, 0.95124, 0.94731, 0.94965
0.94922, 0.95477, 0.94846, 0.95323
0.95277, 0.95798, 0.95203, 0.95452
0.95406, 0.95534, 0.94836, 0.94897
0.94845, 0.94958, 0.94569, 0.94727
0.94699, 0.95235, 0.94334, 0.94976
0.94885, 0.95109, 0.93858, 0.93888
0.93848, 0.94522, 0.93792, 0.94521
0.94445, 0.94532, 0.93883, 0.94085
0.94023, 0.94396, 0.93842, 0.93918
0.93881, 0.94197, 0.93813, 0.93905
0.93885, 0.94243, 0.93828, 0.93943
0.93960, 0.94689, 0.93939, 0.94455
0.94449, 0.94713, 0.94242, 0.94515
0.94503, 0.94767, 0.94275, 0.94362
0.94366, 0.94837, 0.94148, 0.94670
0.94621, 0.94710, 0.94240, 0.94391
0.94373, 0.94880, 0.93177, 0.93791
0.93779, 0.94236, 0.93531, 0.93531
0.93706, 0.94706, 0.93653, 0.94541
0.94470, 0.94731, 0.94366, 0.94647
0.94576, 0.94750, 0.93750, 0.93937
0.93896, 0.94189, 0.93180, 0.93429
0.93396, 0.94189, 0.93157, 0.94073
0.94359, 0.94430, 0.94058, 0.94361
0.94323, 0.94608, 0.94142, 0.94583
0.94517, 0.94716, 0.93888, 0.94487
0.94515, 0.94783, 0.94291, 0.94391
0.94359, 0.94676, 0.94188, 0.94501
0.94357, 0.94830, 0.94345, 0.94693
0.94671, 0.94905, 0.94502, 0.94532
0.94539, 0.94545, 0.94115, 0.94323
0.94317, 0.94362, 0.93861, 0.94177
0.94190, 0.94727, 0.94109, 0.94468
0.94459, 0.94813, 0.94436, 0.94668
0.94687, 0.94790, 0.94125, 0.94404
0.94422, 0.94811, 0.94130, 0.94747
0.94745, 0.95221, 0.94697, 0.95008
0.95026, 0.95223, 0.94755, 0.95064
0.95050, 0.95481, 0.94929, 0.95314
0.95318, 0.95630, 0.95241, 0.95491
0.95485, 0.95570, 0.94898, 0.95007
0.95007, 0.95280, 0.94854, 0.95000
0.95035, 0.95344, 0.94651, 0.94728
0.94957, 0.95239, 0.94598, 0.94652
0.94553, 0.94883, 0.94151, 0.94297
0.94296, 0.94993, 0.94148, 0.94913
0.94883, 0.95100, 0.94834, 0.95035
0.94977, 0.95498, 0.94914, 0.95048
0.95038, 0.95125, 0.94814, 0.94865
0.94863, 0.95105, 0.94776, 0.94984
0.94906, 0.95550, 0.94798, 0.95509
0.95501, 0.95652, 0.95211, 0.95314
0.95213, 0.95815, 0.95183, 0.95572
0.95560, 0.96018, 0.95431, 0.95867
0.95860, 0.95960, 0.95588, 0.95777
0.95765, 0.96147, 0.95517, 0.95732
0.95653, 0.96056, 0.95519, 0.95647
0.95638, 0.95752, 0.95500, 0.95733
0.95697, 0.95753, 0.95139, 0.95235
0.95231, 0.95405, 0.95019, 0.95302
0.95302, 0.95367, 0.94451, 0.94626
0.94619, 0.94762, 0.94379, 0.94596
0.94583, 0.95010, 0.94468, 0.94713
0.94678, 0.95016, 0.94648, 0.94947
0.94907, 0.95087, 0.94388, 0.94401
0.94402, 0.94590, 0.94184, 0.94251
0.94225, 0.94501, 0.94116, 0.94294
0.94294, 0.94322, 0.94057, 0.94253
0.94245, 0.94304, 0.93708, 0.94099
0.94083, 0.94560, 0.93679, 0.94445
0.94439, 0.94566, 0.94147, 0.94182
0.94176, 0.94293, 0.93925, 0.94153
0.94148, 0.94315, 0.93738, 0.93873
0.93848, 0.93978, 0.93469, 0.93618
0.93617, 0.93733, 0.93415, 0.93493
0.93493, 0.93513, 0.93012, 0.93091
0.93090, 0.93163, 0.92619, 0.92764
0.92764, 0.92980, 0.92299, 0.92453
0.92869, 0.93127, 0.92613, 0.92762
0.92716, 0.92989, 0.92128, 0.92274
0.92273, 0.92485, 0.92001, 0.92451
0.92429, 0.92974, 0.92332, 0.92944
0.92941, 0.93179, 0.92733, 0.93088
0.93105, 0.93233, 0.92915, 0.92972
0.92968, 0.93446, 0.92950, 0.93413
0.93411, 0.93683, 0.93343, 0.93498
0.93498, 0.93666, 0.93166, 0.93303
0.93293, 0.93907, 0.93263, 0.93713
0.93718, 0.93960, 0.93630, 0.93757
0.93755, 0.93944, 0.93530, 0.93645
0.93643, 0.93747, 0.93394, 0.93503
0.93503, 0.93675, 0.93216, 0.93228
0.93228, 0.93255, 0.92831, 0.92853
0.92797, 0.92841, 0.92307, 0.92338
0.92338, 0.92546, 0.92118, 0.92455
0.92454, 0.92495, 0.92214, 0.92449
0.92449, 0.92465, 0.91798, 0.92143
0.92143, 0.92202, 0.91866, 0.92128
0.92085, 0.92296, 0.91781, 0.91910
0.91908, 0.92123, 0.91605, 0.91977
0.91973, 0.92038, 0.91355, 0.91409
0.91405, 0.91476, 0.91136, 0.91324
0.91322, 0.91612, 0.91052, 0.91574
0.91548, 0.91960, 0.91506, 0.91770
0.91763, 0.91900, 0.91627, 0.91646
0.91644, 0.91969, 0.91578, 0.91683
0.91683, 0.91881, 0.91628, 0.91764
0.91760, 0.91989, 0.91536, 0.91883
0.91829, 0.92034, 0.91247, 0.91451
0.91452, 0.91899, 0.91361, 0.91660
0.91655, 0.92047, 0.91512, 0.91807
0.91807, 0.92008, 0.91598, 0.91613
0.91613, 0.91811, 0.91201, 0.91223
0.91242, 0.91424, 0.91088, 0.91317
0.91258, 0.91367, 0.90839, 0.90974
0.90968, 0.91376, 0.90724, 0.91044
0.91037, 0.91366, 0.90857, 0.91141
0.91137, 0.91568, 0.91042, 0.91441
0.91452, 0.91877, 0.91388, 0.91853
0.91818, 0.91914, 0.91540, 0.91746
0.91744, 0.91868, 0.91411, 0.91499
0.91458, 0.92271, 0.91418, 0.92157
0.92157, 0.92424, 0.91898, 0.91968
0.91925, 0.92396, 0.91778, 0.92295
0.92271, 0.92471, 0.91911, 0.92011
0.92010, 0.92046, 0.91611, 0.91695
0.91694, 0.91733, 0.91333, 0.91511
0.91511, 0.91517, 0.90938, 0.90948
0.90899, 0.91055, 0.90754, 0.90828
0.90824, 0.90954, 0.90350, 0.90376
0.90368, 0.90679, 0.90149, 0.90306
0.90304, 0.90675, 0.89814, 0.89848
0.89844, 0.90127, 0.89693, 0.89733
0.89698, 0.89782, 0.89185, 0.89289
0.89085, 0.89843, 0.89085, 0.89696
0.89696, 0.90200, 0.88880, 0.89901
0.89894, 0.90504, 0.89736, 0.89978
0.89975, 0.90328, 0.89553, 0.89573
0.89494, 0.89820, 0.89215, 0.89363
0.89303, 0.90096, 0.89293, 0.89868
0.89868, 0.89971, 0.89471, 0.89869
0.89842, 0.90429, 0.89823, 0.90222
0.90222, 0.90476, 0.89913, 0.89920
0.89936, 0.90220, 0.89778, 0.90114
0.90110, 0.90463, 0.90028, 0.90274
0.90268, 0.90382, 0.90024, 0.90123
0.90118, 0.90171, 0.89776, 0.89865
0.89853, 0.90073, 0.89613, 0.89683
0.89540, 0.90135, 0.89053, 0.89811
0.89811, 0.89845, 0.89306, 0.89687
0.89686, 0.89874, 0.89565, 0.89588
0.89590, 0.89733, 0.89407, 0.89426
0.89413, 0.89699, 0.89108, 0.89643
0.89556, 0.89687, 0.89423, 0.89462
0.89447, 0.90222, 0.89237, 0.90195
0.90185, 0.90511, 0.89855, 0.89883
0.89851, 0.90305, 0.89823, 0.90129
0.90127, 0.90483, 0.90059, 0.90167
0.90070, 0.90464, 0.90067, 0.90384
0.90309, 0.90515, 0.90158, 0.90216
0.90214, 0.90645, 0.90042, 0.90546
0.90545, 0.90896, 0.90497, 0.90676
0.90673, 0.91440, 0.90638, 0.91375
0.90755, 0.91263, 0.90755, 0.90903
0.90905, 0.91034, 0.90526, 0.90934
0.90934, 0.91030, 0.90587, 0.90764
0.90760, 0.90791, 0.90026, 0.90108
0.90104, 0.90322, 0.89651, 0.89738
0.89769, 0.90073, 0.89717, 0.89796
0.89789, 0.90193, 0.89723, 0.90039
0.90031, 0.90173, 0.89500, 0.89560
0.89550, 0.89777, 0.89444, 0.89514
0.89508, 0.89756, 0.89421, 0.89533
0.89505, 0.89613, 0.89219, 0.89369
0.89369, 0.89675, 0.88552, 0.88643
0.88643, 0.89372, 0.88352, 0.89372
0.89336, 0.90001, 0.89281, 0.89884
0.89884, 0.90263, 0.89804, 0.90088
0.90003, 0.90090, 0.89543, 0.89596
0.89589, 0.89859, 0.89505, 0.89638
0.89638, 0.89855, 0.89560, 0.89662
0.89609, 0.90062, 0.89547, 0.89846
0.89796, 0.90371, 0.89594, 0.89633
0.89613, 0.89777, 0.89202, 0.89689
0.89571, 0.89758, 0.89121, 0.89175
0.89127, 0.89280, 0.88805, 0.89215
0.89190, 0.90007, 0.89107, 0.89653
0.89645, 0.90010, 0.89609, 0.89973
0.89940, 0.90211, 0.89797, 0.89884
0.89853, 0.90026, 0.89722, 0.89763
0.89791, 0.89852, 0.89520, 0.89590
0.89556, 0.89641, 0.89096, 0.89103
0.89101, 0.89294, 0.89028, 0.89072
0.89095, 0.89358, 0.89049, 0.89264
0.89263, 0.89928, 0.89238, 0.89796
0.89798, 0.90837, 0.89668, 0.90792
0.90818, 0.91196, 0.90512, 0.90723
0.90721, 0.91097, 0.90654, 0.90831
0.90808, 0.90975, 0.90457, 0.90554
0.90488, 0.90906, 0.90450, 0.90682
0.90685, 0.90909, 0.90594, 0.90767
0.90734, 0.91099, 0.90544, 0.90880
0.90833, 0.90975, 0.90534, 0.90696
0.90659, 0.90762, 0.90496, 0.90636
0.90609, 0.90765, 0.90357, 0.90551
0.90489, 0.90751, 0.90404, 0.90614
0.90605, 0.90650, 0.89754, 0.89911
0.89878, 0.90219, 0.89808, 0.90190
0.90060, 0.90176, 0.89891, 0.89897
0.89858, 0.90599, 0.89667, 0.90599
0.90570, 0.90694, 0.90418, 0.90478
0.90454, 0.90693, 0.90077, 0.90162
0.90119, 0.90278, 0.90023, 0.90208
0.90258, 0.90391, 0.90067, 0.90130
0.90146, 0.90426, 0.90063, 0.90069
0.90039, 0.90163, 0.89921, 0.89964
0.89955, 0.90024, 0.89802, 0.89898
0.89886, 0.90090, 0.89612, 0.89612
0.89806, 0.90769, 0.89782, 0.90723
0.90702, 0.91182, 0.90682, 0.91046
0.90993, 0.91085, 0.90385, 0.90390
0.90351, 0.90414, 0.89795, 0.90048
0.89986, 0.90761, 0.89983, 0.90644
0.90490, 0.90642, 0.90308, 0.90351
0.90345, 0.90457, 0.90037, 0.90127
0.90072, 0.90721, 0.90058, 0.90606
0.90547, 0.91114, 0.90469, 0.91065
0.91231, 0.91356, 0.90393, 0.90514
0.90639, 0.90710, 0.90275, 0.90619
0.90587, 0.90598, 0.90032, 0.90175
0.90122, 0.90209, 0.89814, 0.89866
0.89862, 0.90405, 0.89807, 0.90352
0.90353, 0.90966, 0.90337, 0.90720
0.90589, 0.91128, 0.90586, 0.91001
0.91009, 0.91177, 0.90856, 0.91106
0.91131, 0.91136, 0.90955, 0.91061
0.91039, 0.91411, 0.90989, 0.91356
0.91209, 0.91498, 0.91208, 0.91403
0.91366, 0.91507, 0.91058, 0.91129
0.90909, 0.90946, 0.90638, 0.90773
0.90721, 0.90767, 0.90047, 0.90304
0.90115, 0.90288, 0.89841, 0.89974
0.89930, 0.89987, 0.89180, 0.89298
0.89245, 0.89648, 0.89034, 0.89527
0.89515, 0.89810, 0.89464, 0.89531
0.89529, 0.90247, 0.89478, 0.90061
0.89999, 0.90322, 0.89998, 0.90133
0.90128, 0.90282, 0.89934, 0.90172
0.90097, 0.90191, 0.89911, 0.90073
0.90073, 0.90385, 0.89810, 0.89955
0.89967, 0.90122, 0.89704, 0.89812
0.89707, 0.89967, 0.89543, 0.89694
0.89641, 0.89789, 0.89457, 0.89463
0.89425, 0.89970, 0.89314, 0.89885
0.89896, 0.90492, 0.89784, 0.89893
0.89842, 0.89998, 0.89589, 0.89720
0.89524, 0.89673, 0.88986, 0.89182
0.89191, 0.89199, 0.88905, 0.88964
0.88938, 0.89219, 0.88865, 0.89136
0.89082, 0.89144, 0.88599, 0.88740
0.88704, 0.88806, 0.88411, 0.88488
0.88442, 0.88981, 0.88442, 0.88945
0.88892, 0.89527, 0.88833, 0.89475
0.89474, 0.89955, 0.89338, 0.89594
0.89583, 0.89854, 0.89380, 0.89415
0.89361, 0.89499, 0.88675, 0.88802
0.88632, 0.89157, 0.88625, 0.89031
0.88997, 0.89459, 0.88977, 0.89211
0.89205, 0.89540, 0.89174, 0.89299
0.89276, 0.89312, 0.88914, 0.89145
0.89096, 0.89227, 0.88865, 0.88865
0.89009, 0.89135, 0.88822, 0.88849
0.88821, 0.88879, 0.88526, 0.88666
0.88650, 0.88783, 0.88247, 0.88292
0.88161, 0.88444, 0.87628, 0.87677
0.87692, 0.87766, 0.87355, 0.87620
0.87295, 0.87873, 0.87286, 0.87768
0.87752, 0.87997, 0.87495, 0.87653
0.87651, 0.87756, 0.87158, 0.87254
0.87207, 0.88113, 0.87198, 0.87968
0.87901, 0.88176, 0.86403, 0.87126
0.87024, 0.87651, 0.86871, 0.87167
0.87066, 0.88595, 0.86858, 0.88142
0.88083, 0.88750, 0.88001, 0.88685
0.88661, 0.88923, 0.88302, 0.88729
0.88637, 0.89249, 0.88266, 0.89168
0.89621, 0.90600, 0.86666, 0.90192
0.90220, 0.90316, 0.88823, 0.89026
0.89079, 0.89819, 0.89015, 0.89400
0.89387, 0.89419, 0.86587, 0.87779
0.87514, 0.88106, 0.85154, 0.85273
0.85783, 0.86271, 0.84308, 0.85446
0.85430, 0.85857, 0.84427, 0.85385
0.85398, 0.85590, 0.83192, 0.83829
0.83842, 0.86133, 0.80664, 0.83185
0.83186, 0.85478, 0.82289, 0.83134
0.83304, 0.84639, 0.82382, 0.84407
0.84337, 0.86511, 0.84296, 0.86326
0.86272, 0.86890, 0.84465, 0.84508
0.84509, 0.85453, 0.83656, 0.84843
0.84801, 0.86617, 0.84743, 0.86310
0.86170, 0.87442, 0.85982, 0.87416
0.87262, 0.88061, 0.86116, 0.86258
0.86352, 0.87695, 0.85705, 0.86060
0.86002, 0.86383, 0.85246, 0.85756
0.85638, 0.86085, 0.84697, 0.85132
0.85469, 0.86250, 0.85153, 0.85913
0.85890, 0.86928, 0.85748, 0.86374
0.86233, 0.87661, 0.85937, 0.87375
0.87228, 0.88775, 0.87051, 0.88584
0.88567, 0.88863, 0.88241, 0.88542
0.88369, 0.89121, 0.88298, 0.88666
0.88727, 0.89565, 0.88575, 0.89417
0.89323, 0.89483, 0.88456, 0.89161
0.89060, 0.89283, 0.88513, 0.89135
0.88977, 0.89690, 0.88890, 0.89114
0.89033, 0.89878, 0.89003, 0.89641
0.89565, 0.89673, 0.88975, 0.89257
0.89152, 0.90025, 0.89121, 0.89529
0.89489, 0.90119, 0.89182, 0.89667
0.89583, 0.90231, 0.89342, 0.90149
0.89914, 0.90980, 0.89904, 0.90707
0.90709, 0.91082, 0.90420, 0.90895
0.90835, 0.91220, 0.90737, 0.90978
0.90959, 0.91144, 0.90266, 0.90801
0.90797, 0.90880, 0.90163, 0.90435
0.90213, 0.90621, 0.90080, 0.90563
0.90467, 0.90811, 0.90314, 0.90384
0.90378, 0.91033, 0.90214, 0.90611
0.90456, 0.91243, 0.90388, 0.90806
0.90790, 0.91205, 0.90725, 0.90954
0.90866, 0.91238, 0.90545, 0.90960
0.90944, 0.91367, 0.90437, 0.91088
0.91077, 0.91429, 0.90772, 0.91058
0.90937, 0.91144, 0.90401, 0.90727
0.90664, 0.90867, 0.90233, 0.90533
0.90543, 0.91093, 0.90425, 0.90949
0.90969, 0.91339, 0.90825, 0.91115
0.91079, 0.91844, 0.91018, 0.91748
0.91623, 0.91734, 0.91279, 0.91660
0.91560, 0.91671, 0.91359, 0.91520
0.91381, 0.91594, 0.91271, 0.91506
0.91442, 0.92015, 0.91408, 0.91686
0.91548, 0.91728, 0.90639, 0.91083
0.91056, 0.91750, 0.90787, 0.91374
0.91324, 0.91918, 0.91043, 0.91770
0.91704, 0.92622, 0.91597, 0.92280
0.92334, 0.93258, 0.91924, 0.93247
0.93126, 0.94158, 0.93039, 0.93420
0.93413, 0.94265, 0.93039, 0.93710
0.93695, 0.94447, 0.93399, 0.93517
0.93254, 0.93933, 0.93254, 0.93919
0.93855, 0.94102, 0.92929, 0.93413
0.93345, 0.94096, 0.93073, 0.93825
0.93718, 0.93879, 0.92939, 0.93381
0.93227, 0.93595, 0.92874, 0.93322
0.93052, 0.93921, 0.92699, 0.93899
0.93775, 0.94263, 0.93045, 0.93299
0.93216, 0.93734, 0.92971, 0.93355
0.93330, 0.93481, 0.92902, 0.93168
0.93178, 0.93669, 0.92967, 0.92967
0.92807, 0.93676, 0.92719, 0.93438
0.93332, 0.94141, 0.93041, 0.93891
0.93807, 0.94204, 0.93338, 0.93641
0.93623, 0.94000, 0.93475, 0.93942
0.93860, 0.94011, 0.93665, 0.93912
0.93684, 0.94053, 0.93618, 0.93805
0.93716, 0.94049, 0.93579, 0.93714
0.93638, 0.94161, 0.93473, 0.93936
0.93920, 0.94283, 0.93865, 0.93944
0.93840, 0.94229, 0.93828, 0.94015
0.93944, 0.94595, 0.93843, 0.94417
0.94366, 0.94761, 0.93973, 0.94455
0.94427, 0.94541, 0.94191, 0.94348
0.94292, 0.94624, 0.94174, 0.94570
0.94522, 0.94714, 0.94307, 0.94453
0.94406, 0.94800, 0.94384, 0.94413
0.94406, 0.94987, 0.94300, 0.94962
0.94839, 0.95434, 0.94497, 0.94651
0.94555, 0.94881, 0.94330, 0.94611
0.94545, 0.95101, 0.94491, 0.95012
0.94784, 0.95076, 0.94777, 0.94958
0.94909, 0.96025, 0.94806, 0.95857
0.95851, 0.96400, 0.95671, 0.95799
0.95803, 0.95850, 0.95058, 0.95125
0.95098, 0.95346, 0.94901, 0.95307
0.95102, 0.95797, 0.95102, 0.95478
0.95459, 0.95944, 0.95195, 0.95751
0.95631, 0.95982, 0.95594, 0.95851
0.95776, 0.96608, 0.95552, 0.96536
0.96511, 0.96959, 0.95529, 0.95801
0.95468, 0.95780, 0.95048, 0.95388
0.95296, 0.95690, 0.95215, 0.95414
0.95374, 0.95915, 0.95233, 0.95390
0.95366, 0.96299, 0.95328, 0.96280
0.96196, 0.96389, 0.95666, 0.95826
0.95774, 0.95895, 0.95423, 0.95448
0.95405, 0.95726, 0.94937, 0.94967
0.94929, 0.95136, 0.94679, 0.94893
0.94748, 0.95111, 0.94374, 0.94506
0.94486, 0.95161, 0.94367, 0.95139
0.94833, 0.95394, 0.94830, 0.95293
0.95256, 0.95589, 0.95071, 0.95358
0.95236, 0.95598, 0.94859, 0.95009
0.94910, 0.95008, 0.94474, 0.94819
0.94790, 0.94987, 0.94288, 0.94424
0.94224, 0.94903, 0.94146, 0.94645
0.94544, 0.94978, 0.94544, 0.94741
0.94694, 0.95196, 0.94672, 0.95123
0.94992, 0.95570, 0.94911, 0.95241
0.95167, 0.96448, 0.95162, 0.96445
0.96329, 0.96509, 0.96054, 0.96242
0.96116, 0.96426, 0.95931, 0.96363
0.96221, 0.96371, 0.95498, 0.95698
0.95629, 0.95788, 0.95400, 0.95449
0.95382, 0.95474, 0.94856, 0.95116
0.95021, 0.95481, 0.94994, 0.95278
0.95230, 0.95695, 0.95193, 0.95468
0.95394, 0.96033, 0.95283, 0.95739
0.95619, 0.96148, 0.95568, 0.95758
0.95615, 0.96189, 0.95560, 0.95981
0.95839, 0.96205, 0.95725, 0.96035
0.95980, 0.96542, 0.95809, 0.96268
0.96281, 0.96668, 0.95938, 0.96263
0.96205, 0.96509, 0.95972, 0.96210
0.96105, 0.96473, 0.95996, 0.96213
0.96284, 0.96539, 0.95747, 0.96076
0.96007, 0.96216, 0.95311, 0.95344
0.95244, 0.95466, 0.94580, 0.94632
0.94597, 0.94716, 0.94061, 0.94104
0.93995, 0.94551, 0.93900, 0.94103
0.94028, 0.94619, 0.94002, 0.94550
0.94540, 0.95530, 0.94474, 0.95463
0.95413, 0.95818, 0.95211, 0.95414
0.95235, 0.95755, 0.95233, 0.95430
0.95393, 0.95463, 0.94959, 0.95297
0.95249, 0.95489, 0.95142, 0.95207
0.95119, 0.95466, 0.94525, 0.94533
0.94472, 0.94955, 0.94429, 0.94627
0.94608, 0.94914, 0.94472, 0.94564
0.94527, 0.95023, 0.94393, 0.94936
0.94821, 0.94950, 0.94455, 0.94521
0.94450, 0.94547, 0.93938, 0.94049
0.94012, 0.94399, 0.93966, 0.94170
0.94135, 0.94213, 0.93254, 0.93795
0.93778, 0.93805, 0.93325, 0.93364
0.93348, 0.93730, 0.93083, 0.93210
0.93149, 0.93250, 0.92490, 0.92526
0.92494, 0.93647, 0.92465, 0.93534
0.93494, 0.93571, 0.93264, 0.93464
0.93443, 0.93892, 0.93350, 0.93662
0.93681, 0.94141, 0.93559, 0.93979
0.93993, 0.94114, 0.93772, 0.93904
0.93937, 0.94328, 0.93690, 0.93858
0.93835, 0.94054, 0.93554, 0.93640
0.93613, 0.93972, 0.93539, 0.93633
0.93505, 0.93713, 0.93245, 0.93296
0.93194, 0.94247, 0.92984, 0.94139
0.93965, 0.94569, 0.93541, 0.94317
0.94193, 0.95104, 0.94009, 0.95085
0.94941, 0.95145, 0.94595, 0.94827
0.94928, 0.95143, 0.94339, 0.94681
0.94611, 0.94967, 0.94465, 0.94965
0.94795, 0.95296, 0.94791, 0.95080
0.94945, 0.95411, 0.94894, 0.95034
0.94946, 0.95616, 0.94933, 0.95437
0.95403, 0.95852, 0.95328, 0.95697
0.95686, 0.95910, 0.95462, 0.95651
0.95576, 0.95771, 0.95377, 0.95577
0.95531, 0.95570, 0.94985, 0.95179
0.95158, 0.95744, 0.94987, 0.95589
0.95525, 0.95747, 0.95212, 0.95347
0.95281, 0.95954, 0.95242, 0.95677
0.95621, 0.95810, 0.95394, 0.95768
0.95649, 0.95943, 0.95622, 0.95763
0.95735, 0.96038, 0.95697, 0.95831
0.95977, 0.96169, 0.95240, 0.95496
0.95436, 0.95613, 0.95169, 0.95377
0.95311, 0.95826, 0.95146, 0.95809
0.95757, 0.96049, 0.95610, 0.95724
0.95604, 0.95741, 0.94891, 0.94929
0.94921, 0.95389, 0.94562, 0.94977
0.94899, 0.95107, 0.94721, 0.94987
0.94891, 0.95653, 0.94891, 0.95377
0.95365, 0.96074, 0.95133, 0.96043
0.95934, 0.96345, 0.95838, 0.96151
0.96250, 0.96513, 0.96026, 0.96151
0.96089, 0.96236, 0.95859, 0.95955
0.95935, 0.96570, 0.95863, 0.96511
0.96474, 0.97118, 0.96433, 0.97036
0.96971, 0.97505, 0.96704, 0.97427
0.97030, 0.97523, 0.96581, 0.97495
0.97363, 0.97484, 0.97005, 0.97135
0.97006, 0.97572, 0.97006, 0.97327
0.97214, 0.97657, 0.97192, 0.97463
0.97704, 0.97845, 0.97272, 0.97372
0.97306, 0.97590, 0.97277, 0.97521
0.97497, 0.98125, 0.97336, 0.97969
0.97973, 0.98577, 0.97877, 0.98253
0.97967, 0.98166, 0.97731, 0.97982
0.97895, 0.98584, 0.97849, 0.98313
0.98231, 0.98982, 0.98144, 0.98952
0.98895, 0.98995, 0.98295, 0.98539
0.98520, 0.98853, 0.98280, 0.98535
0.98434, 0.98584, 0.98116, 0.98387
0.98341, 0.98882, 0.98223, 0.98824
0.98801, 0.98868, 0.98184, 0.98239
0.98122, 0.98536, 0.98075, 0.98335
0.98289, 0.98413, 0.97948, 0.98092
0.98128, 0.98330, 0.97851, 0.97895
0.97950, 0.98322, 0.97760, 0.98002
0.97896, 0.98268, 0.97725, 0.97841
0.97801, 0.98196, 0.97793, 0.98118
0.98027, 0.98279, 0.97845, 0.98183
0.98058, 0.98322, 0.97980, 0.98267
0.98263, 0.98501, 0.98002, 0.98331
0.98304, 0.98473, 0.97966, 0.98095
0.97992, 0.98498, 0.97551, 0.98484
0.98454, 0.98527, 0.97509, 0.97605
0.97448, 0.98145, 0.97437, 0.97972
0.97883, 0.98234, 0.97133, 0.97279
0.97221, 0.97547, 0.97143, 0.97443
0.97332, 0.97724, 0.97324, 0.97451
0.97378, 0.97977, 0.97267, 0.97955
0.97767, 0.98378, 0.97766, 0.98103
0.98046, 0.98484, 0.98046, 0.98233
0.98242, 0.98368, 0.97994, 0.98033
0.97989, 0.98498, 0.97984, 0.98498
0.98494, 0.98583, 0.98364, 0.98465
0.98422, 0.98615, 0.98235, 0.98341
0.98255, 0.98609, 0.98255, 0.98423
0.98407, 0.98633, 0.98207, 0.98433
0.98390, 0.98716, 0.98375, 0.98488
0.98441, 0.99317, 0.98375, 0.99259
0.99231, 0.99890, 0.99213, 0.99858
0.99731, 0.99873, 0.99527, 0.99592
0.99518, 0.99886, 0.99374, 0.99713
0.99630, 0.99925, 0.99048, 0.99264
0.99183, 0.99316, 0.97879, 0.98169
0.98088, 0.98618, 0.98008, 0.98247
0.98224, 0.98872, 0.98111, 0.98844
0.98743, 0.98974, 0.98300, 0.98387
0.98349, 0.98734, 0.97768, 0.97780
0.97737, 0.97848, 0.97013, 0.97192
0.97245, 0.97516, 0.96786, 0.96818
0.96746, 0.97601, 0.96650, 0.97587
0.97366, 0.97783, 0.97229, 0.97618
0.97531, 0.97962, 0.97460, 0.97601
0.97532, 0.97705, 0.96698, 0.96765
0.96754, 0.96837, 0.96362, 0.96749
0.96708, 0.96767, 0.96236, 0.96303
0.96333, 0.96911, 0.96086, 0.96702
0.96724, 0.97184, 0.96602, 0.96872
0.96878, 0.97027, 0.96582, 0.96860
0.96578, 0.97123, 0.96444, 0.96961
0.96964, 0.96975, 0.95838, 0.96025
0.95955, 0.96025, 0.95314, 0.95390
0.95357, 0.95763, 0.95339, 0.95559
0.95553, 0.96061, 0.95546, 0.96036
0.96017, 0.96363, 0.95860, 0.96102
0.96034, 0.96422, 0.95851, 0.95900
0.95824, 0.96064, 0.95372, 0.95385
0.95389, 0.95640, 0.94895, 0.95595
0.95538, 0.95831, 0.95410, 0.95616
0.95556, 0.95942, 0.95548, 0.95804
0.95701, 0.96397, 0.95490, 0.96315
0.96234, 0.96492, 0.95959, 0.95969
0.95903, 0.96291, 0.95852, 0.96143
0.96016, 0.96198, 0.95458, 0.95466
0.95488, 0.95778, 0.95326, 0.95765
0.95689, 0.95963, 0.95563, 0.95805
0.95775, 0.96845, 0.95712, 0.96686
0.96600, 0.97286, 0.96503, 0.97241
0.97202, 0.97283, 0.96600, 0.96706
0.96634, 0.97265, 0.96520, 0.97192
0.97172, 0.97551, 0.97084, 0.97431
0.97357, 0.97579, 0.96589, 0.96845
0.96889, 0.96998, 0.96193, 0.96342
0.96333, 0.96814, 0.96221, 0.96667
0.96534, 0.97076, 0.96524, 0.96665
0.96633, 0.96691, 0.96270, 0.96331
0.96326, 0.96376, 0.95745, 0.95954
0.95908, 0.96061, 0.95328, 0.95345
0.95326, 0.95535, 0.94549, 0.94798
0.94810, 0.95321, 0.94718, 0.95309
0.95243, 0.95299, 0.94628, 0.94867
0.94803, 0.95111, 0.94792, 0.95000
0.95019, 0.95108, 0.94521, 0.94571
0.94518, 0.95407, 0.94493, 0.95120
0.95134, 0.95559, 0.94707, 0.94727
0.94754, 0.95010, 0.94660, 0.94855
0.94904, 0.94905, 0.93568, 0.93733
0.93687, 0.94114, 0.93374, 0.93971
0.93928, 0.94307, 0.93738, 0.94206
0.94191, 0.94277, 0.93631, 0.93753
0.93605, 0.94090, 0.93605, 0.93959
0.93968, 0.94056, 0.93343, 0.93723
0.93660, 0.93972, 0.93592, 0.93720
0.93711, 0.93781, 0.93141, 0.93249
0.93259, 0.93575, 0.93084, 0.93377
0.93372, 0.93622, 0.93309, 0.93520
0.93463, 0.94088, 0.93409, 0.93852
0.93744, 0.93911, 0.93284, 0.93409
0.93360, 0.93602, 0.92968, 0.93081
0.93045, 0.93548, 0.93012, 0.93234
0.93223, 0.93673, 0.93037, 0.93578
0.93529, 0.93728, 0.93155, 0.93284
0.93260, 0.93308, 0.92604, 0.92742
0.92631, 0.93641, 0.92631, 0.93471
0.93336, 0.93859, 0.93253, 0.93704
0.93705, 0.93776, 0.93464, 0.93729
0.93634, 0.93779, 0.93392, 0.93640
0.93577, 0.93830, 0.93521, 0.93759
0.93738, 0.93925, 0.93403, 0.93700
0.93631, 0.93893, 0.93546, 0.93668
0.93586, 0.93827, 0.93445, 0.93642
0.93582, 0.93955, 0.93012, 0.93456
0.93375, 0.93813, 0.93128, 0.93294
0.93222, 0.93407, 0.92872, 0.93241
0.93285, 0.93596, 0.93099, 0.93249
0.93081, 0.93288, 0.92823, 0.92962
0.92912, 0.93266, 0.92819, 0.93218
0.93179, 0.93505, 0.93069, 0.93411
0.93395, 0.93590, 0.93273, 0.93374
0.93164, 0.93460, 0.93116, 0.93357
0.93273, 0.93382, 0.92897, 0.93135
0.93081, 0.93269, 0.92746, 0.92948
0.92941, 0.92983, 0.92604, 0.92904
0.92823, 0.92912, 0.92463, 0.92767
0.92605, 0.93075, 0.92602, 0.92890
0.92842, 0.93760, 0.92826, 0.93363
0.93326, 0.93659, 0.93287, 0.93396
0.93418, 0.93509, 0.92982, 0.93090
0.93037, 0.93520, 0.92958, 0.93248
0.93185, 0.93375, 0.93079, 0.93131
0.93123, 0.93540, 0.93010, 0.93160
0.93140, 0.93616, 0.92950, 0.93611
0.93569, 0.93747, 0.93241, 0.93455
0.93428, 0.93584, 0.93205, 0.93306
0.93262, 0.94182, 0.93140, 0.93609
0.93557, 0.93670, 0.92902, 0.92915
0.92916, 0.93051, 0.92161, 0.92415
0.92365, 0.92829, 0.92229, 0.92725
0.92689, 0.92863, 0.92372, 0.92506
0.92520, 0.92653, 0.92258, 0.92581
0.92565, 0.92771, 0.92371, 0.92730
0.92716, 0.92780, 0.92145, 0.92327
0.92297, 0.92381, 0.91973, 0.92015
0.91977, 0.92135, 0.91450, 0.91562
0.91529, 0.92136, 0.91434, 0.92052
0.92032, 0.92772, 0.91993, 0.92667
0.92660, 0.93103, 0.92434, 0.92572
0.92558, 0.92734, 0.92396, 0.92505
0.92481, 0.92568, 0.92292, 0.92320
0.92228, 0.92443, 0.92078, 0.92182
0.92189, 0.92365, 0.91954, 0.91991
0.91985, 0.92304, 0.91801, 0.92203
0.92187, 0.92241, 0.91746, 0.91865
0.91851, 0.92324, 0.91801, 0.92216
0.92175, 0.92285, 0.91933, 0.92231
0.92213, 0.92268, 0.91518, 0.91565
0.91553, 0.91673, 0.91319, 0.91600
0.91579, 0.91731, 0.91186, 0.91700
0.91685, 0.92056, 0.91534, 0.91546
0.91340, 0.91611, 0.91204, 0.91226
0.91207, 0.91625, 0.91125, 0.91354
0.91351, 0.91760, 0.91195, 0.91589
0.91583, 0.91843, 0.91461, 0.91773
0.91773, 0.92303, 0.91716, 0.92198
0.92118, 0.92301, 0.91812, 0.91960
0.91946, 0.92411, 0.91869, 0.92261
0.92253, 0.93033, 0.92165, 0.92953
0.92929, 0.93351, 0.92837, 0.92890
0.92887, 0.93472, 0.92810, 0.93316
0.93235, 0.93368, 0.93078, 0.93175
0.93171, 0.93509, 0.92964, 0.93415
0.93401, 0.93736, 0.93210, 0.93476
0.93460, 0.93759, 0.93153, 0.93285
0.93274, 0.93435, 0.93021, 0.93279
0.93233, 0.93450, 0.93050, 0.93181
0.93172, 0.93210, 0.92709, 0.92906
0.92899, 0.92962, 0.92532, 0.92576
0.92572, 0.92725, 0.92295, 0.92491
0.92474, 0.92772, 0.92351, 0.92751
0.92613, 0.93152, 0.92415, 0.92951
0.92949, 0.93010, 0.92524, 0.92649
0.92627, 0.92943, 0.92309, 0.92465
0.92453, 0.92535, 0.91994, 0.92325
0.92312, 0.92502, 0.91771, 0.91877
0.91630, 0.92132, 0.91627, 0.92000
0.91985, 0.92108, 0.91577, 0.91818
0.91809, 0.92046, 0.91411, 0.91517
0.91513, 0.92020, 0.91414, 0.91608
0.91612, 0.92093, 0.91547, 0.91779
0.91815, 0.91989, 0.91504, 0.91744
0.91733, 0.91803, 0.91461, 0.91674
0.91667, 0.91730, 0.91334, 0.91561
0.91553, 0.91912, 0.91466, 0.91739
0.91736, 0.91848, 0.91041, 0.91157
0.91089, 0.91834, 0.91029, 0.91680
0.91669, 0.91999, 0.91493, 0.91623
0.91595, 0.91836, 0.91303, 0.91812
0.91801, 0.91903, 0.91623, 0.91719
0.91702, 0.91926, 0.91538, 0.91717
0.91612, 0.91918, 0.91474, 0.91736
0.91717, 0.92479, 0.91632, 0.92399
0.92387, 0.92677, 0.92266, 0.92556
0.92545, 0.92776, 0.92208, 0.92326
0.92319, 0.92621, 0.92207, 0.92348
0.92296, 0.92873, 0.92256, 0.92752
0.92724, 0.93035, 0.92645, 0.92927
0.92912, 0.93366, 0.92489, 0.92928
0.92907, 0.93248, 0.92578, 0.93109
0.93101, 0.93278, 0.92938, 0.93120
0.92966, 0.93142, 0.92809, 0.92991
0.92988, 0.93210, 0.92026, 0.92136
0.92133, 0.92494, 0.92043, 0.92271
0.92267, 0.92471, 0.91941, 0.92148
0.92153, 0.92270, 0.91775, 0.92156
0.92055, 0.92492, 0.92017, 0.92349
0.92344, 0.92405, 0.91703, 0.91765
0.91764, 0.91803, 0.91367, 0.91541
0.91520, 0.91963, 0.91247, 0.91695
0.91682, 0.92096, 0.91636, 0.91957
0.91813, 0.92297, 0.91813, 0.91896
0.91895, 0.92077, 0.91632, 0.91705
0.91676, 0.91756, 0.91368, 0.91584
0.91587, 0.91895, 0.91511, 0.91660
0.91654, 0.91765, 0.91380, 0.91431
0.91416, 0.91956, 0.91372, 0.91734
0.91728, 0.92033, 0.91462, 0.91542
0.91536, 0.91605, 0.91010, 0.91096
0.91087, 0.91196, 0.90829, 0.90892
0.90891, 0.91338, 0.90679, 0.91109
0.90889, 0.91197, 0.90727, 0.90968
0.90971, 0.91519, 0.90632, 0.91100
0.91084, 0.91313, 0.90916, 0.91077
0.91067, 0.91253, 0.90788, 0.90800
0.90790, 0.90884, 0.89711, 0.89889
0.89689, 0.90179, 0.89689, 0.89940
0.89871, 0.90281, 0.89809, 0.89957
0.89927, 0.90856, 0.89912, 0.90701
0.90699, 0.90948, 0.90523, 0.90838
0.90808, 0.91269, 0.90670, 0.91229
0.91186, 0.91405, 0.90884, 0.91373
0.91272, 0.91505, 0.90927, 0.91381
0.91309, 0.92129, 0.91244, 0.92040
0.92027, 0.92310, 0.91691, 0.91752
0.91748, 0.91960, 0.91548, 0.91875
0.91841, 0.92235, 0.91566, 0.92017
0.92007, 0.92473, 0.91851, 0.92349
0.92343, 0.92826, 0.91984, 0.92588
0.92583, 0.92864, 0.92363, 0.92753
0.92696, 0.92868, 0.92475, 0.92495
0.92512, 0.92727, 0.92425, 0.92555
0.92550, 0.92850, 0.92395, 0.92627
0.92604, 0.93017, 0.92486, 0.92726
0.92712, 0.93022, 0.92300, 0.92339
0.92339, 0.92550, 0.91664, 0.92015
0.91775, 0.92031, 0.91600, 0.91630
0.91619, 0.92039, 0.91571, 0.91964
0.91944, 0.92383, 0.91785, 0.92140
0.92122, 0.92138, 0.91099, 0.91145
0.91140, 0.91213, 0.90681, 0.90772
0.90651, 0.91007, 0.90633, 0.90916
0.90901, 0.91013, 0.90551, 0.90633
0.90634, 0.91163, 0.90363, 0.91077
0.91066, 0.91274, 0.90976, 0.91118
0.91098, 0.91103, 0.90431, 0.90507
0.90498, 0.90537, 0.90193, 0.90229
0.90222, 0.90281, 0.89791, 0.89902
0.89893, 0.90431, 0.89752, 0.90239
0.90226, 0.90713, 0.90124, 0.90317
0.90314, 0.90366, 0.89985, 0.90283
0.90191, 0.90336, 0.89779, 0.90277
0.90251, 0.90561, 0.90063, 0.90299
0.90276, 0.90519, 0.89932, 0.90096
0.90086, 0.90158, 0.89463, 0.89609
0.89595, 0.89671, 0.89062, 0.89275
0.89207, 0.90245, 0.89202, 0.89776
0.89765, 0.90432, 0.89446, 0.90400
0.90392, 0.90728, 0.90324, 0.90417
0.90404, 0.90772, 0.90235, 0.90494
0.90486, 0.90616, 0.89989, 0.90298
0.90184, 0.90471, 0.90082, 0.90219
0.90225, 0.90795, 0.90111, 0.90767
0.90763, 0.91251, 0.90731, 0.90975
0.90966, 0.91644, 0.90831, 0.91175
0.91154, 0.91184, 0.90596, 0.90840
0.90745, 0.90986, 0.90557, 0.90691
0.90679, 0.91142, 0.90534, 0.90941
0.90932, 0.91371, 0.90741, 0.91299
0.91283, 0.91625, 0.90992, 0.91337
0.91320, 0.91618, 0.91231, 0.91533
0.91438, 0.91949, 0.91404, 0.91665
0.91657, 0.92197, 0.91538, 0.92162
0.92162, 0.92395, 0.92052, 0.92085
0.92073, 0.92111, 0.91346, 0.91792
0.91779, 0.92386, 0.91471, 0.91820
0.91603, 0.92201, 0.91388, 0.92049
0.92035, 0.92480, 0.91900, 0.92408
0.92387, 0.92607, 0.92012, 0.92165
0.92158, 0.92936, 0.92009, 0.92898
0.92886, 0.93979, 0.92750, 0.93878
0.93764, 0.94609, 0.93456, 0.93737
0.93738, 0.94031, 0.93259, 0.93710
0.93684, 0.94142, 0.93553, 0.93740
0.93725, 0.94141, 0.93478, 0.93965
0.93935, 0.93977, 0.92768, 0.92965
0.92781, 0.92931, 0.92097, 0.92162
0.92138, 0.92642, 0.91755, 0.91842
0.91832, 0.92645, 0.91702, 0.92387
0.92373, 0.93456, 0.92350, 0.93089
0.93067, 0.93612, 0.92945, 0.93421
0.93359, 0.93506, 0.92997, 0.93097
0.93093, 0.93940, 0.92896, 0.93824
0.93821, 0.94315, 0.93716, 0.94158
0.94166, 0.94260, 0.93855, 0.94050
0.94056, 0.94389, 0.93638, 0.93723
0.93659, 0.94140, 0.93643, 0.93796
0.93780, 0.93977, 0.93387, 0.93870
0.93843, 0.94063, 0.93426, 0.93739
0.93726, 0.94046, 0.93385, 0.93565
0.93546, 0.94058, 0.93400, 0.93798
0.93635, 0.94348, 0.93615, 0.94196
0.94182, 0.95147, 0.94098, 0.94616
0.94594, 0.94888, 0.93944, 0.94206
0.94186, 0.94385, 0.93816, 0.94153
0.94150, 0.94217, 0.93641, 0.93776
0.93646, 0.93836, 0.93579, 0.93718
0.93698, 0.94447, 0.93600, 0.94212
0.94213, 0.94316, 0.93446, 0.93621
0.93614, 0.93763, 0.93242, 0.93466
0.93456, 0.93540, 0.93158, 0.93193
0.93155, 0.93337, 0.92681, 0.92685
0.92664, 0.93170, 0.92589, 0.93054
0.93046, 0.93479, 0.92856, 0.93101
0.93083, 0.93123, 0.92337, 0.92734
0.92726, 0.92773, 0.91988, 0.92082
0.92169, 0.92169, 0.91078, 0.91450
0.91438, 0.92028, 0.91292, 0.91324
0.91324, 0.91885, 0.91253, 0.91342
0.91327, 0.91657, 0.90703, 0.90901
0.90868, 0.91413, 0.90692, 0.90746
0.90667, 0.91121, 0.90477, 0.90808
0.90785, 0.91737, 0.90686, 0.91063
0.91057, 0.92538, 0.90996, 0.92400
0.92400, 0.92456, 0.90933, 0.91306
0.91281, 0.91531, 0.90827, 0.91235
0.91148, 0.91231, 0.90298, 0.90418
0.90423, 0.90744, 0.90072, 0.90390
0.90374, 0.91155, 0.90072, 0.90164
0.90140, 0.90229, 0.89208, 0.89419
0.89412, 0.89745, 0.89313, 0.89574
0.89424, 0.89748, 0.89176, 0.89525
0.89513, 0.90263, 0.89462, 0.90025
0.90013, 0.90176, 0.89557, 0.89598
0.89601, 0.90519, 0.89456, 0.90348
0.90347, 0.90444, 0.89855, 0.90409
0.90459, 0.91085, 0.90356, 0.90776
0.90763, 0.91110, 0.90410, 0.91110
0.91114, 0.91257, 0.90558, 0.90827
0.90821, 0.91022, 0.90383, 0.90637
0.90619, 0.91292, 0.90561, 0.91046
0.91051, 0.91297, 0.90907, 0.91054
0.91045, 0.91164, 0.90490, 0.90792
0.90765, 0.91207, 0.90607, 0.90853
0.90838, 0.91389, 0.90576, 0.91323
0.91315, 0.91457, 0.90667, 0.90766
0.90781, 0.90813, 0.90395, 0.90497
0.90486, 0.91065, 0.90205, 0.90637
0.90620, 0.90630, 0.90088, 0.90291
0.90277, 0.90367, 0.89831, 0.90112
0.90109, 0.90869, 0.89962, 0.90004
0.89885, 0.90088, 0.89080, 0.89305
0.89289, 0.89721, 0.88823, 0.89020
0.89003, 0.90549, 0.88906, 0.90261
0.90252, 0.91303, 0.89954, 0.91229
0.91227, 0.91274, 0.90169, 0.90341
0.90015, 0.90872, 0.89962, 0.90223
0.90216, 0.90538, 0.89872, 0.90043
0.90034, 0.90066, 0.89374, 0.89655
0.89647, 0.89691, 0.89190, 0.89566
0.89536, 0.89793, 0.89300, 0.89495
0.89471, 0.89661, 0.89009, 0.89112
0.89113, 0.89360, 0.88894, 0.88902
0.88893, 0.89014, 0.88431, 0.88690
0.88677, 0.89161, 0.88445, 0.88874
0.88860, 0.88860, 0.87447, 0.87795
0.87616, 0.88448, 0.87614, 0.88256
0.88248, 0.88607, 0.87629, 0.88597
0.88577, 0.88846, 0.88337, 0.88388
0.88375, 0.88968, 0.88246, 0.88716
0.88696, 0.89007, 0.88480, 0.88644
0.88582, 0.88733, 0.87476, 0.87573
0.87564, 0.88085, 0.87450, 0.88009
0.87995, 0.88359, 0.87317, 0.87678
0.87670, 0.88563, 0.87502, 0.88486
0.88470, 0.88610, 0.88171, 0.88469
0.88398, 0.88741, 0.88241, 0.88434
0.88417, 0.89326, 0.88327, 0.88782
0.88765, 0.89077, 0.88620, 0.88734
0.88719, 0.89234, 0.88585, 0.89217
0.89201, 0.89504, 0.88859, 0.89415
0.89458, 0.89543, 0.88982, 0.89358
0.89343, 0.89632, 0.89155, 0.89367
0.89365, 0.89819, 0.88993, 0.89667
0.89668, 0.89754, 0.89286, 0.89531
0.89502, 0.89934, 0.88782, 0.89480
0.89305, 0.90276, 0.89202, 0.90192
0.90176, 0.90291, 0.88952, 0.89096
0.89081, 0.89282, 0.88763, 0.89221
0.89218, 0.89700, 0.89144, 0.89622
0.89606, 0.89745, 0.89138, 0.89386
0.89202, 0.90035, 0.89202, 0.89762
0.89741, 0.89900, 0.89591, 0.89709
0.89707, 0.90746, 0.89527, 0.90418
0.90405, 0.90944, 0.90313, 0.90681
0.90673, 0.91055, 0.90509, 0.90959
0.90812, 0.91020, 0.90535, 0.90608
0.90603, 0.90750, 0.90135, 0.90230
0.90210, 0.90222, 0.89304, 0.89543
0.89533, 0.89801, 0.89301, 0.89501
0.89476, 0.89706, 0.89203, 0.89291
0.89197, 0.89888, 0.89103, 0.89773
0.89757, 0.90085, 0.89432, 0.89745
0.89741, 0.89811, 0.89484, 0.89593
0.89569, 0.90277, 0.89477, 0.90194
0.90190, 0.90495, 0.89740, 0.89855
0.89619, 0.89983, 0.89411, 0.89780
0.89753, 0.90252, 0.89498, 0.89709
0.89702, 0.90193, 0.89643, 0.89875
0.89853, 0.90144, 0.89157, 0.89296
0.89292, 0.89861, 0.89209, 0.89333
0.88955, 0.89400, 0.88928, 0.89335
0.89324, 0.89509, 0.88488, 0.88561
0.88559, 0.88828, 0.88306, 0.88785
0.88784, 0.88810, 0.88157, 0.88355
0.88352, 0.89337, 0.88284, 0.89128
0.89116, 0.89482, 0.88906, 0.89400
0.89407, 0.89616, 0.88568, 0.88670
0.88654, 0.88891, 0.88456, 0.88828
0.88821, 0.89058, 0.88517, 0.88617
0.88604, 0.89198, 0.88564, 0.89106
0.89018, 0.89266, 0.88869, 0.89105
0.89108, 0.89461, 0.88954, 0.89396
0.89387, 0.89584, 0.88947, 0.89293
0.89279, 0.89668, 0.89006, 0.89585
0.89579, 0.89636, 0.88588, 0.88743
0.88601, 0.89047, 0.88248, 0.88679
0.88665, 0.88897, 0.88129, 0.88302
0.88294, 0.88924, 0.87806, 0.88726
0.88718, 0.88976, 0.88443, 0.88919
0.88904, 0.89101, 0.88266, 0.88498
0.88336, 0.88952, 0.88336, 0.88772
0.88764, 0.88857, 0.87493, 0.87828
0.87821, 0.88561, 0.87595, 0.88361
0.88350, 0.88762, 0.87759, 0.88106
0.88087, 0.88276, 0.87289, 0.87382
0.87345, 0.87507, 0.86282, 0.86768
0.86768, 0.87045, 0.86471, 0.86524
0.86512, 0.86770, 0.86155, 0.86706
0.86707, 0.86881, 0.86015, 0.86588
0.86579, 0.86996, 0.86052, 0.86075
0.86063, 0.86562, 0.86056, 0.86288
0.86279, 0.86843, 0.86191, 0.86667
0.86648, 0.86876, 0.86195, 0.86287
0.86259, 0.86935, 0.85978, 0.86476
0.86440, 0.87166, 0.85988, 0.87033
0.87176, 0.87227, 0.86191, 0.86497
0.86495, 0.87229, 0.86319, 0.86996
0.86912, 0.88325, 0.86598, 0.88046
0.88052, 0.88303, 0.87471, 0.87562
0.87542, 0.87638, 0.87062, 0.87232
0.87080, 0.87473, 0.86994, 0.87084
0.87085, 0.87547, 0.86955, 0.87137
0.87132, 0.87952, 0.86932, 0.87041
0.87048, 0.87194, 0.86275, 0.86433
0.86421, 0.87347, 0.86348, 0.87184
0.86911, 0.87500, 0.86742, 0.87394
0.87386, 0.87743, 0.87117, 0.87311
0.87292, 0.87474, 0.86702, 0.86971
0.86966, 0.88272, 0.86615, 0.88158
0.88131, 0.88965, 0.87755, 0.88856
0.88911, 0.89315, 0.88481, 0.89189
0.89181, 0.90145, 0.89053, 0.89724
0.89708, 0.89994, 0.89501, 0.89830
0.89779, 0.89921, 0.88687, 0.89154
0.89056, 0.89769, 0.88903, 0.89278
0.89097, 0.89394, 0.88642, 0.88825
0.88714, 0.89059, 0.88662, 0.88849
0.88848, 0.90005, 0.88757, 0.89892
0.89885, 0.90338, 0.89761, 0.90218
0.90207, 0.90296, 0.89946, 0.90243
0.89988, 0.90284, 0.89607, 0.89745
0.89710, 0.91283, 0.89568, 0.90815
0.90801, 0.91335, 0.90396, 0.91142
0.91102, 0.91856, 0.90983, 0.91496
0.91480, 0.91782, 0.91040, 0.91445
0.91375, 0.91773, 0.90927, 0.90989
0.90979, 0.91788, 0.90951, 0.91278
0.91263, 0.91898, 0.91201, 0.91785
0.91767, 0.92029, 0.91478, 0.92021
0.92007, 0.92754, 0.91881, 0.92737
0.92461, 0.92815, 0.91897, 0.91985
0.91976, 0.93298, 0.91639, 0.92831
0.92807, 0.93200, 0.92567, 0.92938
0.92935, 0.93008, 0.91232, 0.91530
0.91525, 0.91805, 0.91299, 0.91567
0.91654, 0.91849, 0.91405, 0.91438
0.91414, 0.91855, 0.90418, 0.90903
0.90884, 0.91472, 0.90624, 0.91280
0.91254, 0.91860, 0.90860, 0.91004
0.91009, 0.91381, 0.90821, 0.91246
0.91377, 0.91420, 0.91114, 0.91316
0.91302, 0.91721, 0.90883, 0.91048
0.90998, 0.91913, 0.90838, 0.91683
0.91661, 0.91920, 0.91181, 0.91799
0.91788, 0.92381, 0.91530, 0.92341
0.92115, 0.92518, 0.91949, 0.92235
0.92187, 0.92561, 0.91206, 0.91942
0.91930, 0.93445, 0.91845, 0.92139
0.92119, 0.92316, 0.91472, 0.91590
0.91592, 0.92538, 0.91438, 0.92416
0.92401, 0.93007, 0.92346, 0.92535
0.92511, 0.92682, 0.92020, 0.92515
0.92451, 0.92909, 0.92322, 0.92689
0.92646, 0.93261, 0.92387, 0.93114
0.93108, 0.93459, 0.92883, 0.93397
0.93275, 0.93739, 0.93078, 0.93208
0.93205, 0.93587, 0.93054, 0.93564
0.93528, 0.94435, 0.93421, 0.93621
0.93622, 0.93735, 0.92800, 0.93027
0.93033, 0.93505, 0.92947, 0.93231
0.93169, 0.94137, 0.93142, 0.93932
0.93925, 0.94326, 0.93652, 0.94184
0.94167, 0.95134, 0.94067, 0.95115
0.95111, 0.95467, 0.94597, 0.94756
0.94730, 0.94983, 0.94404, 0.94592
0.94471, 0.94700, 0.94251, 0.94503
0.94490, 0.94523, 0.93796, 0.93821
0.93829, 0.94843, 0.93709, 0.94824
0.94815, 0.94967, 0.94195, 0.94206
0.94197, 0.94312, 0.92716, 0.92771
0.92475, 0.93086, 0.92264, 0.92540
0.92524, 0.93523, 0.92503, 0.93224
0.93182, 0.93457, 0.92914, 0.93093
0.93076, 0.93799, 0.93005, 0.93293
0.93277, 0.93438, 0.92242, 0.92321
0.92292, 0.92960, 0.92152, 0.92866
0.92866, 0.93377, 0.92604, 0.93177
0.93165, 0.93203, 0.92132, 0.92459
0.92436, 0.92697, 0.92056, 0.92546
0.92523, 0.92716, 0.92108, 0.92668
0.92589, 0.93074, 0.92524, 0.92960
0.92931, 0.93099, 0.92365, 0.92790
0.92761, 0.92895, 0.92171, 0.92234
0.92216, 0.92474, 0.92007, 0.92206
0.92190, 0.92331, 0.91448, 0.91507
0.91535, 0.91621, 0.91011, 0.91469
0.91450, 0.91950, 0.91194, 0.91816
0.91793, 0.92156, 0.91428, 0.91849
0.91849, 0.91887, 0.91393, 0.91480
0.91464, 0.92114, 0.91354, 0.92014
0.91835, 0.91987, 0.91473, 0.91618
0.91578, 0.91762, 0.90520, 0.90595
0.90572, 0.91260, 0.90448, 0.90928
0.90914, 0.91401, 0.90843, 0.91113
0.91095, 0.91498, 0.90874, 0.91004
0.91071, 0.91888, 0.90959, 0.91513
0.91518, 0.91551, 0.90972, 0.91412
0.91407, 0.91681, 0.90855, 0.91019
0.91016, 0.91656, 0.90988, 0.91286
0.91277, 0.92093, 0.91216, 0.91951
0.91993, 0.92114, 0.91519, 0.91766
0.91767, 0.91885, 0.91042, 0.91432
0.91432, 0.92305, 0.91366, 0.91773
0.91732, 0.92275, 0.91497, 0.91660
0.91671, 0.91778, 0.91207, 0.91257
0.91322, 0.91452, 0.90690, 0.90816
0.90806, 0.91351, 0.90718, 0.91180
0.91170, 0.91216, 0.90565, 0.90603
0.90601, 0.90927, 0.90448, 0.90738
0.90711, 0.91000, 0.90275, 0.90328
0.90170, 0.91261, 0.89863, 0.91182
0.91113, 0.91217, 0.90347, 0.90773
0.90755, 0.91021, 0.89969, 0.90430
0.90421, 0.90447, 0.89745, 0.89989
0.89958, 0.90254, 0.89821, 0.90013
0.90026, 0.90121, 0.89639, 0.89704
0.89645, 0.90087, 0.89481, 0.89579
0.89552, 0.90321, 0.89510, 0.89955
0.89926, 0.90667, 0.89832, 0.90471
0.90451, 0.90527, 0.89561, 0.89608
0.89437, 0.89794, 0.89423, 0.89736
0.89718, 0.90190, 0.89630, 0.90062
0.90047, 0.90456, 0.89887, 0.90338
0.90322, 0.91056, 0.90182, 0.90844
0.90830, 0.90924, 0.90351, 0.90605
0.90494, 0.90662, 0.90382, 0.90653
0.90628, 0.90725, 0.90227, 0.90268
0.90262, 0.90396, 0.89860, 0.90040
0.90024, 0.90337, 0.89909, 0.90100
0.90073, 0.90289, 0.89503, 0.89570
0.89455, 0.90370, 0.89452, 0.89788
0.89756, 0.91050, 0.89623, 0.90770
0.90749, 0.91040, 0.90643, 0.90864
0.90843, 0.90990, 0.90469, 0.90590
0.90580, 0.91051, 0.90282, 0.90301
0.90290, 0.90778, 0.90191, 0.90667
0.90565, 0.90704, 0.90323, 0.90499
0.90485, 0.90926, 0.90248, 0.90625
0.90609, 0.90802, 0.90184, 0.90377
0.90381, 0.90453, 0.89928, 0.90015
0.89909, 0.90417, 0.89895, 0.90212
0.90170, 0.90319, 0.89526, 0.89685
0.89663, 0.89817, 0.89516, 0.89579
0.89568, 0.89715, 0.89089, 0.89399
0.89378, 0.90104, 0.89293, 0.89742
0.89665, 0.89905, 0.89503, 0.89825
0.89815, 0.89890, 0.89207, 0.89240
0.89235, 0.89288, 0.88775, 0.88934
0.88945, 0.88978, 0.88610, 0.88719
0.88707, 0.89062, 0.88601, 0.88726
0.88701, 0.89038, 0.88629, 0.88857
0.88832, 0.88980, 0.88455, 0.88623
0.88593, 0.88940, 0.87825, 0.88243
0.88206, 0.88582, 0.88060, 0.88376
0.88339, 0.89059, 0.88228, 0.88686
0.88589, 0.89146, 0.88479, 0.88959
0.88956, 0.89549, 0.88804, 0.89393
0.89374, 0.89872, 0.88907, 0.88927
0.88917, 0.89781, 0.88889, 0.89659
0.89622, 0.89989, 0.89447, 0.89921
0.89825, 0.90312, 0.89814, 0.90207
0.90176, 0.90624, 0.89939, 0.90067
0.90028, 0.90797, 0.89936, 0.90560
0.90547, 0.91046, 0.90268, 0.90975
0.90971, 0.91159, 0.90501, 0.90712
0.90590, 0.90785, 0.90242, 0.90459
0.90434, 0.90520, 0.89522, 0.89804
0.89721, 0.89863, 0.89089, 0.89454
0.89427, 0.89514, 0.88761, 0.88842
0.88829, 0.88940, 0.87957, 0.87966
0.88005, 0.88041, 0.87725, 0.87786
0.87750, 0.88371, 0.87556, 0.88172
0.88156, 0.88213, 0.87448, 0.87492
0.87485, 0.87999, 0.87416, 0.87689
0.87675, 0.88281, 0.87524, 0.88203
0.88142, 0.88536, 0.87945, 0.88382
0.88357, 0.88583, 0.88015, 0.88471
0.88446, 0.88595, 0.88361, 0.88367
0.88358, 0.88846, 0.88185, 0.88559
0.88546, 0.88900, 0.88330, 0.88808
0.88584, 0.88874, 0.88084, 0.88636
0.88590, 0.88763, 0.88223, 0.88445
0.88423, 0.89602, 0.88309, 0.89506
0.89462, 0.90554, 0.89328, 0.90298
0.90280, 0.90496, 0.89927, 0.90373
0.90177, 0.90450, 0.89612, 0.89966
0.89945, 0.90145, 0.89675, 0.89675
0.89654, 0.89781, 0.88942, 0.89115
0.89073, 0.89848, 0.88992, 0.89283
0.89257, 0.89341, 0.88788, 0.88984
0.88899, 0.89072, 0.88637, 0.88743
0.88701, 0.89570, 0.88503, 0.89454
0.89392, 0.89513, 0.88823, 0.89259
0.89241, 0.89800, 0.88672, 0.88693
0.88667, 0.88781, 0.87713, 0.88036
0.87882, 0.88738, 0.87882, 0.88580
0.88558, 0.88662, 0.87757, 0.87820
0.87799, 0.87976, 0.87097, 0.87265
0.87231, 0.87550, 0.87126, 0.87483
0.87446, 0.88211, 0.87240, 0.87896
0.87798, 0.88141, 0.87702, 0.87884
0.87862, 0.87913, 0.87432, 0.87786
0.87776, 0.88088, 0.87623, 0.87626
0.87595, 0.88471, 0.87477, 0.87602
0.87587, 0.87801, 0.87207, 0.87311
0.87211, 0.87437, 0.86884, 0.87316
0.87296, 0.87633, 0.87043, 0.87115
0.87106, 0.87352, 0.86820, 0.86905
0.86891, 0.87062, 0.86235, 0.86724
0.86746, 0.86746, 0.86746, 0.86746