0.85750, 0.87700, 0.85530, 0.87360
0.87270, 0.88320, 0.86670, 0.87950
0.88010, 0.88890, 0.87470, 0.88280
0.88450, 0.89850, 0.88420, 0.89680
0.89740, 0.90670, 0.88720, 0.89880
0.89780, 0.90140, 0.88810, 0.90030
0.89740, 0.90550, 0.88740, 0.89240
0.89240, 0.90280, 0.88720, 0.88780
0.88590, 0.90700, 0.88590, 0.90500
0.90500, 0.91030, 0.89280, 0.90120
0.89930, 0.90110, 0.87480, 0.87870
0.87910, 0.88310, 0.86530, 0.87490
0.87580, 0.89010, 0.87420, 0.88460
0.88540, 0.90250, 0.87900, 0.90100
0.90060, 0.90840, 0.89540, 0.90720
0.90440, 0.92120, 0.90430, 0.91900
0.92090, 0.92230, 0.90010, 0.90180
0.90090, 0.90340, 0.89130, 0.89630
0.89470, 0.90430, 0.89170, 0.89370
0.89440, 0.90630, 0.89310, 0.89830
0.89820, 0.90490, 0.89250, 0.90170
0.89990, 0.91510, 0.89980, 0.91050
0.90960, 0.91240, 0.89920, 0.90060
0.89920, 0.90140, 0.87810, 0.88390
0.88310, 0.88700, 0.86580, 0.87170
0.87380, 0.88530, 0.86840, 0.88190
0.88030, 0.88630, 0.87430, 0.87900
0.88020, 0.89430, 0.87600, 0.88970
0.88990, 0.90070, 0.88550, 0.89720
0.89690, 0.90320, 0.89180, 0.89530
0.89630, 0.91460, 0.89060, 0.91210
0.91190, 0.92260, 0.90720, 0.91950
0.91790, 0.93420, 0.91630, 0.93300
0.93160, 0.95210, 0.92910, 0.95160
0.95030, 0.95140, 0.92750, 0.93260
0.93480, 0.93530, 0.91270, 0.91380
0.91410, 0.92850, 0.91050, 0.92480
0.92320, 0.93250, 0.90860, 0.91210
0.91150, 0.92630, 0.91030, 0.92480
0.92450, 0.93440, 0.92180, 0.92550
0.92610, 0.93050, 0.92110, 0.92750
0.92760, 0.93040, 0.91950, 0.92400
0.92370, 0.94010, 0.92140, 0.92160
0.92240, 0.92570, 0.90790, 0.92270
0.92290, 0.93530, 0.92080, 0.93360
0.93360, 0.93740, 0.92320, 0.93570
0.93550, 0.93790, 0.92970, 0.93150
0.93260, 0.93350, 0.92210, 0.93240
0.93290, 0.94070, 0.93120, 0.93890
0.93840, 0.94930, 0.93520, 0.94740
0.94710, 0.96810, 0.94540, 0.96620
0.96620, 0.98630, 0.96570, 0.97840
0.97850, 0.99270, 0.97820, 0.98030
0.98040, 0.98220, 0.97090, 0.97470
0.97440, 0.97840, 0.95540, 0.96410
0.96460, 0.97220, 0.95840, 0.97090
0.97060, 0.99270, 0.96710, 0.98990
0.98970, 0.99090, 0.97450, 0.97570
0.97570, 0.97860, 0.96840, 0.96980
0.96940, 0.97220, 0.95610, 0.96290
0.96280, 0.96880, 0.95440, 0.95850
0.95750, 0.96330, 0.95020, 0.95170
0.95150, 0.95470, 0.93770, 0.94110
0.93930, 0.96440, 0.93870, 0.96350
0.96390, 0.97670, 0.96260, 0.97460
0.97230, 0.98620, 0.97140, 0.97840
0.97820, 0.98910, 0.97430, 0.98590
0.98580, 0.99490, 0.96150, 0.96710
0.96740, 0.97640, 0.96280, 0.96700
0.96690, 0.97640, 0.96320, 0.96770
0.96770, 0.97030, 0.95710, 0.95930
0.96090, 0.96560, 0.94670, 0.95860
0.95850, 0.96620, 0.95560, 0.96060
0.96050, 0.97080, 0.95740, 0.96350
0.96340, 0.97400, 0.96230, 0.97020
0.97000, 0.98740, 0.96580, 0.98490
0.98480, 0.98850, 0.97280, 0.97760
0.97760, 0.97980, 0.95740, 0.95920
0.95930, 0.96570, 0.95360, 0.95620
0.95680, 0.96760, 0.95190, 0.96260
0.96280, 0.96560, 0.95040, 0.95750
0.95720, 0.96840, 0.95510, 0.96350
0.96350, 0.96730, 0.95230, 0.95380
0.95390, 0.96460, 0.94340, 0.96220
0.94950, 0.97220, 0.94950, 0.96920
0.96920, 0.96930, 0.95490, 0.96370
0.96360, 0.97160, 0.95600, 0.96830
0.96830, 0.97470, 0.96310, 0.97360
0.97360, 0.97980, 0.96450, 0.96610
0.96620, 0.96760, 0.95720, 0.96390
0.96360, 0.96670, 0.93660, 0.93790
0.93770, 0.94210, 0.92660, 0.92860
0.92830, 0.93450, 0.91770, 0.93390
0.93390, 0.94860, 0.92750, 0.94460
0.94450, 0.95360, 0.94170, 0.94480
0.94480, 0.95180, 0.93930, 0.94840
0.94830, 0.95780, 0.93970, 0.94040
0.94040, 0.95380, 0.93790, 0.94670
0.94660, 0.94960, 0.92510, 0.92540
0.92530, 0.92980, 0.91870, 0.92170
0.92160, 0.93140, 0.90390, 0.92800
0.92810, 0.93010, 0.90410, 0.90850
0.90850, 0.92410, 0.89800, 0.92020
0.92020, 0.92350, 0.90520, 0.90870
0.90880, 0.91780, 0.90650, 0.91390
0.91400, 0.91740, 0.90470, 0.90880
0.90880, 0.92000, 0.90620, 0.91910
0.91910, 0.93220, 0.91750, 0.92900
0.92900, 0.93960, 0.92700, 0.92990
0.92990, 0.95010, 0.92850, 0.94510
0.94510, 0.94660, 0.92850, 0.93620
0.93620, 0.95290, 0.92800, 0.95170
0.95170, 0.95170, 0.93380, 0.93610
0.93590, 0.94500, 0.93030, 0.93840
0.93840, 0.94520, 0.93430, 0.94330
0.94340, 0.95260, 0.93950, 0.93990
0.94020, 0.94840, 0.93250, 0.94470
0.94510, 0.94780, 0.92540, 0.92680
0.92650, 0.93680, 0.92480, 0.93260
0.93550, 0.93760, 0.92450, 0.93550
0.93540, 0.95760, 0.93420, 0.95570
0.95580, 0.96040, 0.95280, 0.95490
0.95500, 0.96460, 0.95290, 0.95910
0.95920, 0.96710, 0.95800, 0.96500
0.96510, 0.96930, 0.94910, 0.95180
0.95070, 0.96020, 0.94630, 0.95620
0.95600, 0.95890, 0.93960, 0.94080
0.94070, 0.95110, 0.93710, 0.94100
0.94070, 0.94720, 0.93530, 0.94610
0.94620, 0.95690, 0.94170, 0.95400
0.95410, 0.95830, 0.94940, 0.95610
0.95610, 0.96710, 0.95400, 0.96050
0.96060, 0.97250, 0.96060, 0.96210
0.96210, 0.97840, 0.96110, 0.97720
0.98740, 0.98740, 0.97370, 0.98570
0.98560, 0.98880, 0.96450, 0.96950
0.96910, 0.97170, 0.95890, 0.96680
0.96650, 0.97500, 0.96230, 0.96880
0.96880, 0.97390, 0.96450, 0.97120
0.97120, 0.98180, 0.96790, 0.97550
0.97550, 0.97780, 0.95010, 0.95110
0.97370, 0.97370, 0.93710, 0.96290
0.96240, 0.96590, 0.94890, 0.96050
0.95800, 0.98220, 0.95660, 0.98090
0.98190, 0.98820, 0.97390, 0.98230
0.98250, 1.00080, 0.98120, 0.99730
0.99660, 1.01290, 0.99590, 1.01210
1.01220, 1.01370, 0.99570, 1.01150
1.01140, 1.01200, 0.99250, 1.00030
0.99800, 1.00760, 0.99220, 0.99480
0.99370, 1.01640, 0.99280, 1.01320
1.01230, 1.01810, 1.00530, 1.00960
1.01110, 1.01360, 1.00290, 1.00420
1.00440, 1.02440, 1.00040, 1.02400
1.02390, 1.04380, 1.01090, 1.04310
1.04290, 1.04910, 1.03150, 1.04480
1.04180, 1.05980, 1.03890, 1.04110
1.04150, 1.04820, 1.02540, 1.03710
1.03620, 1.04940, 1.03030, 1.04480
1.04490, 1.04790, 1.02920, 1.04720
1.04730, 1.06140, 1.04410, 1.05670
1.05670, 1.07580, 1.02740, 1.02890
1.02900, 1.03750, 1.01230, 1.01720
1.01160, 1.03560, 1.00400, 1.01100
1.01210, 1.01880, 0.92820, 0.96260
0.96150, 0.99480, 0.95210, 0.99280
0.99290, 1.00180, 0.96860, 0.98830
0.98880, 1.00400, 0.97710, 0.98210
0.98210, 1.00340, 0.96890, 1.00120
1.00120, 1.01940, 0.98190, 1.01540
1.01540, 1.03510, 1.00690, 1.03290
1.03280, 1.05890, 1.03130, 1.05720
1.05720, 1.07310, 1.05600, 1.07120
1.07140, 1.07410, 1.03760, 1.03760
1.03320, 1.06930, 1.02570, 1.06900
1.06840, 1.08250, 1.05380, 1.06540
1.06220, 1.06810, 1.02060, 1.02290
1.01610, 1.02290, 0.98740, 0.99730
1.00090, 1.00430, 0.95040, 0.96650
0.97150, 1.00160, 0.95140, 1.00040
0.99810, 1.00070, 0.96910, 0.98790
0.98580, 1.01320, 0.98390, 0.99170
0.99690, 1.00540, 0.98300, 1.00030
1.00150, 1.01190, 0.98330, 0.98570
0.98920, 0.99770, 0.96270, 0.96630
0.96640, 0.99160, 0.96420, 0.98090
0.97890, 0.98660, 0.95370, 0.96460
0.96620, 0.97070, 0.93780, 0.96360
0.96310, 0.98560, 0.95640, 0.98450
0.98310, 0.99860, 0.97320, 0.98730
0.98720, 1.00340, 0.98570, 0.99340
0.99280, 1.01370, 0.99170, 1.00130
1.00220, 1.01320, 0.96770, 0.96860
0.96990, 0.98220, 0.94460, 0.94940
0.94810, 0.96280, 0.93160, 0.93440
0.93500, 0.93850, 0.88800, 0.91010
0.90940, 0.92970, 0.90690, 0.91200
0.91050, 0.93220, 0.90010, 0.92800
0.92700, 0.94680, 0.92290, 0.92730
0.93180, 0.95730, 0.91790, 0.95070
0.94890, 0.97480, 0.94540, 0.96480
0.96630, 0.99160, 0.96180, 0.98770
0.98570, 1.00080, 0.97550, 0.98170
0.97970, 1.00530, 0.97810, 1.00070
1.00040, 1.00810, 0.98120, 0.98200
0.98270, 1.00510, 0.98110, 0.99580
0.99320, 1.00240, 0.97290, 0.98050
0.97860, 0.98870, 0.97060, 0.98260
0.98140, 0.99610, 0.97580, 0.98720
0.98640, 0.99700, 0.97610, 0.97850
0.97860, 0.98870, 0.96600, 0.98670
0.98670, 0.99330, 0.97490, 0.98160
0.98390, 0.99540, 0.97970, 0.99160
0.99420, 1.00250, 0.98760, 0.99070
0.98930, 0.99760, 0.97450, 0.97490
0.97470, 0.97890, 0.95430, 0.96130
0.95960, 0.96290, 0.93260, 0.94910
0.94830, 0.96080, 0.94780, 0.95160
0.95060, 0.95480, 0.93860, 0.94450
0.94420, 0.94420, 0.89440, 0.91240
0.92650, 0.93230, 0.89910, 0.93110
0.91590, 0.93000, 0.86500, 0.92100
0.92440, 0.92790, 0.89780, 0.90570
0.90560, 0.91400, 0.86560, 0.87330
0.87580, 0.87770, 0.71900, 0.73170
0.75790, 0.81790, 0.73620, 0.78260
0.78900, 0.81090, 0.69750, 0.72530
0.72310, 0.77900, 0.69340, 0.77260
0.77220, 0.81520, 0.77110, 0.79370
0.80450, 0.81840, 0.74820, 0.77440
0.76400, 0.79070, 0.74240, 0.77240
0.77300, 0.79660, 0.75990, 0.79360
0.79210, 0.79300, 0.76220, 0.78840
0.79050, 0.81010, 0.76810, 0.78100
0.78060, 0.78450, 0.73270, 0.75010
0.74950, 0.75560, 0.72630, 0.73170
0.73260, 0.76970, 0.71960, 0.76740
0.76680, 0.81170, 0.76300, 0.78240
0.78240, 0.78240, 0.73230, 0.75150
0.75390, 0.76690, 0.73860, 0.75400
0.75730, 0.77310, 0.73550, 0.73790
0.73940, 0.79200, 0.72770, 0.78370
0.78130, 0.79410, 0.74980, 0.76210
0.75870, 0.76480, 0.74020, 0.74570
0.74550, 0.76340, 0.74270, 0.74690
0.74700, 0.76480, 0.73590, 0.74210
0.74150, 0.78580, 0.73050, 0.77960
0.77960, 0.78560, 0.76230, 0.77380
0.77360, 0.79670, 0.77360, 0.79350
0.79110, 0.81880, 0.77820, 0.80830
0.80830, 0.83550, 0.80110, 0.82960
0.83930, 0.84280, 0.81490, 0.84140
0.84410, 0.84470, 0.81230, 0.82330
0.82170, 0.83880, 0.80460, 0.82950
0.82960, 0.86520, 0.82920, 0.84960
0.84880, 0.85190, 0.82980, 0.83970
0.83980, 0.86370, 0.83820, 0.84930
0.84570, 0.85820, 0.84120, 0.85420
0.85790, 0.87790, 0.84850, 0.86070
0.86410, 0.88110, 0.85680, 0.87610
0.87310, 0.87650, 0.85360, 0.87090
0.86910, 0.88150, 0.84250, 0.87480
0.87400, 0.88030, 0.85950, 0.86500
0.86450, 0.86940, 0.84120, 0.84580
0.84470, 0.86610, 0.83580, 0.86330
0.86230, 0.87770, 0.86140, 0.87560
0.87550, 0.90250, 0.87400, 0.89260
0.89200, 0.90750, 0.88870, 0.90500
0.90200, 0.91090, 0.88600, 0.89210
0.88990, 0.89300, 0.87550, 0.88340
0.88380, 0.89430, 0.88140, 0.88970
0.89220, 0.90370, 0.87900, 0.90150
0.90270, 0.90860, 0.89050, 0.89610
0.89310, 0.90400, 0.88850, 0.89260
0.89260, 0.89780, 0.88750, 0.89130
0.89140, 0.92010, 0.88730, 0.89530
0.89470, 0.93400, 0.89390, 0.93150
0.93220, 0.93950, 0.92520, 0.93280
0.93280, 0.94090, 0.92740, 0.93020
0.92840, 0.93900, 0.91930, 0.92240
0.91950, 0.93510, 0.91420, 0.93420
0.93610, 0.94550, 0.93360, 0.94370
0.94510, 0.94630, 0.92480, 0.93080
0.93010, 0.93500, 0.90430, 0.91120
0.91430, 0.93180, 0.91310, 0.92890
0.92950, 0.94510, 0.92660, 0.94400
0.94390, 0.94650, 0.92000, 0.92750
0.92650, 0.92710, 0.91150, 0.91470
0.91490, 0.93130, 0.91230, 0.92880
0.93120, 0.95170, 0.92510, 0.94650
0.94870, 0.95190, 0.93430, 0.94520
0.94660, 0.95590, 0.93550, 0.93730
0.93890, 0.94980, 0.93400, 0.93700
0.93660, 0.94400, 0.91850, 0.93080
0.93250, 0.96010, 0.92470, 0.95410
0.95420, 0.97270, 0.95320, 0.96610
0.96750, 0.97480, 0.95440, 0.96040
0.96160, 0.97870, 0.96040, 0.97350
0.97460, 0.98730, 0.96730, 0.96750
0.97020, 0.97830, 0.96400, 0.97080
0.97050, 0.97800, 0.95990, 0.96200
0.95820, 0.98120, 0.95710, 0.97330
0.97610, 1.00090, 0.97330, 0.99340
0.98780, 0.99340, 0.97630, 0.97940
0.97920, 1.00330, 0.97520, 0.99410
0.99460, 1.00810, 0.99090, 0.99570
0.99120, 1.01540, 0.97210, 0.98400
0.99080, 1.00550, 0.98570, 1.00400
1.00370, 1.00420, 0.92920, 0.95660
0.95660, 0.98570, 0.93900, 0.98190
0.97910, 0.98310, 0.95320, 0.95700
0.95470, 0.97890, 0.93950, 0.97700
0.97860, 0.98480, 0.95770, 0.96630
0.97320, 0.98150, 0.94710, 0.95470
0.95450, 0.95760, 0.88730, 0.89400
0.89470, 0.92810, 0.88620, 0.92790
0.92780, 0.93670, 0.90870, 0.91230
0.90790, 0.94590, 0.90510, 0.94430
0.94430, 0.96000, 0.93030, 0.94120
0.94120, 0.96630, 0.94090, 0.95380
0.95260, 0.96340, 0.93730, 0.93830
0.93840, 0.94730, 0.91570, 0.92390
0.91670, 0.93230, 0.89920, 0.92360
0.92660, 0.93840, 0.90150, 0.93120
0.93060, 0.95110, 0.91930, 0.94450
0.94770, 0.96370, 0.93220, 0.94490
0.94630, 0.95670, 0.93000, 0.94270
0.94360, 0.95270, 0.93710, 0.94580
0.94650, 0.95260, 0.92600, 0.94760
0.94970, 0.95340, 0.93930, 0.94960
0.95050, 0.96170, 0.93760, 0.96000
0.96170, 0.97290, 0.95650, 0.96490
0.96770, 0.99090, 0.96520, 0.97620
0.97550, 0.97990, 0.95740, 0.96490
0.96740, 0.98680, 0.96290, 0.97820
0.97900, 0.98680, 0.96280, 0.96680
0.97000, 0.97520, 0.95330, 0.96600
0.96460, 0.97620, 0.96330, 0.96570
0.96760, 0.97080, 0.94550, 0.95680
0.95660, 0.97050, 0.94910, 0.96580
0.96150, 0.96780, 0.94750, 0.95650
0.95320, 0.96800, 0.94390, 0.96270
0.96120, 0.97160, 0.95060, 0.95190
0.95320, 0.96840, 0.94600, 0.94770
0.94410, 0.95280, 0.93330, 0.93590
0.93000, 0.97510, 0.92880, 0.96740
0.96980, 0.97980, 0.96390, 0.97430
0.97250, 0.98080, 0.95480, 0.95730
0.95460, 0.95960, 0.92700, 0.94390
0.94160, 0.94920, 0.93340, 0.93630
0.93850, 0.94610, 0.92880, 0.94200
0.94030, 0.94180, 0.86800, 0.89510
0.89490, 0.94450, 0.89310, 0.94280
0.94280, 0.96590, 0.93630, 0.95860
0.96070, 0.96480, 0.94860, 0.95700
0.95820, 0.96150, 0.93510, 0.94210
0.94190, 0.95520, 0.93570, 0.95050
0.95000, 0.95510, 0.93550, 0.94850
0.94770, 0.95190, 0.91360, 0.93870
0.94060, 0.95740, 0.93730, 0.94250
0.94370, 0.94500, 0.92970, 0.93440
0.93480, 0.93610, 0.90470, 0.90830
0.90960, 0.91690, 0.88620, 0.89260
0.89350, 0.90120, 0.88300, 0.88760
0.88770, 0.90950, 0.88230, 0.89980
0.89980, 0.90150, 0.87160, 0.87260
0.87220, 0.91530, 0.86790, 0.91220
0.91370, 0.91740, 0.89350, 0.89870
0.89760, 0.89890, 0.86390, 0.86790
0.85940, 0.89370, 0.85910, 0.88890
0.87870, 0.88760, 0.86170, 0.86350
0.87330, 0.87820, 0.78850, 0.80130
0.79130, 0.80590, 0.71400, 0.80530
0.81140, 0.84430, 0.80930, 0.81660
0.82070, 0.85810, 0.81500, 0.85150
0.85410, 0.87840, 0.82510, 0.83870
0.83460, 0.93090, 0.82330, 0.92480
0.92570, 0.92740, 0.89390, 0.90700
0.90710, 0.92410, 0.87750, 0.88580
0.88600, 0.89460, 0.87250, 0.87710
0.87870, 0.90950, 0.86720, 0.90480
0.90440, 0.92350, 0.89770, 0.92140
0.92100, 0.93000, 0.90670, 0.91500
0.91400, 0.92980, 0.90360, 0.92320
0.92270, 0.92760, 0.90590, 0.91760
0.92330, 0.93620, 0.91540, 0.92470
0.92900, 0.93350, 0.91310, 0.91690
0.91670, 0.91840, 0.88850, 0.90280
0.91120, 0.94440, 0.90860, 0.94100
0.94390, 0.95370, 0.93130, 0.94280
0.94440, 0.95110, 0.93180, 0.93430
0.93510, 0.95300, 0.92630, 0.95030
0.95080, 0.96310, 0.94500, 0.95770
0.95890, 0.98030, 0.95420, 0.97660
0.97660, 0.98470, 0.97020, 0.98270
0.98240, 0.98960, 0.96960, 0.97940
0.98220, 0.98410, 0.96850, 0.97190
0.97000, 0.99180, 0.96660, 0.98840
0.98940, 0.99440, 0.97350, 0.97780
0.97770, 0.99360, 0.97640, 0.98400
0.98790, 0.98900, 0.95670, 0.95780
0.95770, 0.98380, 0.95440, 0.98070
0.98200, 0.98220, 0.96270, 0.97140
0.97090, 0.97580, 0.96070, 0.96940
0.96990, 0.97260, 0.94480, 0.95010
0.94960, 0.95480, 0.93360, 0.93420
0.94130, 0.94970, 0.93450, 0.94510
0.94360, 0.95520, 0.93960, 0.95330
0.95430, 0.95630, 0.94120, 0.94270
0.94480, 0.94930, 0.93600, 0.94880
0.94860, 0.94940, 0.92960, 0.93390
0.93690, 0.94040, 0.93060, 0.93150
0.93180, 0.94020, 0.92140, 0.92460
0.92540, 0.93880, 0.92320, 0.93610
0.93820, 0.94800, 0.93470, 0.93650
0.93760, 0.95380, 0.93200, 0.95140
0.94890, 0.95860, 0.94680, 0.95680
0.95620, 0.96880, 0.95320, 0.96110
0.96120, 0.97510, 0.95920, 0.97060
0.97200, 0.99990, 0.97140, 0.99750
0.99840, 1.00600, 0.99280, 1.00250
1.00300, 1.02590, 1.00130, 1.02490
1.02620, 1.02640, 1.01270, 1.02170
1.02260, 1.03480, 1.02030, 1.02470
1.02390, 1.03420, 1.02020, 1.03290
1.03110, 1.03280, 1.01340, 1.01420
1.01410, 1.01980, 0.99480, 0.99810
0.99960, 1.00070, 0.98160, 0.98490
0.98210, 0.99010, 0.97070, 0.98010
0.97870, 0.98900, 0.97430, 0.97710
0.97710, 0.97980, 0.96400, 0.97510
0.97110, 0.98020, 0.97070, 0.97480
0.97440, 0.97720, 0.94430, 0.94590
0.94410, 0.96610, 0.94340, 0.95510
0.95660, 0.96040, 0.94890, 0.95920
0.95690, 0.97040, 0.95450, 0.96900
0.96790, 0.97680, 0.96300, 0.97160
0.97300, 0.98860, 0.97220, 0.98500
0.98620, 0.99050, 0.97060, 0.97710
0.97780, 0.98190, 0.96920, 0.97010
0.97090, 0.97530, 0.96400, 0.96720
0.96740, 0.98220, 0.96220, 0.97970
0.98250, 0.98320, 0.96890, 0.96900
0.96680, 0.96960, 0.95100, 0.95160
0.95280, 0.95420, 0.94310, 0.94720
0.94680, 0.97170, 0.94640, 0.96860
0.96850, 0.97820, 0.96050, 0.96180
0.96260, 0.98760, 0.96070, 0.98100
0.98220, 0.98460, 0.96240, 0.96490
0.96530, 0.96850, 0.93700, 0.94470
0.94660, 0.95140, 0.93550, 0.94540
0.94640, 0.95690, 0.93720, 0.94970
0.94930, 0.96280, 0.94790, 0.95920
0.95750, 0.96560, 0.94670, 0.96140
0.96110, 0.97740, 0.95350, 0.97210
0.97190, 0.99010, 0.97100, 0.97660
0.97620, 0.98960, 0.97550, 0.98200
0.98340, 0.99770, 0.97780, 0.98760
0.98980, 0.99630, 0.96550, 0.96960
0.96960, 0.98560, 0.96640, 0.97340
0.97360, 0.97680, 0.95420, 0.95930
0.95770, 0.97740, 0.95510, 0.96860
0.96750, 0.97210, 0.94840, 0.96400
0.96360, 0.96440, 0.94980, 0.95890
0.95930, 0.96180, 0.93940, 0.94560
0.94650, 0.95380, 0.92540, 0.92590
0.92720, 0.94090, 0.91210, 0.91300
0.91870, 0.92910, 0.87730, 0.88800
0.88020, 0.89130, 0.86460, 0.88090
0.88150, 0.89080, 0.85060, 0.85840
0.86200, 0.88190, 0.85510, 0.86260
0.86200, 0.88080, 0.85560, 0.87240
0.87360, 0.89650, 0.85530, 0.85620
0.85740, 0.87340, 0.85680, 0.86200
0.86360, 0.87110, 0.85550, 0.85970
0.85900, 0.86150, 0.82600, 0.82710
0.82840, 0.84990, 0.82270, 0.84760
0.84880, 0.85870, 0.84320, 0.85060
0.85070, 0.85480, 0.82490, 0.83170
0.83210, 0.83620, 0.81720, 0.82750
0.83320, 0.86810, 0.83090, 0.86070
0.86410, 0.87100, 0.85820, 0.85900
0.86160, 0.87040, 0.85460, 0.85530
0.85130, 0.86140, 0.84030, 0.84360
0.84390, 0.85770, 0.83990, 0.85520
0.85520, 0.86490, 0.84710, 0.86300
0.85730, 0.87420, 0.85660, 0.87220
0.87160, 0.87440, 0.85270, 0.85550
0.85530, 0.86360, 0.84980, 0.86080
0.86230, 0.87560, 0.86110, 0.86450
0.86580, 0.86600, 0.85050, 0.85700
0.85720, 0.86130, 0.82990, 0.83100
0.83130, 0.83760, 0.81930, 0.82530
0.82700, 0.83220, 0.80650, 0.81160
0.81330, 0.81420, 0.79190, 0.79700
0.79780, 0.79980, 0.78380, 0.79900
0.79960, 0.80120, 0.78360, 0.79050
0.78910, 0.81350, 0.78740, 0.80990
0.81060, 0.81400, 0.80490, 0.81190
0.81100, 0.82010, 0.79540, 0.79920
0.79810, 0.80930, 0.77210, 0.77640
0.77750, 0.79610, 0.77520, 0.79290
0.79430, 0.81320, 0.78690, 0.80420
0.80470, 0.81720, 0.79820, 0.80590
0.80760, 0.81010, 0.79260, 0.79670
0.79700, 0.80420, 0.78290, 0.78550
0.78320, 0.80470, 0.78140, 0.79610
0.79450, 0.79530, 0.78210, 0.78720
0.78680, 0.80320, 0.78620, 0.80150
0.80210, 0.82500, 0.79860, 0.81990
0.81810, 0.83200, 0.81420, 0.82860
0.82840, 0.83090, 0.82020, 0.82270
0.82380, 0.82900, 0.82000, 0.82400
0.82450, 0.82960, 0.81540, 0.81770
0.81670, 0.82190, 0.81150, 0.81430
0.81420, 0.82990, 0.81140, 0.82930
0.82980, 0.83870, 0.82750, 0.83550
0.83620, 0.83630, 0.82080, 0.82650
0.82770, 0.83710, 0.82610, 0.83360
0.83300, 0.83990, 0.82750, 0.83380
0.83420, 0.84780, 0.83360, 0.84590
0.84510, 0.84630, 0.83750, 0.84000
0.83910, 0.84590, 0.83560, 0.83930
0.83930, 0.84280, 0.83170, 0.83730
0.83720, 0.84180, 0.83390, 0.83740
0.83690, 0.84450, 0.83460, 0.84380
0.84330, 0.85470, 0.84050, 0.84990
0.84970, 0.85100, 0.84120, 0.84340
0.84240, 0.85070, 0.83750, 0.83990
0.84000, 0.84600, 0.83860, 0.84100
0.84050, 0.85180, 0.84050, 0.85110
0.85350, 0.85810, 0.84910, 0.85720
0.85690, 0.87370, 0.85140, 0.87280
0.87150, 0.87370, 0.84300, 0.84320
0.84030, 0.84880, 0.83550, 0.83960
0.84000, 0.84080, 0.82850, 0.83380
0.83290, 0.84150, 0.82710, 0.83890
0.84020, 0.84670, 0.83070, 0.83120
0.83200, 0.83670, 0.81990, 0.82800
0.82900, 0.83950, 0.82560, 0.83740
0.83780, 0.84800, 0.83400, 0.84660
0.84420, 0.84450, 0.82470, 0.83390
0.83410, 0.84460, 0.83250, 0.83890
0.84070, 0.84380, 0.82060, 0.84090
0.84350, 0.84440, 0.81720, 0.82120
0.81850, 0.82420, 0.81010, 0.81460
0.81310, 0.81490, 0.79260, 0.79450
0.79410, 0.80410, 0.78290, 0.80130
0.80080, 0.80290, 0.79540, 0.80170
0.80160, 0.81370, 0.80070, 0.81000
0.81480, 0.83380, 0.80830, 0.83170
0.83250, 0.84050, 0.69340, 0.70770
0.70820, 0.72190, 0.68870, 0.69600
0.69170, 0.72830, 0.69070, 0.71320
0.71800, 0.72760, 0.70540, 0.72020
0.71820, 0.72430, 0.70830, 0.72270
0.72280, 0.74650, 0.72090, 0.73470
0.73740, 0.74920, 0.73410, 0.74420
0.74330, 0.76450, 0.74000, 0.75960
0.75960, 0.77330, 0.75460, 0.76640
0.76550, 0.77060, 0.75250, 0.75710
0.75860, 0.76450, 0.74130, 0.74460
0.74360, 0.74450, 0.72320, 0.72620
0.72620, 0.75380, 0.72440, 0.75160
0.75160, 0.75320, 0.73710, 0.74060
0.74410, 0.75380, 0.73480, 0.74550
0.74550, 0.76700, 0.72820, 0.73150
0.73150, 0.74060, 0.72090, 0.73890
0.73800, 0.74800, 0.73310, 0.73570
0.73570, 0.74570, 0.73260, 0.73840
0.73790, 0.74220, 0.71500, 0.71830
0.71830, 0.73090, 0.71420, 0.71540
0.71540, 0.72580, 0.70770, 0.71750
0.72050, 0.72890, 0.70950, 0.71340
0.71190, 0.72840, 0.70970, 0.71420
0.71400, 0.72580, 0.70590, 0.70670
0.70510, 0.71110, 0.69460, 0.69820
0.69810, 0.71090, 0.69690, 0.70880
0.70930, 0.71260, 0.69710, 0.70050
0.69970, 0.70960, 0.69400, 0.70490
0.70610, 0.72980, 0.70230, 0.72960
0.72770, 0.73050, 0.71160, 0.72000
0.71970, 0.72250, 0.69140, 0.69180
0.69100, 0.69570, 0.65400, 0.69000
0.68860, 0.69010, 0.67010, 0.67180
0.67150, 0.69300, 0.67140, 0.68680
0.68600, 0.69970, 0.68310, 0.69560
0.69640, 0.69720, 0.67490, 0.68760
0.68750, 0.69240, 0.67220, 0.68460
0.68480, 0.70600, 0.68370, 0.70490
0.70360, 0.70930, 0.68910, 0.69210
0.69180, 0.71170, 0.68690, 0.70630
0.70560, 0.71360, 0.69900, 0.70460
0.70140, 0.71630, 0.70140, 0.70770
0.70610, 0.71910, 0.70450, 0.71660
0.71680, 0.73790, 0.71290, 0.73640
0.73690, 0.74320, 0.72990, 0.74040
0.74040, 0.75450, 0.72490, 0.73100
0.73160, 0.73280, 0.70430, 0.70600
0.70800, 0.71920, 0.70430, 0.71080
0.71180, 0.71970, 0.70920, 0.71750
0.71830, 0.72650, 0.71540, 0.72540
0.72910, 0.73080, 0.69100, 0.69130
0.69330, 0.70950, 0.68030, 0.68670
0.68440, 0.71440, 0.68230, 0.71140
0.71100, 0.72770, 0.70020, 0.72440
0.72340, 0.72620, 0.69970, 0.69970
0.70110, 0.70760, 0.67490, 0.69390
0.69430, 0.71290, 0.69360, 0.70720
0.70780, 0.72360, 0.70630, 0.70990
0.71020, 0.73950, 0.70780, 0.73830
0.73500, 0.75520, 0.72940, 0.74240
0.74170, 0.74670, 0.73300, 0.73640
0.73600, 0.74390, 0.72980, 0.73290
0.73410, 0.74140, 0.72940, 0.73490
0.73500, 0.73590, 0.71510, 0.71990
0.71900, 0.74810, 0.71670, 0.74730
0.73900, 0.75940, 0.73710, 0.75420
0.75350, 0.75520, 0.72800, 0.72940
0.72740, 0.73620, 0.71060, 0.71620
0.71500, 0.72030, 0.70630, 0.70870
0.70700, 0.71970, 0.70660, 0.71490
0.71560, 0.71790, 0.70830, 0.71430
0.71340, 0.72520, 0.71060, 0.71840
0.71950, 0.72180, 0.70980, 0.71100
0.71090, 0.71570, 0.70290, 0.70950
0.71450, 0.73640, 0.70900, 0.72660
0.72290, 0.73140, 0.71570, 0.72930
0.72480, 0.74430, 0.72410, 0.74380
0.74270, 0.75480, 0.73920, 0.74410
0.74600, 0.74810, 0.73430, 0.73650
0.73680, 0.74990, 0.73070, 0.73660
0.73550, 0.74870, 0.72380, 0.74680
0.74610, 0.75670, 0.74400, 0.74530
0.74570, 0.74840, 0.72730, 0.73190
0.73070, 0.74310, 0.72990, 0.73950
0.73940, 0.74350, 0.73590, 0.74190
0.74160, 0.74970, 0.73470, 0.73500
0.73480, 0.73540, 0.72440, 0.73420
0.73310, 0.74400, 0.73260, 0.73930
0.73860, 0.74810, 0.73400, 0.74360
0.74360, 0.75228, 0.73947, 0.74056
0.74427, 0.75639, 0.74173, 0.75344
0.75413, 0.76521, 0.75062, 0.75474
0.75673, 0.76640, 0.74792, 0.74998
0.75000, 0.75849, 0.74061, 0.74252
0.74970, 0.76492, 0.72425, 0.74463
0.74565, 0.75729, 0.74022, 0.74022
0.74091, 0.75761, 0.73869, 0.75348
0.75644, 0.75975, 0.74724, 0.75256
0.75408, 0.76268, 0.74709, 0.75713
0.75749, 0.76205, 0.74771, 0.74930
0.74725, 0.74986, 0.73447, 0.73600
0.73671, 0.74153, 0.72745, 0.73280
0.73331, 0.74686, 0.73150, 0.74196
0.74167, 0.75846, 0.74098, 0.75594
0.75506, 0.76344, 0.75390, 0.75644
0.75576, 0.76051, 0.75148, 0.75383
0.75271, 0.76408, 0.74784, 0.76116
0.76074, 0.77140, 0.75753, 0.76856
0.77004, 0.77625, 0.76509, 0.76869
0.76884, 0.78068, 0.76778, 0.77234
0.77326, 0.77641, 0.76356, 0.76488
0.76457, 0.77353, 0.75736, 0.76178
0.76186, 0.77166, 0.76040, 0.76849
0.76745, 0.77277, 0.75419, 0.75561
0.75466, 0.76686, 0.74751, 0.76479
0.76427, 0.76530, 0.75395, 0.75676
0.75593, 0.76288, 0.75180, 0.76105
0.76011, 0.76311, 0.74676, 0.75082
0.75095, 0.75438, 0.73896, 0.74454
0.74196, 0.75217, 0.72691, 0.73198
0.73188, 0.74630, 0.73096, 0.73884
0.73894, 0.74320, 0.72434, 0.72496
0.72535, 0.73136, 0.72117, 0.72471
0.72429, 0.72992, 0.71462, 0.71589
0.71504, 0.73283, 0.71478, 0.72916
0.72920, 0.74290, 0.72798, 0.74147
0.74083, 0.74306, 0.73194, 0.73353
0.73263, 0.74106, 0.72742, 0.73652
0.73606, 0.73965, 0.72737, 0.73265
0.73192, 0.75485, 0.73171, 0.75361
0.75342, 0.76247, 0.74731, 0.74803
0.74685, 0.77609, 0.74655, 0.77303
0.77304, 0.77785, 0.76647, 0.77082
0.76978, 0.77269, 0.75314, 0.75875
0.75882, 0.76946, 0.75741, 0.76449
0.76446, 0.76723, 0.75811, 0.75851
0.75579, 0.76942, 0.75069, 0.76843
0.76243, 0.76895, 0.75904, 0.75980
0.76254, 0.77543, 0.76181, 0.76733
0.76832, 0.77957, 0.76407, 0.77162
0.77173, 0.77554, 0.75724, 0.75734
0.75801, 0.76734, 0.75712, 0.75994
0.75955, 0.76917, 0.75591, 0.76861
0.76781, 0.77199, 0.76448, 0.76887
0.76973, 0.77210, 0.75970, 0.76540
0.76451, 0.77199, 0.76249, 0.76495
0.76441, 0.76909, 0.76099, 0.76243
0.76121, 0.76379, 0.74649, 0.74715
0.74759, 0.75356, 0.74472, 0.74484
0.74491, 0.74991, 0.74233, 0.74235
0.74469, 0.75443, 0.74349, 0.74504
0.74566, 0.76081, 0.74468, 0.75597
0.75574, 0.76478, 0.75329, 0.76260
0.76352, 0.76946, 0.75940, 0.75963
0.76251, 0.76794, 0.75890, 0.76579
0.76573, 0.77287, 0.76283, 0.76494
0.76480, 0.77054, 0.76272, 0.76946
0.76828, 0.77144, 0.75057, 0.75659
0.75629, 0.75947, 0.73712, 0.73741
0.73803, 0.74421, 0.72668, 0.73310
0.73415, 0.73985, 0.72753, 0.73306
0.73317, 0.73977, 0.72984, 0.73355
0.73348, 0.73749, 0.72417, 0.72773
0.72525, 0.74670, 0.72434, 0.74620
0.74655, 0.74829, 0.73351, 0.73354
0.73457, 0.73881, 0.72723, 0.72882
0.72922, 0.73559, 0.72623, 0.73164
0.73227, 0.74188, 0.73003, 0.73603
0.73554, 0.75146, 0.73357, 0.74627
0.74668, 0.75669, 0.74482, 0.74752
0.74722, 0.74936, 0.74162, 0.74893
0.74820, 0.75440, 0.74444, 0.75371
0.75403, 0.75702, 0.74383, 0.75418
0.75368, 0.75566, 0.74562, 0.74884
0.74946, 0.75826, 0.74519, 0.74712
0.74894, 0.75202, 0.73945, 0.74742
0.74699, 0.75744, 0.74289, 0.74815
0.74690, 0.75243, 0.74094, 0.74232
0.74057, 0.74327, 0.73049, 0.73477
0.73440, 0.73585, 0.72904, 0.73334
0.73325, 0.73719, 0.72753, 0.73529
0.73507, 0.74411, 0.73248, 0.74342
0.74272, 0.74473, 0.73233, 0.73621
0.73528, 0.73975, 0.73135, 0.73618
0.73524, 0.73672, 0.73122, 0.73550
0.73498, 0.74018, 0.72468, 0.72590
0.72257, 0.72852, 0.71695, 0.72813
0.72780, 0.72846, 0.71329, 0.72010
0.72048, 0.72154, 0.69573, 0.69629
0.69692, 0.70263, 0.68750, 0.68818
0.68735, 0.69887, 0.68735, 0.69172
0.69168, 0.70376, 0.68768, 0.69805
0.69596, 0.70950, 0.69564, 0.70816
0.70799, 0.71232, 0.69858, 0.69938
0.69947, 0.70798, 0.69695, 0.70543
0.70348, 0.71200, 0.70298, 0.70911
0.70757, 0.71015, 0.70208, 0.70658
0.70684, 0.72611, 0.70578, 0.72201
0.72105, 0.73195, 0.72069, 0.72620
0.72507, 0.73417, 0.72358, 0.73203
0.73029, 0.73233, 0.71650, 0.72076
0.72010, 0.73136, 0.71952, 0.73025
0.73656, 0.73765, 0.71215, 0.71251
0.71146, 0.71957, 0.70996, 0.71581
0.71418, 0.71658, 0.69890, 0.69921
0.69999, 0.70418, 0.69006, 0.69229
0.69203, 0.70254, 0.66491, 0.70207
0.70129, 0.71071, 0.69579, 0.70989
0.70949, 0.71739, 0.70523, 0.71275
0.71216, 0.71455, 0.70461, 0.71290
0.71238, 0.72414, 0.70808, 0.72110
0.72105, 0.72618, 0.70768, 0.70882
0.70841, 0.71900, 0.70813, 0.71744
0.71653, 0.72094, 0.70829, 0.71290
0.71301, 0.71962, 0.70659, 0.70673
0.70859, 0.71238, 0.70479, 0.70979
0.70892, 0.71520, 0.70730, 0.70967
0.70981, 0.71297, 0.70219, 0.70314
0.70349, 0.71046, 0.70231, 0.70609
0.70791, 0.71305, 0.70416, 0.71059
0.70985, 0.71978, 0.70778, 0.71899
0.71877, 0.72725, 0.71680, 0.72516
0.72488, 0.72606, 0.71400, 0.71778
0.71650, 0.72039, 0.71196, 0.71386
0.70798, 0.71662, 0.70590, 0.70795
0.70670, 0.70825, 0.69349, 0.69418
0.69809, 0.70081, 0.69012, 0.69379
0.69539, 0.69997, 0.69343, 0.69395
0.69371, 0.69606, 0.68967, 0.69124
0.69268, 0.69292, 0.68449, 0.68595
0.68551, 0.68919, 0.67602, 0.67607
0.67610, 0.68636, 0.67484, 0.68542
0.68778, 0.69466, 0.68567, 0.69187
0.69182, 0.69435, 0.68560, 0.69059
0.69074, 0.69549, 0.68958, 0.69144
0.69120, 0.69304, 0.68568, 0.68617
0.68546, 0.68668, 0.66639, 0.66776
0.66761, 0.66805, 0.65069, 0.65971
0.65963, 0.66584, 0.65236, 0.66301
0.66293, 0.66741, 0.65727, 0.65824
0.65484, 0.66706, 0.64994, 0.66668
0.66521, 0.67795, 0.66362, 0.67642
0.67498, 0.68451, 0.67496, 0.68101
0.67804, 0.68256, 0.66973, 0.67024
0.67118, 0.67358, 0.66549, 0.67028
0.66983, 0.67695, 0.66505, 0.67320
0.67169, 0.67916, 0.66595, 0.67682
0.67669, 0.67857, 0.66991, 0.67464
0.67422, 0.67948, 0.67362, 0.67818
0.67822, 0.68412, 0.67783, 0.68129
0.68076, 0.68883, 0.67927, 0.68369
0.68262, 0.68429, 0.66880, 0.67492
0.67338, 0.67744, 0.67126, 0.67695
0.67744, 0.67810, 0.67435, 0.67533
0.67671, 0.67953, 0.67171, 0.67733
0.67586, 0.68373, 0.66971, 0.67642
0.67657, 0.67872, 0.67059, 0.67810
0.67647, 0.68205, 0.67642, 0.68056
0.68072, 0.68140, 0.67392, 0.67523
0.67355, 0.67572, 0.66211, 0.67103
0.67005, 0.67343, 0.66320, 0.66502
0.66454, 0.66693, 0.66142, 0.66262
0.66063, 0.66165, 0.64283, 0.64402
0.64368, 0.65907, 0.64368, 0.65238
0.65079, 0.66011, 0.65052, 0.65911
0.65948, 0.66138, 0.64656, 0.64807
0.64530, 0.64866, 0.62275, 0.62784
0.62301, 0.63476, 0.61844, 0.62268
0.61455, 0.61980, 0.57689, 0.58764
0.59093, 0.59346, 0.53419, 0.57165
0.57128, 0.59488, 0.56169, 0.58606
0.58487, 0.59784, 0.58269, 0.58520
0.58645, 0.61496, 0.58457, 0.61273
0.61253, 0.62069, 0.60645, 0.61515
0.61544, 0.62357, 0.60728, 0.62228
0.62028, 0.64025, 0.61596, 0.61709
0.61555, 0.63617, 0.61344, 0.63394
0.63362, 0.63654, 0.62277, 0.62355
0.62361, 0.63906, 0.62283, 0.63464
0.63416, 0.64738, 0.63392, 0.64084
0.63912, 0.67432, 0.63898, 0.67018
0.66940, 0.67395, 0.64244, 0.65397
0.65190, 0.66185, 0.64563, 0.65081
0.64785, 0.65837, 0.64768, 0.65048
0.64917, 0.65685, 0.64851, 0.65505
0.65471, 0.65842, 0.65230, 0.65384
0.65300, 0.66283, 0.65121, 0.65664
0.65614, 0.66859, 0.65303, 0.65415
0.65244, 0.66020, 0.64965, 0.65253
0.65069, 0.65952, 0.65068, 0.65327
0.65276, 0.65745, 0.64918, 0.65197
0.65069, 0.66014, 0.65052, 0.65266
0.65149, 0.66588, 0.65038, 0.66580
0.66539, 0.67116, 0.65986, 0.66524
0.66499, 0.66989, 0.65959, 0.66170
0.66089, 0.66645, 0.65913, 0.66403
0.66381, 0.66615, 0.64926, 0.65297
0.65195, 0.66164, 0.65195, 0.65925
0.65802, 0.65994, 0.65103, 0.65848
0.65741, 0.65900, 0.64533, 0.64733
0.64648, 0.65040, 0.63706, 0.64515
0.64519, 0.65053, 0.64012, 0.64416
0.64289, 0.65950, 0.64124, 0.65343
0.65419, 0.67002, 0.65327, 0.66322
0.66259, 0.66833, 0.66172, 0.66539
0.66465, 0.67142, 0.66404, 0.66694
0.66702, 0.66950, 0.65900, 0.66213
0.66130, 0.67161, 0.65779, 0.66999
0.67086, 0.67514, 0.66534, 0.67293
0.67092, 0.67755, 0.66521, 0.67737
0.67525, 0.68269, 0.67132, 0.68131
0.67968, 0.68959, 0.67339, 0.68606
0.68632, 0.69152, 0.68330, 0.68632
0.68558, 0.69099, 0.68105, 0.68241
0.68237, 0.68788, 0.67525, 0.68037
0.67841, 0.69011, 0.67759, 0.68997
0.68876, 0.69340, 0.68672, 0.69190
0.69125, 0.70564, 0.69066, 0.70522
0.70489, 0.72588, 0.69852, 0.69991
0.69973, 0.72277, 0.69907, 0.71475
0.71432, 0.72232, 0.71329, 0.72084
0.72025, 0.72400, 0.71354, 0.71965
0.71702, 0.71897, 0.70861, 0.71720
0.71671, 0.71975, 0.71224, 0.71650
0.71632, 0.71896, 0.70207, 0.70425
0.70422, 0.71638, 0.70145, 0.71131
0.71020, 0.71428, 0.70511, 0.70782
0.70659, 0.71422, 0.70311, 0.70406
0.70333, 0.70877, 0.70127, 0.70630
0.70703, 0.70978, 0.69767, 0.70157
0.70034, 0.70319, 0.69327, 0.69382
0.69347, 0.69727, 0.69244, 0.69370
0.69354, 0.69774, 0.69095, 0.69611
0.69501, 0.69823, 0.69129, 0.69164
0.69213, 0.69520, 0.68911, 0.69051
0.69009, 0.69727, 0.68921, 0.69600
0.69510, 0.69755, 0.68978, 0.69277
0.69224, 0.70017, 0.67807, 0.68425
0.68342, 0.68607, 0.67974, 0.67985
0.67955, 0.68019, 0.67140, 0.67708
0.67567, 0.67763, 0.66408, 0.66484
0.66297, 0.67325, 0.66270, 0.67280
0.67148, 0.68033, 0.67122, 0.67438
0.67353, 0.67470, 0.65124, 0.65461
0.65228, 0.66746, 0.65151, 0.66588
0.66519, 0.68201, 0.66446, 0.68071
0.67953, 0.68239, 0.67457, 0.67492
0.67424, 0.67999, 0.67063, 0.67707
0.67632, 0.67744, 0.66625, 0.67105
0.67006, 0.67733, 0.66894, 0.67558
0.67504, 0.68028, 0.67145, 0.67754
0.67668, 0.68694, 0.67636, 0.68481
0.68406, 0.69319, 0.68150, 0.68392
0.68308, 0.69301, 0.68308, 0.68814
0.68728, 0.68939, 0.67304, 0.67502
0.67456, 0.67943, 0.66972, 0.67503
0.67389, 0.68119, 0.66954, 0.67158
0.67097, 0.67596, 0.65544, 0.65657
0.65745, 0.66266, 0.64173, 0.64218
0.64201, 0.66278, 0.64199, 0.66008
0.65956, 0.66736, 0.65379, 0.65838
0.65848, 0.66714, 0.65366, 0.66335
0.66280, 0.66622, 0.66060, 0.66274
0.66165, 0.66558, 0.65632, 0.65935
0.65847, 0.66776, 0.65755, 0.65922
0.65854, 0.66580, 0.65375, 0.65418
0.65316, 0.66090, 0.64827, 0.65112
0.65027, 0.65864, 0.65012, 0.65484
0.65380, 0.66903, 0.65368, 0.65937
0.65851, 0.66607, 0.65486, 0.66102
0.66011, 0.67093, 0.65675, 0.66906
0.66334, 0.67826, 0.66313, 0.67591
0.67539, 0.68602, 0.67335, 0.68162
0.68008, 0.69397, 0.67304, 0.69047
0.68956, 0.70073, 0.68584, 0.69908
0.69749, 0.70677, 0.68941, 0.69376
0.69247, 0.70936, 0.69197, 0.69667
0.69448, 0.70006, 0.68956, 0.69651
0.69534, 0.70766, 0.69203, 0.69281
0.69334, 0.69718, 0.68213, 0.68710
0.68477, 0.70681, 0.68467, 0.69883
0.69645, 0.69798, 0.68300, 0.69531
0.69155, 0.70223, 0.67974, 0.68655
0.68589, 0.69228, 0.67695, 0.68516
0.68314, 0.69685, 0.68314, 0.69391
0.69280, 0.70443, 0.69110, 0.69519
0.69454, 0.70009, 0.67042, 0.67240
0.67067, 0.67546, 0.65904, 0.66528
0.66301, 0.66566, 0.65086, 0.65386
0.65290, 0.67089, 0.65110, 0.66897
0.66780, 0.66970, 0.65896, 0.66303
0.66268, 0.67134, 0.66255, 0.66546
0.66508, 0.67250, 0.66243, 0.66508
0.66306, 0.67073, 0.65806, 0.66452
0.66378, 0.67132, 0.66069, 0.67035
0.66962, 0.67094, 0.65774, 0.65890
0.65829, 0.67323, 0.65751, 0.66545
0.66372, 0.67493, 0.66229, 0.66782
0.66561, 0.66837, 0.65305, 0.65747
0.65495, 0.65858, 0.64226, 0.64759
0.64642, 0.65290, 0.63398, 0.64058
0.64012, 0.64434, 0.63038, 0.63143
0.63044, 0.64789, 0.63043, 0.63242
0.63229, 0.63361, 0.62107, 0.62344
0.62369, 0.63758, 0.62257, 0.63636
0.63688, 0.64266, 0.62843, 0.63856
0.63702, 0.64536, 0.63451, 0.64334
0.64138, 0.64445, 0.62988, 0.63093
0.63084, 0.64084, 0.62829, 0.63642
0.63580, 0.63965, 0.63010, 0.63714
0.63618, 0.64418, 0.63005, 0.63613
0.63667, 0.64032, 0.62779, 0.63486
0.63353, 0.63891, 0.61984, 0.62431
0.62547, 0.62760, 0.61599, 0.62618
0.62680, 0.63041, 0.62020, 0.63015
0.62807, 0.63863, 0.62619, 0.63787
0.63837, 0.64963, 0.63348, 0.64607
0.64616, 0.64761, 0.62994, 0.64117
0.64013, 0.65685, 0.63990, 0.65469
0.65372, 0.65580, 0.64064, 0.64098
0.64002, 0.64384, 0.63565, 0.63904
0.63906, 0.64431, 0.63400, 0.63559
0.63583, 0.63927, 0.63067, 0.63272
0.63231, 0.63595, 0.62889, 0.63364
0.63230, 0.63322, 0.60539, 0.60639
0.60547, 0.62296, 0.60266, 0.62015
0.62111, 0.62479, 0.60873, 0.61096
0.61054, 0.61743, 0.60789, 0.61177
0.61093, 0.62002, 0.60135, 0.60201
0.60285, 0.60595, 0.59802, 0.59964
0.59923, 0.60487, 0.59648, 0.59690
0.59676, 0.59738, 0.58502, 0.59166
0.59004, 0.60233, 0.58640, 0.60123
0.60097, 0.60498, 0.59567, 0.59646
0.59570, 0.60124, 0.59504, 0.59792
0.59682, 0.59850, 0.58773, 0.58975
0.59020, 0.60161, 0.58855, 0.60024
0.59960, 0.60902, 0.59867, 0.60861
0.60807, 0.61678, 0.60735, 0.61436
0.61465, 0.61541, 0.59755, 0.59836
0.59807, 0.60148, 0.59150, 0.59585
0.59555, 0.60064, 0.59193, 0.59469
0.59320, 0.59534, 0.58561, 0.58925
0.58835, 0.58959, 0.57984, 0.58264
0.58146, 0.58870, 0.57703, 0.57853
0.57772, 0.58593, 0.57048, 0.57307
0.57263, 0.57683, 0.56867, 0.56914
0.56825, 0.56825, 0.56825, 0.56825