0.73400, 0.73501, 0.73164, 0.73164
0.73227, 0.73433, 0.73003, 0.73182
0.73103, 0.73768, 0.73060, 0.73663
0.73667, 0.74157, 0.73244, 0.74135
0.74110, 0.74188, 0.73723, 0.74033
0.74031, 0.74142, 0.73495, 0.73603
0.73554, 0.73895, 0.73357, 0.73625
0.73552, 0.74333, 0.73538, 0.74278
0.74278, 0.74414, 0.74013, 0.74298
0.74259, 0.74748, 0.74202, 0.74627
0.74583, 0.75146, 0.74581, 0.74627
0.74668, 0.74947, 0.74482, 0.74680
0.74655, 0.75154, 0.74513, 0.75063
0.75052, 0.75395, 0.74998, 0.75383
0.75389, 0.75669, 0.75009, 0.75071
0.75044, 0.75108, 0.74646, 0.74752
0.74722, 0.74936, 0.74352, 0.74367
0.74361, 0.74577, 0.74162, 0.74417
0.74417, 0.74498, 0.74238, 0.74357
0.74357, 0.74765, 0.74304, 0.74695
0.74693, 0.74902, 0.74585, 0.74893
0.74820, 0.74891, 0.74520, 0.74573
0.74591, 0.74821, 0.74444, 0.74634
0.74609, 0.74971, 0.74510, 0.74864
0.74806, 0.75228, 0.74601, 0.75140
0.75090, 0.75440, 0.74972, 0.75371
0.75403, 0.75465, 0.75142, 0.75358
0.75322, 0.75395, 0.74470, 0.74645
0.74626, 0.75031, 0.74383, 0.74965
0.74890, 0.75563, 0.74853, 0.75544
0.75516, 0.75702, 0.75356, 0.75418
0.75368, 0.75566, 0.75218, 0.75276
0.75263, 0.75381, 0.74649, 0.74818
0.74782, 0.75282, 0.74562, 0.75228
0.75211, 0.75455, 0.75108, 0.75215
0.75182, 0.75272, 0.74747, 0.74884
0.74946, 0.75641, 0.74926, 0.75603
0.75573, 0.75826, 0.75157, 0.75214
0.75171, 0.75353, 0.74519, 0.75263
0.75233, 0.75293, 0.74685, 0.75107
0.75081, 0.75379, 0.74679, 0.74712
0.74894, 0.75202, 0.74873, 0.74954
0.74929, 0.75053, 0.73945, 0.74404
0.74389, 0.75029, 0.74083, 0.74948
0.74906, 0.74960, 0.74316, 0.74615
0.74564, 0.74877, 0.74248, 0.74742
0.74699, 0.75650, 0.74697, 0.75566
0.75565, 0.75639, 0.74908, 0.74994
0.74994, 0.75744, 0.74943, 0.75639
0.75637, 0.75648, 0.74542, 0.74718
0.74708, 0.75010, 0.74289, 0.74815
0.74690, 0.75112, 0.74683, 0.74983
0.74982, 0.75243, 0.74643, 0.74747
0.74742, 0.74958, 0.74443, 0.74698
0.74697, 0.74934, 0.74213, 0.74529
0.74522, 0.74631, 0.74094, 0.74232
0.74057, 0.74327, 0.73757, 0.73873
0.73868, 0.73923, 0.73119, 0.73388
0.73384, 0.73814, 0.73298, 0.73399
0.73406, 0.73606, 0.73110, 0.73165
0.73161, 0.73655, 0.73049, 0.73477
0.73440, 0.73547, 0.72973, 0.73165
0.73147, 0.73332, 0.73003, 0.73210
0.73209, 0.73531, 0.72904, 0.73179
0.73178, 0.73427, 0.73090, 0.73348
0.73344, 0.73585, 0.73178, 0.73334
0.73325, 0.73383, 0.72753, 0.72917
0.72915, 0.73490, 0.72763, 0.73295
0.73293, 0.73545, 0.73173, 0.73279
0.73279, 0.73462, 0.73109, 0.73390
0.73389, 0.73719, 0.73233, 0.73529
0.73507, 0.74092, 0.73478, 0.74019
0.74019, 0.74209, 0.73870, 0.74003
0.74003, 0.74003, 0.73324, 0.73369
0.73363, 0.74275, 0.73248, 0.74255
0.74252, 0.74411, 0.73942, 0.74342
0.74272, 0.74473, 0.73913, 0.73961
0.73959, 0.74088, 0.73590, 0.73879
0.73879, 0.73984, 0.73458, 0.73895
0.73895, 0.74296, 0.73326, 0.73496
0.73496, 0.73796, 0.73233, 0.73621
0.73528, 0.73716, 0.73201, 0.73277
0.73274, 0.73805, 0.73135, 0.73699
0.73696, 0.73975, 0.73418, 0.73932
0.73927, 0.73933, 0.73242, 0.73337
0.73335, 0.73769, 0.73291, 0.73618
0.73524, 0.73645, 0.73168, 0.73203
0.73201, 0.73672, 0.73155, 0.73548
0.73542, 0.73630, 0.73310, 0.73443
0.73443, 0.73488, 0.73122, 0.73285
0.73274, 0.73613, 0.73183, 0.73550
0.73498, 0.73716, 0.73461, 0.73609
0.73609, 0.74018, 0.73515, 0.73864
0.73861, 0.73968, 0.73607, 0.73822
0.73820, 0.73965, 0.73213, 0.73264
0.73262, 0.73318, 0.72468, 0.72590
0.72257, 0.72542, 0.72120, 0.72210
0.72213, 0.72374, 0.71816, 0.71958
0.71957, 0.72137, 0.71748, 0.71933
0.71931, 0.72514, 0.71695, 0.72385
0.72385, 0.72852, 0.72261, 0.72813
0.72780, 0.72846, 0.72562, 0.72739
0.72737, 0.72784, 0.72512, 0.72517
0.72498, 0.72564, 0.72134, 0.72273
0.72236, 0.72292, 0.71419, 0.71473
0.71467, 0.72154, 0.71329, 0.72010
0.72048, 0.72154, 0.71859, 0.71956
0.71977, 0.72015, 0.71574, 0.71632
0.71632, 0.71767, 0.70718, 0.70927
0.70927, 0.71001, 0.70289, 0.70404
0.70400, 0.70447, 0.69573, 0.69629
0.69692, 0.70044, 0.69507, 0.69908
0.69908, 0.70161, 0.69693, 0.69926
0.69926, 0.70263, 0.69680, 0.69927
0.69923, 0.69949, 0.69449, 0.69451
0.69451, 0.69511, 0.68750, 0.68818
0.68735, 0.69432, 0.68735, 0.69338
0.69337, 0.69520, 0.69012, 0.69239
0.69238, 0.69718, 0.69043, 0.69596
0.69553, 0.69887, 0.69383, 0.69432
0.69432, 0.69613, 0.69168, 0.69172
0.69168, 0.69290, 0.69010, 0.69081
0.69040, 0.69683, 0.68768, 0.69620
0.69604, 0.70376, 0.69517, 0.70272
0.70272, 0.70326, 0.69803, 0.69916
0.69915, 0.69974, 0.69474, 0.69805
0.69596, 0.69998, 0.69564, 0.69963
0.69961, 0.70130, 0.69703, 0.69953
0.69950, 0.70404, 0.69898, 0.70098
0.70098, 0.70603, 0.69892, 0.70417
0.70417, 0.70950, 0.70241, 0.70816
0.70799, 0.71152, 0.70699, 0.71064
0.71045, 0.71232, 0.70398, 0.70720
0.70697, 0.70778, 0.70423, 0.70486
0.70483, 0.70483, 0.70040, 0.70191
0.70186, 0.70351, 0.69858, 0.69938
0.69947, 0.70288, 0.69846, 0.70230
0.70230, 0.70476, 0.70123, 0.70436
0.70434, 0.70664, 0.69729, 0.69750
0.69755, 0.70663, 0.69695, 0.70475
0.70475, 0.70798, 0.70373, 0.70543
0.70348, 0.70642, 0.70298, 0.70381
0.70378, 0.70752, 0.70298, 0.70747
0.70736, 0.70970, 0.70576, 0.70745
0.70745, 0.71136, 0.70623, 0.70679
0.70677, 0.71200, 0.70599, 0.70911
0.70757, 0.71015, 0.70498, 0.70537
0.70498, 0.70592, 0.70208, 0.70490
0.70488, 0.70834, 0.70388, 0.70451
0.70440, 0.70981, 0.70328, 0.70765
0.70763, 0.70875, 0.70218, 0.70658
0.70684, 0.70978, 0.70578, 0.70732
0.70742, 0.71534, 0.70687, 0.71377
0.71402, 0.71444, 0.71104, 0.71317
0.71308, 0.72263, 0.71291, 0.72172
0.72164, 0.72611, 0.71988, 0.72201
0.72105, 0.72478, 0.72069, 0.72407
0.72397, 0.72697, 0.72341, 0.72620
0.72618, 0.72935, 0.72378, 0.72928
0.72852, 0.73195, 0.72645, 0.72998
0.72949, 0.73143, 0.72574, 0.72620
0.72507, 0.72818, 0.72483, 0.72510
0.72479, 0.72934, 0.72358, 0.72687
0.72688, 0.72954, 0.72525, 0.72755
0.72729, 0.73366, 0.72679, 0.73250
0.73168, 0.73417, 0.73021, 0.73203
0.73029, 0.73233, 0.72328, 0.72469
0.72452, 0.72513, 0.71784, 0.71784
0.71756, 0.72408, 0.71650, 0.72226
0.72206, 0.72257, 0.71910, 0.72103
0.72090, 0.72183, 0.71945, 0.72076
0.72010, 0.72502, 0.72002, 0.72076
0.72042, 0.72577, 0.71952, 0.72150
0.72122, 0.72819, 0.72110, 0.72586
0.72577, 0.73136, 0.72420, 0.72882
0.72868, 0.73047, 0.72686, 0.73025
0.73656, 0.73765, 0.73343, 0.73420
0.73385, 0.73595, 0.73142, 0.73213
0.73147, 0.73372, 0.72456, 0.72518
0.72475, 0.72529, 0.71493, 0.71814
0.71768, 0.71876, 0.71215, 0.71251
0.71146, 0.71482, 0.71011, 0.71183
0.71188, 0.71575, 0.70996, 0.71519
0.71536, 0.71832, 0.71380, 0.71713
0.71693, 0.71957, 0.71587, 0.71802
0.71800, 0.71844, 0.71243, 0.71581
0.71418, 0.71658, 0.71184, 0.71277
0.71279, 0.71479, 0.71164, 0.71345
0.71267, 0.71499, 0.70461, 0.70687
0.70676, 0.70886, 0.70001, 0.70245
0.70176, 0.70541, 0.69890, 0.69921
0.69999, 0.70287, 0.69592, 0.69755
0.69618, 0.70418, 0.69612, 0.70356
0.70248, 0.70406, 0.69175, 0.69422
0.69436, 0.69554, 0.69006, 0.69229
0.69203, 0.69690, 0.69169, 0.69271
0.69016, 0.69369, 0.68809, 0.69144
0.69144, 0.69455, 0.66491, 0.69111
0.69063, 0.70254, 0.68945, 0.70207
0.70129, 0.70294, 0.69817, 0.70017
0.70008, 0.70178, 0.69822, 0.70052
0.70035, 0.70342, 0.69839, 0.69859
0.69857, 0.70779, 0.69579, 0.70738
0.70724, 0.71071, 0.70650, 0.70989
0.70949, 0.71002, 0.70550, 0.70586
0.70570, 0.71160, 0.70523, 0.71131
0.71105, 0.71296, 0.70793, 0.70991
0.70945, 0.71739, 0.70894, 0.71509
0.71483, 0.71709, 0.71275, 0.71275
0.71216, 0.71455, 0.71143, 0.71347
0.71348, 0.71421, 0.70949, 0.71010
0.71009, 0.71337, 0.70920, 0.71044
0.71003, 0.71261, 0.70493, 0.70641
0.70626, 0.71330, 0.70461, 0.71290
0.71238, 0.71478, 0.70959, 0.71062
0.71038, 0.71236, 0.70808, 0.71181
0.71151, 0.72305, 0.71063, 0.72068
0.72027, 0.72414, 0.71963, 0.72332
0.72251, 0.72362, 0.71966, 0.72110
0.72105, 0.72207, 0.71954, 0.72097
0.72123, 0.72618, 0.71784, 0.72353
0.72265, 0.72444, 0.71206, 0.71235
0.71178, 0.71333, 0.70911, 0.71202
0.71080, 0.71197, 0.70768, 0.70882
0.70841, 0.71552, 0.70813, 0.70896
0.70858, 0.71572, 0.70840, 0.71388
0.71371, 0.71751, 0.71333, 0.71529
0.71503, 0.71900, 0.71230, 0.71404
0.71379, 0.71835, 0.71197, 0.71744
0.71653, 0.71824, 0.71522, 0.71578
0.71586, 0.71784, 0.71371, 0.71721
0.71640, 0.71832, 0.71504, 0.71706
0.71651, 0.72094, 0.70829, 0.70977
0.70926, 0.71420, 0.70902, 0.71290
0.71301, 0.71850, 0.71248, 0.71722
0.71684, 0.71887, 0.71401, 0.71882
0.71681, 0.71962, 0.71200, 0.71501
0.71459, 0.71715, 0.70733, 0.70791
0.70773, 0.71084, 0.70659, 0.70673
0.70859, 0.71025, 0.70715, 0.70838
0.70767, 0.71200, 0.70614, 0.71159
0.71073, 0.71238, 0.70479, 0.70673
0.70628, 0.71080, 0.70489, 0.70946
0.70932, 0.71056, 0.70688, 0.70979
0.70892, 0.71520, 0.70815, 0.71423
0.71409, 0.71497, 0.71213, 0.71326
0.71336, 0.71348, 0.70989, 0.71169
0.71175, 0.71200, 0.70730, 0.70909
0.70921, 0.71146, 0.70882, 0.70967
0.70981, 0.71297, 0.70928, 0.71088
0.71088, 0.71171, 0.70775, 0.70824
0.70820, 0.70929, 0.70513, 0.70599
0.70646, 0.71010, 0.70219, 0.70535
0.70521, 0.70725, 0.70307, 0.70314
0.70349, 0.70598, 0.70231, 0.70531
0.70560, 0.71046, 0.70524, 0.70944
0.70926, 0.70964, 0.70308, 0.70433
0.70457, 0.70719, 0.70296, 0.70362
0.70390, 0.70790, 0.70369, 0.70609
0.70791, 0.71107, 0.70691, 0.71056
0.70833, 0.71194, 0.70433, 0.70574
0.70515, 0.71080, 0.70416, 0.70993
0.70991, 0.71202, 0.70851, 0.71133
0.71088, 0.71305, 0.70953, 0.71059
0.70985, 0.71239, 0.70778, 0.71184
0.71179, 0.71458, 0.71106, 0.71246
0.71204, 0.71908, 0.71124, 0.71891
0.71891, 0.71891, 0.71415, 0.71459
0.71400, 0.71978, 0.71362, 0.71899
0.71877, 0.72092, 0.71759, 0.72020
0.71966, 0.72312, 0.71680, 0.72305
0.72262, 0.72642, 0.72084, 0.72547
0.72543, 0.72725, 0.72324, 0.72586
0.72580, 0.72608, 0.72438, 0.72516
0.72488, 0.72556, 0.72348, 0.72469
0.72469, 0.72606, 0.72289, 0.72423
0.72394, 0.72441, 0.71457, 0.71545
0.71543, 0.71651, 0.71400, 0.71591
0.71587, 0.71962, 0.71496, 0.71778
0.71650, 0.72027, 0.71650, 0.71945
0.71943, 0.72039, 0.71673, 0.71851
0.71849, 0.71921, 0.71300, 0.71396
0.71355, 0.71646, 0.71245, 0.71343
0.71343, 0.71486, 0.71196, 0.71386
0.70798, 0.71278, 0.70729, 0.71219
0.71215, 0.71662, 0.70927, 0.71461
0.71460, 0.71613, 0.71151, 0.71306
0.71305, 0.71384, 0.70590, 0.70935
0.70931, 0.71285, 0.70651, 0.70795
0.70670, 0.70825, 0.69775, 0.69863
0.69860, 0.70145, 0.69751, 0.70037
0.70037, 0.70045, 0.69612, 0.69871
0.69871, 0.69931, 0.69460, 0.69593
0.69591, 0.69662, 0.69349, 0.69418
0.69809, 0.70081, 0.69613, 0.69663
0.69636, 0.69891, 0.69397, 0.69600
0.69598, 0.69665, 0.69322, 0.69463
0.69465, 0.69484, 0.69088, 0.69224
0.69217, 0.69450, 0.69012, 0.69379
0.69539, 0.69677, 0.69343, 0.69438
0.69438, 0.69945, 0.69403, 0.69754
0.69750, 0.69791, 0.69482, 0.69727
0.69727, 0.69997, 0.69568, 0.69656
0.69656, 0.69716, 0.69371, 0.69395
0.69371, 0.69606, 0.69114, 0.69233
0.69232, 0.69496, 0.69055, 0.69356
0.69354, 0.69511, 0.68967, 0.69311
0.69311, 0.69468, 0.69006, 0.69169
0.69164, 0.69327, 0.69004, 0.69124
0.69268, 0.69292, 0.68821, 0.68886
0.68880, 0.69114, 0.68774, 0.69065
0.69062, 0.69131, 0.68803, 0.68972
0.68970, 0.69050, 0.68507, 0.68718
0.68718, 0.68759, 0.68449, 0.68595
0.68551, 0.68788, 0.68407, 0.68454
0.68454, 0.68806, 0.68104, 0.68767
0.68766, 0.68919, 0.68297, 0.68429
0.68424, 0.68424, 0.67711, 0.67965
0.67963, 0.68113, 0.67602, 0.67607
0.67610, 0.68034, 0.67569, 0.67678
0.67648, 0.68124, 0.67484, 0.67905
0.67905, 0.68336, 0.67800, 0.68307
0.68303, 0.68636, 0.68260, 0.68436
0.68434, 0.68565, 0.68259, 0.68542
0.68778, 0.68895, 0.68567, 0.68782
0.68779, 0.69201, 0.68638, 0.68973
0.68972, 0.69463, 0.68712, 0.69357
0.69349, 0.69466, 0.69100, 0.69157
0.69157, 0.69393, 0.69052, 0.69187
0.69182, 0.69435, 0.69107, 0.69309
0.69272, 0.69345, 0.68717, 0.68842
0.68839, 0.68979, 0.68560, 0.68871
0.68871, 0.69101, 0.68653, 0.69076
0.69074, 0.69262, 0.68821, 0.69059
0.69074, 0.69329, 0.68958, 0.69303
0.69299, 0.69474, 0.69161, 0.69256
0.69256, 0.69443, 0.69155, 0.69212
0.69212, 0.69543, 0.69016, 0.69431
0.69430, 0.69549, 0.69113, 0.69144
0.69120, 0.69304, 0.69036, 0.69088
0.69076, 0.69216, 0.68857, 0.69012
0.69002, 0.69029, 0.68703, 0.68720
0.68718, 0.69043, 0.68607, 0.68894
0.68888, 0.68907, 0.68568, 0.68617
0.68546, 0.68668, 0.68393, 0.68428
0.68427, 0.68483, 0.68046, 0.68051
0.68051, 0.68380, 0.67910, 0.68050
0.68047, 0.68354, 0.67265, 0.67359
0.67359, 0.67405, 0.66639, 0.66776
0.66761, 0.66805, 0.65774, 0.65774
0.65768, 0.66445, 0.65580, 0.65961
0.65961, 0.66134, 0.65069, 0.65911
0.65911, 0.66604, 0.65783, 0.66290
0.66289, 0.66423, 0.65933, 0.65971
0.65963, 0.66091, 0.65394, 0.65408
0.65415, 0.66584, 0.65236, 0.66367
0.66367, 0.66453, 0.65438, 0.65678
0.65651, 0.66343, 0.65632, 0.66153
0.66153, 0.66551, 0.66102, 0.66301
0.66293, 0.66548, 0.66167, 0.66393
0.66371, 0.66619, 0.66242, 0.66264
0.66263, 0.66692, 0.66222, 0.66624
0.66623, 0.66654, 0.66365, 0.66458
0.66455, 0.66741, 0.65727, 0.65824
0.65484, 0.66499, 0.64994, 0.66343
0.66334, 0.66491, 0.65964, 0.66247
0.66247, 0.66380, 0.66064, 0.66068
0.66064, 0.66453, 0.65868, 0.66383
0.66381, 0.66706, 0.66194, 0.66668
0.66521, 0.66742, 0.66444, 0.66523
0.66451, 0.66781, 0.66362, 0.66722
0.66721, 0.67038, 0.66574, 0.66677
0.66541, 0.67325, 0.66541, 0.67186
0.67186, 0.67795, 0.67136, 0.67642
0.67498, 0.68132, 0.67496, 0.68093
0.68040, 0.68199, 0.67818, 0.68048
0.68044, 0.68294, 0.67928, 0.68140
0.68133, 0.68451, 0.67907, 0.67978
0.67977, 0.68232, 0.67743, 0.68101
0.67804, 0.68211, 0.67746, 0.68152
0.68152, 0.68216, 0.67749, 0.68180
0.68180, 0.68256, 0.67915, 0.68125
0.68118, 0.68168, 0.67261, 0.67464
0.67463, 0.67503, 0.66973, 0.67024
0.67118, 0.67212, 0.66947, 0.67032
0.67029, 0.67358, 0.66925, 0.67013
0.67006, 0.67163, 0.66549, 0.66970
0.66965, 0.67331, 0.66835, 0.67053
0.67046, 0.67332, 0.66886, 0.67028
0.66983, 0.67434, 0.66869, 0.67358
0.67358, 0.67695, 0.66505, 0.66565
0.66562, 0.67000, 0.66513, 0.66857
0.66836, 0.67404, 0.66813, 0.67336
0.67334, 0.67605, 0.67131, 0.67320
0.67169, 0.67308, 0.66915, 0.66964
0.66943, 0.67185, 0.66747, 0.66813
0.66774, 0.67145, 0.66726, 0.66967
0.66935, 0.67459, 0.66595, 0.67390
0.67386, 0.67916, 0.67280, 0.67682
0.67669, 0.67857, 0.67174, 0.67590
0.67562, 0.67704, 0.67326, 0.67479
0.67438, 0.67461, 0.66991, 0.67241
0.67224, 0.67831, 0.67145, 0.67423
0.67361, 0.67650, 0.67331, 0.67464
0.67422, 0.67820, 0.67362, 0.67701
0.67684, 0.67913, 0.67631, 0.67856
0.67816, 0.67920, 0.67625, 0.67899
0.67856, 0.67910, 0.67584, 0.67646
0.67612, 0.67948, 0.67556, 0.67818
0.67822, 0.68129, 0.67783, 0.68008
0.68019, 0.68289, 0.67990, 0.68190
0.68204, 0.68309, 0.68002, 0.68262
0.68251, 0.68412, 0.67907, 0.67973
0.67979, 0.68326, 0.67931, 0.68129
0.68076, 0.68332, 0.67945, 0.68002
0.67972, 0.68634, 0.67927, 0.68423
0.68433, 0.68567, 0.68179, 0.68343
0.68278, 0.68883, 0.68107, 0.68626
0.68575, 0.68743, 0.68212, 0.68369
0.68262, 0.68429, 0.68030, 0.68041
0.68029, 0.68209, 0.67897, 0.67929
0.67916, 0.68040, 0.67515, 0.67681
0.67677, 0.67722, 0.66880, 0.67058
0.67027, 0.67520, 0.67024, 0.67492
0.67338, 0.67521, 0.67195, 0.67360
0.67320, 0.67744, 0.67151, 0.67636
0.67617, 0.67720, 0.67246, 0.67400
0.67364, 0.67584, 0.67126, 0.67404
0.67383, 0.67703, 0.67304, 0.67695
0.67744, 0.67807, 0.67435, 0.67549
0.67524, 0.67810, 0.67499, 0.67693
0.67643, 0.67801, 0.67588, 0.67712
0.67677, 0.67695, 0.67489, 0.67592
0.67562, 0.67803, 0.67515, 0.67533
0.67671, 0.67887, 0.67584, 0.67591
0.67568, 0.67953, 0.67414, 0.67604
0.67546, 0.67833, 0.67171, 0.67725
0.67672, 0.67750, 0.67407, 0.67431
0.67416, 0.67806, 0.67404, 0.67733
0.67586, 0.67726, 0.67418, 0.67419
0.67411, 0.67529, 0.67015, 0.67043
0.66993, 0.67729, 0.66971, 0.67600
0.67545, 0.68153, 0.67470, 0.68014
0.68070, 0.68373, 0.67487, 0.67642
0.67657, 0.67851, 0.67536, 0.67644
0.67582, 0.67635, 0.67059, 0.67145
0.67134, 0.67341, 0.67065, 0.67174
0.67184, 0.67473, 0.67126, 0.67369
0.67335, 0.67872, 0.67295, 0.67810
0.67647, 0.67978, 0.67642, 0.67954
0.67900, 0.68034, 0.67816, 0.67886
0.67941, 0.68205, 0.67887, 0.68162
0.68073, 0.68201, 0.67871, 0.68056
0.68072, 0.68140, 0.67709, 0.67792
0.67793, 0.68137, 0.67674, 0.67902
0.67902, 0.67943, 0.67754, 0.67881
0.67852, 0.67909, 0.67392, 0.67523
0.67355, 0.67572, 0.67087, 0.67174
0.67127, 0.67247, 0.66550, 0.66661
0.66607, 0.66953, 0.66211, 0.66875
0.66848, 0.67010, 0.66586, 0.66741
0.66740, 0.67233, 0.66665, 0.67103
0.67005, 0.67343, 0.66960, 0.67025
0.66977, 0.67058, 0.66674, 0.66786
0.66741, 0.66785, 0.66320, 0.66580
0.66580, 0.66770, 0.66450, 0.66553
0.66553, 0.66739, 0.66414, 0.66502
0.66454, 0.66693, 0.66432, 0.66527
0.66478, 0.66638, 0.66231, 0.66303
0.66283, 0.66541, 0.66180, 0.66238
0.66236, 0.66598, 0.66149, 0.66351
0.66326, 0.66501, 0.66142, 0.66262
0.66063, 0.66165, 0.65477, 0.65535
0.65527, 0.65810, 0.65228, 0.65804
0.65741, 0.66026, 0.65654, 0.65728
0.65686, 0.65741, 0.64871, 0.65174
0.65141, 0.65284, 0.64283, 0.64402
0.64368, 0.64817, 0.64368, 0.64656
0.64587, 0.65351, 0.64496, 0.65322
0.65314, 0.65897, 0.65154, 0.65676
0.65647, 0.65907, 0.65575, 0.65599
0.65587, 0.65658, 0.64972, 0.65238
0.65079, 0.65585, 0.65052, 0.65336
0.65297, 0.65854, 0.65297, 0.65513
0.65488, 0.65930, 0.65463, 0.65914
0.65871, 0.66011, 0.65571, 0.65810
0.65675, 0.65986, 0.65675, 0.65911
0.65948, 0.66138, 0.65827, 0.65845
0.65817, 0.65859, 0.65418, 0.65743
0.65731, 0.65964, 0.65594, 0.65700
0.65590, 0.65789, 0.64973, 0.65086
0.65069, 0.65172, 0.64656, 0.64807
0.64530, 0.64821, 0.64515, 0.64657
0.64612, 0.64866, 0.64351, 0.64424
0.64396, 0.64589, 0.63909, 0.63929
0.63893, 0.64002, 0.63592, 0.63593
0.63500, 0.63793, 0.62275, 0.62784
0.62301, 0.63398, 0.62301, 0.62763
0.62599, 0.63433, 0.62349, 0.62945
0.62937, 0.63476, 0.62826, 0.63417
0.63390, 0.63465, 0.62415, 0.62550
0.62453, 0.62680, 0.61844, 0.62268
0.61455, 0.61980, 0.57689, 0.60932
0.61003, 0.61540, 0.60346, 0.60924
0.61042, 0.61270, 0.60577, 0.60931
0.60929, 0.60971, 0.58713, 0.59627
0.59419, 0.60161, 0.58389, 0.58764
0.59093, 0.59346, 0.57534, 0.57681
0.57697, 0.58391, 0.57300, 0.57777
0.57780, 0.57854, 0.55564, 0.55901
0.55877, 0.58412, 0.53419, 0.56653
0.56657, 0.58559, 0.55966, 0.57165
0.57128, 0.57409, 0.56169, 0.57242
0.57204, 0.58758, 0.57200, 0.58611
0.58600, 0.59488, 0.58028, 0.58079
0.58089, 0.58668, 0.57269, 0.58180
0.58173, 0.59070, 0.58047, 0.58606
0.58487, 0.59231, 0.58269, 0.59152
0.59039, 0.59633, 0.58375, 0.59066
0.58901, 0.59784, 0.58378, 0.58652
0.58472, 0.59127, 0.58354, 0.59048
0.58912, 0.59166, 0.58392, 0.58520
0.58645, 0.59714, 0.58457, 0.59552
0.59487, 0.60290, 0.59430, 0.59840
0.59715, 0.60612, 0.59454, 0.60586
0.60435, 0.61402, 0.60273, 0.61222
0.61200, 0.61496, 0.61038, 0.61273
0.61253, 0.61955, 0.61067, 0.61776
0.61739, 0.62069, 0.61433, 0.61879
0.61744, 0.61869, 0.60835, 0.60962
0.60877, 0.61315, 0.60645, 0.61309
0.61294, 0.61853, 0.61282, 0.61515
0.61544, 0.61796, 0.61312, 0.61333
0.61264, 0.61444, 0.60728, 0.60930
0.60836, 0.61580, 0.60805, 0.61434
0.61381, 0.62357, 0.61133, 0.62169
0.62062, 0.62328, 0.61955, 0.62228
0.62028, 0.63097, 0.62028, 0.63036
0.63031, 0.63482, 0.62793, 0.63303
0.63261, 0.63864, 0.63208, 0.63830
0.63833, 0.64025, 0.62824, 0.62835
0.62816, 0.62903, 0.61596, 0.61709
0.61555, 0.62132, 0.61344, 0.62040
0.61990, 0.62832, 0.61962, 0.62594
0.62560, 0.62831, 0.62359, 0.62436
0.62339, 0.63421, 0.62196, 0.63193
0.63141, 0.63617, 0.63141, 0.63394
0.63362, 0.63654, 0.62801, 0.63113
0.63065, 0.63331, 0.62687, 0.62733
0.62652, 0.63134, 0.62548, 0.62773
0.62669, 0.62943, 0.62390, 0.62875
0.62810, 0.63007, 0.62277, 0.62355
0.62361, 0.63556, 0.62283, 0.63362
0.63315, 0.63906, 0.63296, 0.63509
0.63395, 0.63790, 0.63240, 0.63675
0.63563, 0.63871, 0.63269, 0.63743
0.63632, 0.63799, 0.63214, 0.63464
0.63416, 0.63631, 0.63392, 0.63597
0.63579, 0.64428, 0.63520, 0.64246
0.64141, 0.64738, 0.63688, 0.64131
0.64105, 0.64467, 0.63820, 0.63985
0.63955, 0.64301, 0.63708, 0.64084
0.63912, 0.65422, 0.63898, 0.65326
0.65361, 0.66389, 0.65137, 0.66379
0.66234, 0.67114, 0.66135, 0.66528
0.66541, 0.66806, 0.66040, 0.66343
0.66328, 0.67432, 0.66224, 0.67018
0.66940, 0.67353, 0.66631, 0.67217
0.67168, 0.67395, 0.65887, 0.66203
0.66093, 0.66590, 0.65936, 0.66027
0.66026, 0.66089, 0.64416, 0.64713
0.64588, 0.65454, 0.64244, 0.65397
0.65190, 0.65685, 0.64563, 0.65674
0.65587, 0.66185, 0.65034, 0.65515
0.65384, 0.65891, 0.65178, 0.65292
0.65181, 0.65489, 0.64909, 0.65184
0.65073, 0.65590, 0.65012, 0.65081
0.64785, 0.65605, 0.64768, 0.65452
0.65357, 0.65837, 0.65065, 0.65448
0.65323, 0.65730, 0.65030, 0.65110
0.65065, 0.65347, 0.64962, 0.65307
0.65247, 0.65371, 0.64923, 0.65048
0.64917, 0.65327, 0.64851, 0.65316
0.65277, 0.65500, 0.65024, 0.65406
0.65323, 0.65667, 0.65213, 0.65393
0.65355, 0.65577, 0.65284, 0.65462
0.65401, 0.65685, 0.65391, 0.65505
0.65471, 0.65805, 0.65418, 0.65685
0.65605, 0.65842, 0.65366, 0.65442
0.65439, 0.65531, 0.65244, 0.65516
0.65436, 0.65590, 0.65331, 0.65480
0.65384, 0.65531, 0.65230, 0.65384
0.65300, 0.65807, 0.65287, 0.65339
0.65301, 0.65585, 0.65121, 0.65558
0.65395, 0.66283, 0.65393, 0.66163
0.66162, 0.66245, 0.65814, 0.65916
0.65826, 0.66059, 0.65564, 0.65664
0.65614, 0.65890, 0.65558, 0.65865
0.65848, 0.66680, 0.65839, 0.66471
0.66492, 0.66859, 0.66305, 0.66382
0.66333, 0.66468, 0.65664, 0.65668
0.65665, 0.65838, 0.65303, 0.65415
0.65244, 0.65870, 0.65244, 0.65764
0.65735, 0.66020, 0.65428, 0.65688
0.65662, 0.65895, 0.65457, 0.65578
0.65450, 0.65600, 0.64965, 0.65407
0.65314, 0.65533, 0.65079, 0.65253
0.65069, 0.65575, 0.65068, 0.65361
0.65265, 0.65568, 0.65154, 0.65411
0.65362, 0.65719, 0.65273, 0.65316
0.65265, 0.65893, 0.65153, 0.65842
0.65738, 0.65952, 0.65281, 0.65327
0.65276, 0.65743, 0.65244, 0.65456
0.65375, 0.65745, 0.65375, 0.65498
0.65397, 0.65567, 0.65060, 0.65321
0.65188, 0.65420, 0.64971, 0.65025
0.64967, 0.65249, 0.64918, 0.65197
0.65069, 0.65429, 0.65059, 0.65385
0.65367, 0.65530, 0.65204, 0.65418
0.65333, 0.66014, 0.65330, 0.65736
0.65648, 0.65782, 0.65052, 0.65284
0.65190, 0.65499, 0.65156, 0.65266
0.65149, 0.65492, 0.65104, 0.65304
0.65221, 0.65417, 0.65038, 0.65292
0.65234, 0.65733, 0.65215, 0.65719
0.65551, 0.66021, 0.65551, 0.65969
0.65877, 0.66588, 0.65876, 0.66580
0.66539, 0.66744, 0.66334, 0.66665
0.66577, 0.67105, 0.66532, 0.67050
0.66939, 0.67116, 0.66535, 0.66811
0.66717, 0.66883, 0.66064, 0.66135
0.66050, 0.66617, 0.65986, 0.66524
0.66499, 0.66743, 0.66407, 0.66651
0.66603, 0.66989, 0.66153, 0.66206
0.66154, 0.66539, 0.66023, 0.66427
0.66353, 0.66443, 0.66008, 0.66074
0.65999, 0.66407, 0.65959, 0.66170
0.66089, 0.66245, 0.65913, 0.66206
0.66146, 0.66554, 0.66013, 0.66303
0.66264, 0.66645, 0.66230, 0.66430
0.66336, 0.66601, 0.66236, 0.66401
0.66309, 0.66597, 0.66274, 0.66403
0.66381, 0.66615, 0.65879, 0.66056
0.65933, 0.66199, 0.65806, 0.65923
0.65820, 0.66016, 0.65290, 0.65313
0.65258, 0.65408, 0.64926, 0.65291
0.65276, 0.65623, 0.65107, 0.65297
0.65195, 0.65616, 0.65195, 0.65367
0.65345, 0.65814, 0.65290, 0.65545
0.65522, 0.66126, 0.65389, 0.65968
0.65820, 0.66164, 0.65820, 0.65973
0.65962, 0.66026, 0.65561, 0.65925
0.65802, 0.65994, 0.65655, 0.65704
0.65607, 0.65918, 0.65142, 0.65152
0.65164, 0.65523, 0.65103, 0.65473
0.65418, 0.65847, 0.65318, 0.65726
0.65676, 0.65917, 0.65563, 0.65848
0.65741, 0.65900, 0.65521, 0.65552
0.65484, 0.65597, 0.65182, 0.65486
0.65394, 0.65703, 0.65313, 0.65402
0.65379, 0.65450, 0.64533, 0.64863
0.64837, 0.64903, 0.64592, 0.64733
0.64648, 0.65040, 0.64245, 0.64319
0.64262, 0.64319, 0.63706, 0.63913
0.63921, 0.64513, 0.63886, 0.64418
0.64391, 0.64606, 0.64210, 0.64552
0.64551, 0.64748, 0.64346, 0.64515
0.64519, 0.64794, 0.64282, 0.64586
0.64618, 0.64882, 0.64587, 0.64732
0.64735, 0.65053, 0.64069, 0.64156
0.64142, 0.64453, 0.64012, 0.64348
0.64341, 0.64693, 0.64157, 0.64416
0.64289, 0.64875, 0.64124, 0.64864
0.64748, 0.65440, 0.64549, 0.65343
0.65250, 0.65669, 0.64662, 0.65485
0.65356, 0.65950, 0.65190, 0.65858
0.65813, 0.65859, 0.65206, 0.65343
0.65419, 0.66642, 0.65327, 0.66517
0.66395, 0.66809, 0.66259, 0.66658
0.66505, 0.67002, 0.66502, 0.66735
0.66658, 0.66801, 0.66108, 0.66160
0.66072, 0.66416, 0.66039, 0.66322
0.66259, 0.66821, 0.66247, 0.66795
0.66736, 0.66833, 0.66355, 0.66548
0.66451, 0.66703, 0.66283, 0.66549
0.66520, 0.66577, 0.66188, 0.66315
0.66290, 0.66684, 0.66172, 0.66539
0.66465, 0.66767, 0.66404, 0.66475
0.66452, 0.67142, 0.66412, 0.67068
0.67008, 0.67140, 0.66678, 0.66891
0.66773, 0.66947, 0.66665, 0.66678
0.66638, 0.66980, 0.66622, 0.66694
0.66702, 0.66950, 0.66490, 0.66740
0.66581, 0.66861, 0.66192, 0.66335
0.66231, 0.66536, 0.65900, 0.66343
0.66283, 0.66433, 0.66144, 0.66267
0.66238, 0.66304, 0.65945, 0.66213
0.66130, 0.66278, 0.65816, 0.66089
0.65989, 0.66182, 0.65799, 0.65867
0.65804, 0.66515, 0.65779, 0.66165
0.66125, 0.66880, 0.65955, 0.66792
0.66725, 0.67161, 0.66633, 0.66999
0.67086, 0.67215, 0.66782, 0.66786
0.66706, 0.67057, 0.66534, 0.66895
0.66870, 0.67111, 0.66794, 0.67048
0.67008, 0.67514, 0.66991, 0.67417
0.67371, 0.67451, 0.67084, 0.67293
0.67092, 0.67267, 0.66521, 0.67152
0.67109, 0.67193, 0.66756, 0.66920
0.66826, 0.67468, 0.66803, 0.67313
0.67149, 0.67755, 0.67146, 0.67737
0.67525, 0.67794, 0.67239, 0.67352
0.67291, 0.67467, 0.67176, 0.67257
0.67240, 0.67890, 0.67132, 0.67744
0.67704, 0.68269, 0.67572, 0.68131
0.67968, 0.68252, 0.67339, 0.67525
0.67442, 0.68275, 0.67422, 0.68162
0.68091, 0.68696, 0.68005, 0.68557
0.68519, 0.68809, 0.68313, 0.68767
0.68649, 0.68959, 0.68573, 0.68606
0.68632, 0.68728, 0.68330, 0.68512
0.68459, 0.68927, 0.68454, 0.68888
0.68834, 0.68932, 0.68572, 0.68634
0.68561, 0.69152, 0.68558, 0.69081
0.69050, 0.69130, 0.68330, 0.68632
0.68558, 0.68679, 0.68267, 0.68407
0.68320, 0.68742, 0.68274, 0.68393
0.68310, 0.69042, 0.68290, 0.68901
0.68845, 0.69099, 0.68626, 0.68721
0.68604, 0.68752, 0.68105, 0.68241
0.68237, 0.68591, 0.68165, 0.68477
0.68428, 0.68776, 0.68195, 0.68669
0.68611, 0.68788, 0.67980, 0.68069
0.68045, 0.68316, 0.67525, 0.68209
0.68130, 0.68386, 0.67911, 0.68037
0.67841, 0.68537, 0.67759, 0.68375
0.68309, 0.68634, 0.68012, 0.68289
0.68214, 0.68561, 0.68214, 0.68502
0.68425, 0.68854, 0.68425, 0.68711
0.68659, 0.69011, 0.68578, 0.68997
0.68876, 0.69340, 0.68876, 0.69238
0.69136, 0.69313, 0.68901, 0.69028
0.68972, 0.69088, 0.68696, 0.68725
0.68677, 0.69137, 0.68672, 0.68992
0.68988, 0.69219, 0.68846, 0.69190
0.69125, 0.69376, 0.69102, 0.69246
0.69190, 0.69359, 0.69066, 0.69220
0.69176, 0.69675, 0.69093, 0.69659
0.69592, 0.69810, 0.69398, 0.69603
0.69554, 0.70564, 0.69515, 0.70522
0.70489, 0.70995, 0.70403, 0.70935
0.70821, 0.71663, 0.70811, 0.71615
0.71444, 0.72268, 0.71419, 0.72237
0.72189, 0.72588, 0.71207, 0.71216
0.71182, 0.71328, 0.69852, 0.69991
0.69973, 0.71234, 0.69907, 0.71099
0.71074, 0.71676, 0.70834, 0.71509
0.71462, 0.71766, 0.71360, 0.71518
0.71497, 0.72277, 0.71306, 0.71699
0.71660, 0.71778, 0.70855, 0.71475
0.71432, 0.71862, 0.71329, 0.71615
0.71492, 0.71964, 0.71409, 0.71637
0.71496, 0.71952, 0.71342, 0.71930
0.71794, 0.72232, 0.71767, 0.71979
0.71986, 0.72198, 0.71842, 0.72084
0.72025, 0.72157, 0.71624, 0.71889
0.71874, 0.71903, 0.71480, 0.71575
0.71580, 0.72017, 0.71354, 0.71905
0.71918, 0.72400, 0.71811, 0.71907
0.71912, 0.72100, 0.71699, 0.71965
0.71702, 0.71897, 0.71427, 0.71477
0.71452, 0.71709, 0.70940, 0.71260
0.71236, 0.71361, 0.70861, 0.70948
0.70926, 0.71282, 0.70926, 0.71212
0.71220, 0.71807, 0.71207, 0.71720
0.71671, 0.71934, 0.71537, 0.71675
0.71598, 0.71975, 0.71460, 0.71544
0.71461, 0.71882, 0.71461, 0.71693
0.71647, 0.71828, 0.71224, 0.71730
0.71728, 0.71900, 0.71494, 0.71650
0.71632, 0.71896, 0.71598, 0.71632
0.71525, 0.71754, 0.71312, 0.71320
0.71311, 0.71430, 0.70658, 0.70746
0.70687, 0.71007, 0.70607, 0.70720
0.70645, 0.70773, 0.70207, 0.70425
0.70422, 0.70560, 0.70216, 0.70289
0.70353, 0.70519, 0.70145, 0.70367
0.70330, 0.71366, 0.70247, 0.71261
0.71189, 0.71638, 0.71139, 0.71468
0.71485, 0.71503, 0.71058, 0.71131
0.71020, 0.71261, 0.70910, 0.70994
0.70919, 0.71428, 0.70648, 0.70714
0.70742, 0.71157, 0.70607, 0.71056
0.71077, 0.71144, 0.70607, 0.70652
0.70640, 0.70951, 0.70511, 0.70782
0.70659, 0.71422, 0.70637, 0.71296
0.71234, 0.71409, 0.70861, 0.70976
0.70915, 0.71020, 0.70675, 0.70846
0.70724, 0.71009, 0.70500, 0.70569
0.70516, 0.70750, 0.70311, 0.70406
0.70333, 0.70772, 0.70310, 0.70723
0.70626, 0.70877, 0.70127, 0.70409
0.70362, 0.70787, 0.70330, 0.70728
0.70671, 0.70865, 0.70330, 0.70647
0.70598, 0.70838, 0.70398, 0.70630
0.70703, 0.70978, 0.70533, 0.70546
0.70559, 0.70898, 0.70443, 0.70829
0.70820, 0.70881, 0.70118, 0.70212
0.70218, 0.70325, 0.69829, 0.69999
0.69992, 0.70252, 0.69767, 0.70157
0.70034, 0.70172, 0.69741, 0.70159
0.70063, 0.70319, 0.69813, 0.69920
0.69932, 0.69975, 0.69667, 0.69785
0.69821, 0.70087, 0.69622, 0.69759
0.69714, 0.69863, 0.69327, 0.69382
0.69347, 0.69558, 0.69244, 0.69519
0.69498, 0.69596, 0.69340, 0.69402
0.69295, 0.69727, 0.69264, 0.69476
0.69397, 0.69717, 0.69326, 0.69421
0.69377, 0.69541, 0.69277, 0.69370
0.69354, 0.69719, 0.69282, 0.69462
0.69474, 0.69774, 0.69374, 0.69551
0.69518, 0.69709, 0.69341, 0.69605
0.69560, 0.69618, 0.69159, 0.69203
0.69130, 0.69636, 0.69095, 0.69611
0.69501, 0.69823, 0.69476, 0.69599
0.69632, 0.69666, 0.69281, 0.69377
0.69338, 0.69518, 0.69161, 0.69255
0.69186, 0.69518, 0.69129, 0.69328
0.69278, 0.69543, 0.69147, 0.69164
0.69213, 0.69433, 0.69148, 0.69371
0.69317, 0.69398, 0.68952, 0.69039
0.68997, 0.69342, 0.68911, 0.69131
0.69054, 0.69520, 0.69051, 0.69293
0.69192, 0.69388, 0.68991, 0.69051
0.69009, 0.69322, 0.68921, 0.69234
0.69070, 0.69407, 0.68923, 0.69383
0.69226, 0.69619, 0.69223, 0.69554
0.69469, 0.69685, 0.69467, 0.69589
0.69568, 0.69727, 0.69548, 0.69600
0.69510, 0.69755, 0.69471, 0.69585
0.69547, 0.69605, 0.69131, 0.69175
0.69111, 0.69447, 0.69088, 0.69366
0.69307, 0.69444, 0.69059, 0.69126
0.69052, 0.69320, 0.68978, 0.69277
0.69224, 0.69465, 0.69209, 0.69359
0.69329, 0.70017, 0.69187, 0.69264
0.69193, 0.69508, 0.69137, 0.69245
0.69183, 0.69287, 0.67807, 0.67967
0.67927, 0.68499, 0.67818, 0.68425
0.68342, 0.68588, 0.68170, 0.68438
0.68428, 0.68603, 0.68295, 0.68384
0.68333, 0.68607, 0.68257, 0.68403
0.68395, 0.68451, 0.68074, 0.68101
0.68088, 0.68418, 0.67974, 0.67985
0.67955, 0.68019, 0.67177, 0.67414
0.67316, 0.67571, 0.67140, 0.67514
0.67504, 0.67617, 0.67217, 0.67508
0.67464, 0.67892, 0.67281, 0.67849
0.67776, 0.68007, 0.67534, 0.67708
0.67567, 0.67763, 0.67328, 0.67565
0.67553, 0.67634, 0.67179, 0.67287
0.67269, 0.67472, 0.66975, 0.67095
0.67060, 0.67285, 0.66807, 0.66982
0.66957, 0.67068, 0.66408, 0.66484
0.66297, 0.66777, 0.66270, 0.66631
0.66632, 0.67046, 0.66523, 0.66834
0.66820, 0.67192, 0.66772, 0.66894
0.66884, 0.67234, 0.66810, 0.67099
0.67094, 0.67325, 0.66983, 0.67280
0.67148, 0.67537, 0.67122, 0.67460
0.67444, 0.67836, 0.67308, 0.67797
0.67786, 0.68033, 0.67645, 0.67953
0.67950, 0.67974, 0.67711, 0.67729
0.67727, 0.67809, 0.67425, 0.67438
0.67353, 0.67470, 0.66733, 0.66923
0.66909, 0.66979, 0.66231, 0.66351
0.66330, 0.66500, 0.66168, 0.66323
0.66314, 0.66451, 0.65429, 0.65665
0.65657, 0.65691, 0.65124, 0.65461
0.65228, 0.65935, 0.65151, 0.65794
0.65785, 0.66296, 0.65733, 0.66238
0.66220, 0.66514, 0.66087, 0.66469
0.66463, 0.66674, 0.66190, 0.66425
0.66410, 0.66746, 0.66265, 0.66588
0.66519, 0.66966, 0.66446, 0.66910
0.66889, 0.67178, 0.66637, 0.66931
0.66928, 0.67505, 0.66846, 0.67442
0.67427, 0.67821, 0.67328, 0.67665
0.67660, 0.68201, 0.67564, 0.68071
0.67953, 0.68190, 0.67925, 0.68038
0.68028, 0.68239, 0.67577, 0.67924
0.67915, 0.68036, 0.67549, 0.67902
0.67886, 0.67923, 0.67492, 0.67531
0.67521, 0.67924, 0.67457, 0.67492
0.67424, 0.67980, 0.67415, 0.67969
0.67948, 0.67999, 0.67238, 0.67341
0.67308, 0.67445, 0.67063, 0.67433
0.67426, 0.67788, 0.67266, 0.67645
0.67641, 0.67885, 0.67554, 0.67707
0.67632, 0.67744, 0.67068, 0.67264
0.67251, 0.67501, 0.66625, 0.66787
0.66759, 0.67279, 0.66662, 0.67034
0.67015, 0.67509, 0.66908, 0.67437
0.67425, 0.67633, 0.66923, 0.67105
0.67006, 0.67529, 0.66941, 0.67439
0.67428, 0.67733, 0.67062, 0.67284
0.67271, 0.67465, 0.66894, 0.67050
0.67038, 0.67649, 0.66957, 0.67297
0.67299, 0.67670, 0.66928, 0.67558
0.67504, 0.67725, 0.67195, 0.67375
0.67367, 0.67712, 0.67145, 0.67658
0.67643, 0.67711, 0.67175, 0.67442
0.67433, 0.67944, 0.67370, 0.67910
0.67886, 0.68028, 0.67667, 0.67754
0.67668, 0.68327, 0.67636, 0.68149
0.68137, 0.68577, 0.67982, 0.68411
0.68393, 0.68412, 0.68073, 0.68180
0.68168, 0.68554, 0.68068, 0.68483
0.68468, 0.68694, 0.68380, 0.68481
0.68406, 0.68647, 0.68150, 0.68463
0.68455, 0.69050, 0.68391, 0.68978
0.68971, 0.69313, 0.68845, 0.69052
0.69042, 0.69319, 0.68518, 0.68543
0.68543, 0.68855, 0.68343, 0.68392
0.68308, 0.68936, 0.68308, 0.68900
0.68887, 0.69203, 0.68730, 0.68987
0.68982, 0.69301, 0.68701, 0.69022
0.69011, 0.69172, 0.68712, 0.68784
0.68775, 0.68916, 0.68518, 0.68814
0.68728, 0.68939, 0.68177, 0.68302
0.68327, 0.68578, 0.67837, 0.67889
0.67892, 0.68093, 0.67686, 0.67903
0.67897, 0.68067, 0.67440, 0.67509
0.67503, 0.67780, 0.67304, 0.67502
0.67456, 0.67943, 0.67399, 0.67812
0.67795, 0.67848, 0.67128, 0.67220
0.67215, 0.67474, 0.67087, 0.67257
0.67252, 0.67386, 0.66972, 0.67124
0.67113, 0.67550, 0.67077, 0.67503
0.67389, 0.67973, 0.67389, 0.67950
0.67947, 0.68119, 0.67826, 0.67912
0.67898, 0.67984, 0.67397, 0.67416
0.67414, 0.67698, 0.67148, 0.67330
0.67327, 0.67565, 0.66954, 0.67158
0.67097, 0.67532, 0.67031, 0.67395
0.67361, 0.67484, 0.67111, 0.67436
0.67420, 0.67596, 0.67137, 0.67183
0.67179, 0.67303, 0.67021, 0.67245
0.67244, 0.67261, 0.65544, 0.65657
0.65745, 0.66266, 0.65538, 0.65902
0.65895, 0.66000, 0.65250, 0.65451
0.65447, 0.66004, 0.65305, 0.65396
0.65370, 0.65542, 0.65054, 0.65263
0.65254, 0.65257, 0.64173, 0.64218
0.64201, 0.65277, 0.64199, 0.65245
0.65170, 0.65958, 0.65090, 0.65822
0.65789, 0.66128, 0.65700, 0.65993
0.65969, 0.66193, 0.65805, 0.65992
0.65981, 0.66278, 0.65869, 0.66008
0.65956, 0.66149, 0.65557, 0.65766
0.65697, 0.65845, 0.65379, 0.65651
0.65536, 0.66337, 0.65490, 0.66301
0.66289, 0.66736, 0.65902, 0.66039
0.66028, 0.66029, 0.65686, 0.65838
0.65848, 0.65892, 0.65366, 0.65500
0.65475, 0.66107, 0.65367, 0.66050
0.66037, 0.66429, 0.65803, 0.66324
0.66311, 0.66714, 0.66136, 0.66491
0.66414, 0.66510, 0.66276, 0.66335
0.66280, 0.66574, 0.66213, 0.66421
0.66417, 0.66539, 0.66232, 0.66292
0.66282, 0.66485, 0.66163, 0.66293
0.66288, 0.66622, 0.66230, 0.66248
0.66237, 0.66418, 0.66060, 0.66274
0.66165, 0.66434, 0.65969, 0.66058
0.66051, 0.66395, 0.65977, 0.66327
0.66302, 0.66558, 0.66140, 0.66242
0.66227, 0.66253, 0.65632, 0.65981
0.65979, 0.66116, 0.65772, 0.65935
0.65847, 0.66540, 0.65784, 0.66508
0.66501, 0.66656, 0.66338, 0.66574
0.66571, 0.66771, 0.66424, 0.66585
0.66580, 0.66776, 0.66275, 0.66329
0.66327, 0.66376, 0.65755, 0.65922
0.65854, 0.66059, 0.65709, 0.65904
0.65886, 0.66008, 0.65690, 0.65905
0.65902, 0.66305, 0.65731, 0.66028
0.66024, 0.66580, 0.65928, 0.66267
0.66259, 0.66275, 0.65375, 0.65418
0.65316, 0.65631, 0.64827, 0.65302
0.65275, 0.65841, 0.65190, 0.65639
0.65599, 0.66090, 0.65535, 0.65745
0.65733, 0.65964, 0.65314, 0.65478
0.65458, 0.65565, 0.64917, 0.65112
0.65027, 0.65864, 0.65012, 0.65493
0.65486, 0.65697, 0.65170, 0.65646
0.65637, 0.65808, 0.65420, 0.65575
0.65559, 0.65821, 0.65414, 0.65697
0.65682, 0.65783, 0.65161, 0.65484
0.65380, 0.65840, 0.65368, 0.65771
0.65779, 0.66116, 0.65660, 0.66105
0.66083, 0.66402, 0.66018, 0.66360
0.66351, 0.66903, 0.66160, 0.66317
0.66295, 0.66506, 0.65894, 0.65937
0.65851, 0.66102, 0.65486, 0.65883
0.65872, 0.66213, 0.65606, 0.66163
0.66150, 0.66482, 0.66093, 0.66348
0.66327, 0.66498, 0.65938, 0.66126
0.66112, 0.66607, 0.65990, 0.66102
0.66011, 0.66452, 0.65809, 0.65830
0.65817, 0.66596, 0.65675, 0.66515
0.66494, 0.66928, 0.66354, 0.66400
0.66376, 0.66384, 0.65798, 0.66270
0.66257, 0.67093, 0.65992, 0.66906
0.66334, 0.66718, 0.66313, 0.66595
0.66584, 0.66917, 0.66509, 0.66638
0.66614, 0.67262, 0.66491, 0.67141
0.67134, 0.67507, 0.67024, 0.67223
0.67215, 0.67826, 0.67070, 0.67591
0.67539, 0.68602, 0.67508, 0.67679
0.67675, 0.67997, 0.67335, 0.67547
0.67496, 0.68071, 0.67356, 0.67817
0.67801, 0.68516, 0.67623, 0.68449
0.68407, 0.68468, 0.67964, 0.68162
0.68008, 0.68239, 0.67346, 0.67415
0.67416, 0.67937, 0.67304, 0.67691
0.67689, 0.68596, 0.67547, 0.68480
0.68457, 0.69169, 0.68457, 0.69075
0.69077, 0.69397, 0.68843, 0.69047
0.68956, 0.69219, 0.68584, 0.69011
0.69002, 0.69700, 0.68970, 0.69575
0.69578, 0.69968, 0.69543, 0.69690
0.69702, 0.70073, 0.69592, 0.69834
0.69838, 0.70045, 0.69476, 0.69908
0.69749, 0.70677, 0.69748, 0.70020
0.69997, 0.70266, 0.69589, 0.69875
0.69861, 0.70039, 0.69224, 0.69328
0.69307, 0.69426, 0.68993, 0.69037
0.69025, 0.69600, 0.68941, 0.69376
0.69247, 0.69938, 0.69197, 0.69901
0.69888, 0.70868, 0.69757, 0.70409
0.70396, 0.70936, 0.69902, 0.70069
0.70064, 0.70171, 0.69623, 0.69859
0.69835, 0.70014, 0.69548, 0.69667
0.69448, 0.69703, 0.68996, 0.69069
0.69050, 0.69685, 0.68956, 0.69517
0.69513, 0.69685, 0.69115, 0.69659
0.69613, 0.70006, 0.69440, 0.69883
0.69871, 0.69914, 0.69645, 0.69651
0.69534, 0.69785, 0.69344, 0.69434
0.69387, 0.70257, 0.69248, 0.70237
0.70208, 0.70681, 0.70104, 0.70672
0.70659, 0.70766, 0.70184, 0.70259
0.70253, 0.70326, 0.69203, 0.69281
0.69334, 0.69334, 0.68213, 0.68891
0.68871, 0.69289, 0.68513, 0.68551
0.68532, 0.69247, 0.68451, 0.69053
0.69017, 0.69383, 0.68679, 0.68994
0.68965, 0.69718, 0.68682, 0.68710
0.68477, 0.69042, 0.68467, 0.68940
0.68925, 0.69845, 0.68835, 0.69435
0.69419, 0.70675, 0.69327, 0.70545
0.70542, 0.70681, 0.69904, 0.70058
0.70045, 0.70261, 0.69571, 0.69883
0.69645, 0.69798, 0.68951, 0.69050
0.69050, 0.69454, 0.68600, 0.69095
0.69075, 0.69653, 0.68786, 0.68964
0.68946, 0.69107, 0.68300, 0.68739
0.68732, 0.69537, 0.68683, 0.69531
0.69155, 0.69917, 0.68923, 0.69809
0.69782, 0.70223, 0.69432, 0.69830
0.69805, 0.70035, 0.68673, 0.68683
0.68678, 0.69200, 0.68065, 0.68550
0.68481, 0.68824, 0.67974, 0.68655
0.68589, 0.69228, 0.68476, 0.68635
0.68626, 0.68626, 0.67700, 0.68265
0.68245, 0.68501, 0.67695, 0.68180
0.68151, 0.68321, 0.67879, 0.68056
0.68041, 0.68545, 0.67968, 0.68516
0.68314, 0.68950, 0.68314, 0.68888
0.68845, 0.69158, 0.68643, 0.68840
0.68799, 0.69437, 0.68654, 0.69134
0.69101, 0.69657, 0.68637, 0.69575
0.69556, 0.69685, 0.69326, 0.69391
0.69280, 0.69967, 0.69110, 0.69819
0.69807, 0.70398, 0.69592, 0.70339
0.70309, 0.70443, 0.70076, 0.70359
0.70332, 0.70420, 0.69353, 0.69552
0.69527, 0.70140, 0.69423, 0.69519
0.69454, 0.69592, 0.69006, 0.69045
0.69028, 0.69383, 0.68395, 0.68807
0.68777, 0.69837, 0.68749, 0.69605
0.69592, 0.70009, 0.67422, 0.68102
0.68084, 0.68179, 0.67042, 0.67240
0.67067, 0.67546, 0.66980, 0.67236
0.67215, 0.67497, 0.67088, 0.67360
0.67324, 0.67347, 0.66463, 0.66558
0.66549, 0.66614, 0.66032, 0.66273
0.66212, 0.66599, 0.65904, 0.66528
0.66301, 0.66566, 0.66118, 0.66184
0.66178, 0.66524, 0.66079, 0.66103
0.66091, 0.66190, 0.65370, 0.65662
0.65665, 0.66105, 0.65437, 0.65906
0.65898, 0.65927, 0.65086, 0.65386
0.65290, 0.66094, 0.65110, 0.65968
0.65957, 0.66244, 0.65346, 0.65838
0.65823, 0.66280, 0.65612, 0.65804
0.65781, 0.66716, 0.65589, 0.66633
0.66595, 0.67089, 0.66361, 0.66897
0.66780, 0.66970, 0.65952, 0.66192
0.66183, 0.66512, 0.66007, 0.66328
0.66326, 0.66514, 0.65924, 0.66137
0.66099, 0.66700, 0.65934, 0.66366
0.66315, 0.66581, 0.65896, 0.66303
0.66268, 0.66785, 0.66255, 0.66576
0.66576, 0.66916, 0.66516, 0.66837
0.66810, 0.67134, 0.66710, 0.66903
0.66881, 0.67063, 0.66652, 0.67025
0.67012, 0.67088, 0.66511, 0.66546
0.66508, 0.67159, 0.66314, 0.67103
0.67079, 0.67250, 0.66709, 0.66789
0.66787, 0.67202, 0.66522, 0.67089
0.67092, 0.67219, 0.66526, 0.66753
0.66725, 0.66922, 0.66243, 0.66508
0.66306, 0.66898, 0.66282, 0.66738
0.66714, 0.66805, 0.65806, 0.66227
0.66217, 0.66846, 0.65993, 0.66730
0.66724, 0.67073, 0.66520, 0.66526
0.66518, 0.66732, 0.66175, 0.66452
0.66378, 0.66933, 0.66362, 0.66706
0.66695, 0.66784, 0.66331, 0.66400
0.66382, 0.66908, 0.66069, 0.66714
0.66708, 0.66951, 0.66657, 0.66875
0.66866, 0.67132, 0.66759, 0.67035
0.66962, 0.67094, 0.66152, 0.66453
0.66424, 0.66776, 0.66232, 0.66694
0.66681, 0.66694, 0.65845, 0.65986
0.65983, 0.66360, 0.65774, 0.66154
0.66120, 0.66307, 0.65784, 0.65890
0.65829, 0.66392, 0.65751, 0.66330
0.66309, 0.66914, 0.66125, 0.66784
0.66768, 0.66831, 0.66424, 0.66780
0.66747, 0.67265, 0.66714, 0.67223
0.67202, 0.67323, 0.66514, 0.66545
0.66372, 0.66948, 0.66229, 0.66803
0.66790, 0.67493, 0.66531, 0.66762
0.66741, 0.67257, 0.66675, 0.66907
0.66863, 0.67021, 0.66550, 0.66636
0.66622, 0.67263, 0.66485, 0.66782
0.66561, 0.66837, 0.66498, 0.66601
0.66582, 0.66738, 0.66226, 0.66288
0.66245, 0.66297, 0.65920, 0.66067
0.66067, 0.66127, 0.65305, 0.65482
0.65482, 0.65957, 0.65449, 0.65747
0.65495, 0.65858, 0.65441, 0.65668
0.65663, 0.65794, 0.64649, 0.64741
0.64708, 0.64953, 0.64466, 0.64910
0.64898, 0.65155, 0.64277, 0.64395
0.64379, 0.64838, 0.64226, 0.64759
0.64642, 0.64882, 0.64477, 0.64830
0.64828, 0.64957, 0.64355, 0.64476
0.64465, 0.64577, 0.64045, 0.64072
0.64062, 0.65290, 0.63398, 0.64891
0.64858, 0.64978, 0.64013, 0.64058
0.64012, 0.64434, 0.63855, 0.64105
0.64097, 0.64380, 0.63543, 0.63811
0.63755, 0.63947, 0.63207, 0.63653
0.63622, 0.63718, 0.63301, 0.63359
0.63303, 0.63636, 0.63038, 0.63143
0.63044, 0.64751, 0.63043, 0.64653
0.64648, 0.64789, 0.63352, 0.63681
0.63672, 0.63939, 0.63227, 0.63816
0.63796, 0.64111, 0.63299, 0.63484
0.63446, 0.63670, 0.63210, 0.63242
0.63229, 0.63361, 0.62716, 0.62957
0.62955, 0.62986, 0.62421, 0.62529
0.62521, 0.62712, 0.62139, 0.62593
0.62576, 0.63049, 0.62107, 0.63049
0.62993, 0.63318, 0.62291, 0.62344
0.62369, 0.62813, 0.62257, 0.62657
0.62630, 0.62956, 0.62455, 0.62731
0.62707, 0.63198, 0.62661, 0.62980
0.62934, 0.63589, 0.62659, 0.62993
0.62984, 0.63758, 0.62925, 0.63636
0.63688, 0.63788, 0.62843, 0.63142
0.63140, 0.63754, 0.63012, 0.63586
0.63543, 0.64206, 0.63244, 0.64060
0.64041, 0.64266, 0.63720, 0.63942
0.63931, 0.64041, 0.63727, 0.63856
0.63702, 0.64094, 0.63701, 0.64030
0.64032, 0.64468, 0.63771, 0.63856
0.63857, 0.64346, 0.63667, 0.63683
0.63687, 0.63878, 0.63451, 0.63736
0.63720, 0.64536, 0.63640, 0.64334
0.64138, 0.64216, 0.63805, 0.64037
0.64029, 0.64445, 0.63794, 0.64091
0.64080, 0.64162, 0.63247, 0.63275
0.63267, 0.63902, 0.62988, 0.63787
0.63747, 0.64182, 0.63057, 0.63093
0.63084, 0.63488, 0.62829, 0.63168
0.63156, 0.64084, 0.63112, 0.63835
0.63802, 0.63942, 0.63481, 0.63673
0.63636, 0.63698, 0.63103, 0.63694
0.63581, 0.64072, 0.63482, 0.63642
0.63580, 0.63723, 0.63127, 0.63335
0.63220, 0.63524, 0.63010, 0.63265
0.63259, 0.63470, 0.63066, 0.63435
0.63431, 0.63946, 0.63356, 0.63804
0.63790, 0.63965, 0.63594, 0.63714
0.63618, 0.63699, 0.63005, 0.63103
0.63097, 0.64072, 0.63063, 0.63804
0.63763, 0.64256, 0.63563, 0.64148
0.64138, 0.64418, 0.63707, 0.63830
0.63813, 0.63935, 0.63417, 0.63613
0.63667, 0.64032, 0.63072, 0.63117
0.63085, 0.63501, 0.62917, 0.62992
0.62972, 0.63349, 0.62779, 0.63246
0.63221, 0.63540, 0.63103, 0.63375
0.63368, 0.63532, 0.63063, 0.63486
0.63353, 0.63500, 0.63002, 0.63144
0.63140, 0.63891, 0.63017, 0.63650
0.63603, 0.63735, 0.63132, 0.63412
0.63393, 0.63464, 0.62147, 0.62184
0.62188, 0.62483, 0.61984, 0.62431
0.62547, 0.62652, 0.62212, 0.62234
0.62227, 0.62433, 0.61599, 0.61851
0.61844, 0.62221, 0.61716, 0.62149
0.62136, 0.62532, 0.61968, 0.62067
0.62065, 0.62760, 0.61994, 0.62618
0.62680, 0.62742, 0.62427, 0.62607
0.62599, 0.63021, 0.62494, 0.62578
0.62526, 0.63033, 0.62405, 0.62595
0.62562, 0.62630, 0.62020, 0.62561
0.62540, 0.63041, 0.62297, 0.63015
0.62807, 0.63117, 0.62662, 0.62754
0.62773, 0.63268, 0.62619, 0.62956
0.62952, 0.63845, 0.62877, 0.63562
0.63556, 0.63566, 0.63089, 0.63188
0.63184, 0.63863, 0.63155, 0.63787
0.63837, 0.64217, 0.63627, 0.63670
0.63660, 0.63775, 0.63348, 0.63605
0.63568, 0.64381, 0.63488, 0.64306
0.64290, 0.64826, 0.64203, 0.64613
0.64595, 0.64963, 0.64365, 0.64607
0.64616, 0.64761, 0.64335, 0.64390
0.64380, 0.64622, 0.63830, 0.64429
0.64393, 0.64724, 0.63533, 0.63593
0.63588, 0.63621, 0.62994, 0.63293
0.63260, 0.64197, 0.63243, 0.64117
0.64013, 0.64944, 0.63990, 0.64772
0.64763, 0.65189, 0.64535, 0.65000
0.64984, 0.65685, 0.64837, 0.65184
0.65185, 0.65487, 0.65077, 0.65466
0.65422, 0.65664, 0.65268, 0.65469
0.65372, 0.65580, 0.65038, 0.65298
0.65285, 0.65326, 0.64536, 0.64615
0.64607, 0.64911, 0.64523, 0.64840
0.64828, 0.64995, 0.64505, 0.64614
0.64589, 0.64675, 0.64064, 0.64098
0.64002, 0.64280, 0.63565, 0.63882
0.63866, 0.64384, 0.63756, 0.64157
0.64129, 0.64276, 0.63697, 0.63745
0.63745, 0.64259, 0.63700, 0.63947
0.63941, 0.64167, 0.63810, 0.63904
0.63906, 0.64132, 0.63766, 0.64039
0.64042, 0.64431, 0.63790, 0.64389
0.64373, 0.64394, 0.63494, 0.63780
0.63774, 0.63940, 0.63400, 0.63662
0.63642, 0.63716, 0.63432, 0.63559
0.63583, 0.63927, 0.63465, 0.63777
0.63753, 0.63861, 0.63482, 0.63591
0.63564, 0.63659, 0.63168, 0.63390
0.63347, 0.63721, 0.63258, 0.63557
0.63542, 0.63690, 0.63067, 0.63272
0.63231, 0.63365, 0.62912, 0.63050
0.63030, 0.63393, 0.62889, 0.63381
0.63379, 0.63595, 0.63090, 0.63498
0.63487, 0.63566, 0.63229, 0.63396
0.63380, 0.63521, 0.63282, 0.63364
0.63230, 0.63322, 0.62639, 0.62654
0.62638, 0.62764, 0.61945, 0.62051
0.62028, 0.62293, 0.61928, 0.62014
0.62005, 0.62199, 0.61416, 0.61432
0.61436, 0.61477, 0.60539, 0.60639
0.60547, 0.61166, 0.60266, 0.60758
0.60757, 0.61182, 0.60467, 0.61034
0.61036, 0.61797, 0.60877, 0.61696
0.61692, 0.62044, 0.61426, 0.61828
0.61829, 0.62296, 0.61802, 0.62015
0.62111, 0.62422, 0.61704, 0.62376
0.62373, 0.62479, 0.61283, 0.61515
0.61512, 0.61884, 0.61247, 0.61291
0.61300, 0.61770, 0.61096, 0.61295
0.61295, 0.61412, 0.60873, 0.61096
0.61054, 0.61186, 0.60789, 0.60876
0.60873, 0.61732, 0.60848, 0.61658
0.61654, 0.61743, 0.61147, 0.61376
0.61376, 0.61585, 0.61108, 0.61302
0.61288, 0.61479, 0.60976, 0.61177
0.61093, 0.61977, 0.60999, 0.61928
0.61897, 0.62002, 0.60971, 0.61174
0.61166, 0.61390, 0.60440, 0.60926
0.60888, 0.60937, 0.60230, 0.60338
0.60328, 0.60514, 0.60135, 0.60201
0.60285, 0.60501, 0.60239, 0.60398
0.60380, 0.60595, 0.60046, 0.60081
0.60078, 0.60321, 0.59802, 0.59978
0.59954, 0.60338, 0.59850, 0.60328
0.60317, 0.60423, 0.59907, 0.59964
0.59923, 0.60251, 0.59808, 0.60206
0.60194, 0.60487, 0.60146, 0.60293
0.60274, 0.60406, 0.60170, 0.60245
0.60257, 0.60467, 0.60040, 0.60159
0.60162, 0.60194, 0.59648, 0.59690
0.59676, 0.59738, 0.59339, 0.59412
0.59408, 0.59471, 0.58976, 0.59090
0.59080, 0.59198, 0.58502, 0.58845
0.58828, 0.59349, 0.58755, 0.59284
0.59263, 0.59324, 0.58726, 0.59166
0.59004, 0.59569, 0.58927, 0.59386
0.59358, 0.60191, 0.59246, 0.59508
0.59500, 0.59536, 0.59028, 0.59038
0.59011, 0.59366, 0.58640, 0.59277
0.59246, 0.60233, 0.59198, 0.60123
0.60097, 0.60487, 0.60008, 0.60314
0.60300, 0.60385, 0.60145, 0.60209
0.60205, 0.60498, 0.60023, 0.60293
0.60249, 0.60400, 0.59827, 0.59910
0.59904, 0.59936, 0.59567, 0.59646
0.59570, 0.60007, 0.59564, 0.59988
0.59972, 0.60050, 0.59605, 0.59644
0.59647, 0.60070, 0.59504, 0.59825
0.59833, 0.59948, 0.59546, 0.59930
0.59913, 0.60124, 0.59733, 0.59792
0.59682, 0.59845, 0.59404, 0.59706
0.59701, 0.59850, 0.59531, 0.59566
0.59555, 0.59611, 0.59097, 0.59205
0.59200, 0.59250, 0.58838, 0.58915
0.58888, 0.59064, 0.58773, 0.58975
0.59020, 0.59252, 0.58990, 0.59127
0.59108, 0.59249, 0.58855, 0.59030
0.59002, 0.59234, 0.58857, 0.59204
0.59192, 0.59705, 0.59063, 0.59517
0.59506, 0.60161, 0.59465, 0.60024
0.59960, 0.60226, 0.59886, 0.59946
0.59935, 0.60601, 0.59867, 0.60545
0.60536, 0.60751, 0.60386, 0.60528
0.60524, 0.60821, 0.60318, 0.60358
0.60326, 0.60902, 0.60198, 0.60861
0.60807, 0.61434, 0.60735, 0.61329
0.61320, 0.61582, 0.61155, 0.61234
0.61210, 0.61390, 0.60947, 0.61255
0.61243, 0.61678, 0.61029, 0.61356
0.61362, 0.61487, 0.61203, 0.61436
0.61465, 0.61541, 0.61119, 0.61350
0.61328, 0.61404, 0.60716, 0.60926
0.60920, 0.61069, 0.60535, 0.60685
0.60676, 0.60773, 0.60321, 0.60464
0.60452, 0.60576, 0.59755, 0.59836
0.59807, 0.59946, 0.59491, 0.59774
0.59749, 0.60148, 0.59654, 0.59739
0.59724, 0.59758, 0.59150, 0.59198
0.59198, 0.59592, 0.59150, 0.59512
0.59509, 0.59738, 0.59356, 0.59585
0.59555, 0.59935, 0.59414, 0.59783
0.59764, 0.60064, 0.59565, 0.60017
0.59991, 0.60048, 0.59772, 0.59792
0.59779, 0.59987, 0.59263, 0.59306
0.59310, 0.59546, 0.59193, 0.59469
0.59320, 0.59534, 0.58986, 0.59086
0.59063, 0.59212, 0.58613, 0.58787
0.58775, 0.59168, 0.58561, 0.58878
0.58850, 0.59285, 0.58724, 0.59157
0.59131, 0.59201, 0.58883, 0.58925
0.58835, 0.58959, 0.58416, 0.58640
0.58631, 0.58721, 0.58268, 0.58408
0.58398, 0.58470, 0.57984, 0.58106
0.58100, 0.58863, 0.58058, 0.58736
0.58734, 0.58751, 0.58188, 0.58264
0.58146, 0.58619, 0.58146, 0.58585
0.58563, 0.58870, 0.58441, 0.58664
0.58545, 0.58698, 0.58064, 0.58177
0.58156, 0.58576, 0.58095, 0.58295
0.58265, 0.58316, 0.57703, 0.57853
0.57772, 0.58588, 0.57740, 0.58553
0.58528, 0.58593, 0.57816, 0.57868
0.57855, 0.57874, 0.57297, 0.57363
0.57342, 0.57471, 0.57048, 0.57261
0.57253, 0.57585, 0.57121, 0.57307
0.57263, 0.57683, 0.57191, 0.57381
0.57368, 0.57404, 0.56920, 0.57294
0.57291, 0.57401, 0.57133, 0.57251
0.57220, 0.57534, 0.57115, 0.57117
0.57102, 0.57274, 0.56867, 0.56914
0.56825, 0.57070, 0.56665, 0.56965
0.56949, 0.57199, 0.56622, 0.56693
0.56686, 0.56895, 0.56469, 0.56517
0.56510, 0.56522, 0.56054, 0.56243
0.56347, 0.56347, 0.56347, 0.56347