0.93980, 0.94680, 0.92930, 0.94590
0.94450, 0.94600, 0.92650, 0.94440
0.94380, 0.95740, 0.94030, 0.95200
0.95280, 0.96350, 0.95180, 0.96050
0.95880, 0.96140, 0.93270, 0.93690
0.93700, 0.94980, 0.92300, 0.93540
0.93520, 0.93910, 0.92270, 0.93670
0.93720, 0.95270, 0.93380, 0.93870
0.93640, 0.94280, 0.93110, 0.93950
0.93960, 0.94100, 0.91730, 0.92270
0.92090, 0.93220, 0.89550, 0.89890
0.89890, 0.90430, 0.88230, 0.89780
0.89880, 0.91240, 0.89760, 0.90530
0.90600, 0.91700, 0.90230, 0.91030
0.91030, 0.91940, 0.90540, 0.91580
0.91320, 0.92210, 0.90960, 0.91930
0.92270, 0.92360, 0.90990, 0.91620
0.91500, 0.92130, 0.90900, 0.91330
0.91540, 0.91760, 0.90800, 0.91130
0.91180, 0.92060, 0.90990, 0.91350
0.91140, 0.91840, 0.90110, 0.91730
0.91630, 0.94360, 0.91630, 0.93610
0.93590, 0.93740, 0.92450, 0.93100
0.93000, 0.93530, 0.91380, 0.93070
0.92970, 0.93810, 0.91750, 0.92070
0.91660, 0.94180, 0.91660, 0.93660
0.93820, 0.95220, 0.93470, 0.94740
0.94750, 0.95120, 0.93490, 0.93780
0.93810, 0.94400, 0.93110, 0.93310
0.93250, 0.93500, 0.91490, 0.92400
0.92490, 0.94280, 0.91790, 0.94040
0.94000, 0.96560, 0.93490, 0.96010
0.95840, 0.96560, 0.95290, 0.96250
0.96050, 0.97480, 0.95290, 0.97200
0.97140, 0.97500, 0.96260, 0.97070
0.97150, 0.98390, 0.96790, 0.97380
0.97490, 0.97940, 0.96670, 0.97380
0.97270, 0.97760, 0.94850, 0.95650
0.95540, 0.95810, 0.94800, 0.95620
0.95680, 0.95740, 0.93530, 0.93980
0.94020, 0.94270, 0.93160, 0.93640
0.93710, 0.94910, 0.93100, 0.94820
0.94900, 0.96530, 0.94670, 0.95780
0.95680, 0.96700, 0.95230, 0.96460
0.96320, 0.98550, 0.96300, 0.98290
0.98250, 0.98590, 0.96030, 0.96300
0.96320, 0.96920, 0.95500, 0.96330
0.96350, 0.96440, 0.95130, 0.95710
0.95720, 0.96640, 0.95320, 0.95710
0.95960, 0.95960, 0.93360, 0.94290
0.94270, 0.96540, 0.94180, 0.95270
0.95270, 0.96290, 0.94940, 0.95640
0.95800, 0.96380, 0.94530, 0.94920
0.94920, 0.95160, 0.92810, 0.93390
0.93390, 0.93660, 0.90280, 0.90420
0.90430, 0.91580, 0.90160, 0.91470
0.91520, 0.93770, 0.91020, 0.93090
0.93090, 0.93860, 0.92420, 0.92550
0.92550, 0.94170, 0.92130, 0.93450
0.93430, 0.93550, 0.92150, 0.92380
0.92400, 0.92560, 0.90870, 0.91020
0.91010, 0.91580, 0.89810, 0.90700
0.90700, 0.91010, 0.88850, 0.90920
0.90880, 0.91650, 0.90750, 0.91300
0.91350, 0.91590, 0.90380, 0.90510
0.90310, 0.90610, 0.88540, 0.88590
0.88580, 0.89460, 0.88240, 0.88630
0.88640, 0.90000, 0.88320, 0.88880
0.88860, 0.89450, 0.87800, 0.89280
0.89280, 0.89470, 0.87830, 0.88970
0.88940, 0.89300, 0.88070, 0.88220
0.88240, 0.88490, 0.86030, 0.86770
0.86780, 0.87510, 0.86590, 0.87190
0.87180, 0.87550, 0.86690, 0.87160
0.87130, 0.87790, 0.85850, 0.86080
0.85920, 0.87050, 0.85630, 0.86940
0.86870, 0.87250, 0.86300, 0.86830
0.86770, 0.87270, 0.85820, 0.86180
0.86210, 0.86700, 0.84750, 0.84980
0.84950, 0.85820, 0.84690, 0.85130
0.85200, 0.88040, 0.85000, 0.87840
0.87840, 0.88270, 0.87010, 0.87550
0.87580, 0.88050, 0.86010, 0.86120
0.86120, 0.87320, 0.86070, 0.86110
0.86110, 0.86680, 0.85550, 0.85640
0.85640, 0.85730, 0.84560, 0.84970
0.84960, 0.85910, 0.84790, 0.85030
0.85030, 0.85540, 0.84320, 0.84900
0.84890, 0.85020, 0.83970, 0.84500
0.84500, 0.85550, 0.84050, 0.84880
0.84880, 0.85500, 0.84140, 0.84230
0.84210, 0.84370, 0.82470, 0.82700
0.82700, 0.83780, 0.82100, 0.83660
0.83660, 0.84920, 0.83240, 0.83430
0.83400, 0.84270, 0.83250, 0.83800
0.83810, 0.84980, 0.83700, 0.84560
0.84560, 0.85160, 0.84040, 0.84770
0.84780, 0.85740, 0.84060, 0.85300
0.85310, 0.85900, 0.84810, 0.85740
0.85740, 0.86060, 0.84260, 0.84690
0.84680, 0.85060, 0.83610, 0.83840
0.83740, 0.84160, 0.82080, 0.82800
0.82800, 0.83810, 0.82050, 0.82650
0.82660, 0.83060, 0.81460, 0.82840
0.82830, 0.83070, 0.81210, 0.82130
0.82130, 0.83060, 0.81260, 0.82930
0.82930, 0.83840, 0.82230, 0.83650
0.83650, 0.85740, 0.83610, 0.84940
0.84930, 0.85780, 0.84300, 0.85530
0.85470, 0.86850, 0.85390, 0.86790
0.86790, 0.86800, 0.85330, 0.86280
0.86270, 0.86740, 0.84980, 0.86180
0.86170, 0.86300, 0.85020, 0.85440
0.85300, 0.85620, 0.83720, 0.83960
0.83960, 0.84970, 0.83840, 0.84680
0.84680, 0.85820, 0.83890, 0.84430
0.84470, 0.84580, 0.83880, 0.84230
0.84140, 0.85330, 0.83630, 0.83790
0.83780, 0.84290, 0.82930, 0.83360
0.83100, 0.84230, 0.82720, 0.83530
0.83550, 0.85480, 0.83460, 0.85430
0.85380, 0.86160, 0.85050, 0.85340
0.85350, 0.86230, 0.85220, 0.85980
0.85970, 0.88070, 0.85960, 0.86920
0.86930, 0.87600, 0.86340, 0.86770
0.86770, 0.88180, 0.86490, 0.88150
0.88140, 0.88630, 0.87810, 0.88310
0.88310, 0.90750, 0.87990, 0.90280
0.90260, 0.91030, 0.89460, 0.90230
0.90240, 0.91000, 0.89810, 0.90450
0.90450, 0.90900, 0.89920, 0.90730
0.90730, 0.92090, 0.90600, 0.91790
0.91790, 0.93070, 0.91260, 0.91330
0.91330, 0.92380, 0.91180, 0.91690
0.94130, 0.94130, 0.91240, 0.92560
0.92550, 0.93930, 0.91050, 0.91220
0.91210, 0.91900, 0.90760, 0.91750
0.91720, 0.92780, 0.90950, 0.90990
0.90990, 0.91660, 0.90530, 0.91450
0.91450, 0.92460, 0.91330, 0.91760
0.91760, 0.92510, 0.91640, 0.92050
0.94230, 0.94230, 0.90650, 0.91430
0.91460, 0.93620, 0.91240, 0.93560
0.93510, 0.94500, 0.92680, 0.93400
0.93480, 0.94230, 0.92970, 0.93250
0.93220, 0.95130, 0.93100, 0.93950
0.93890, 0.94910, 0.93750, 0.94790
0.94720, 0.94970, 0.93520, 0.94060
0.94030, 0.94070, 0.92350, 0.92610
0.92420, 0.92620, 0.90240, 0.90950
0.90870, 0.92850, 0.90360, 0.92280
0.92310, 0.92800, 0.89550, 0.89550
0.89590, 0.89870, 0.88190, 0.88330
0.88320, 0.88890, 0.87450, 0.88330
0.88310, 0.89890, 0.87840, 0.89590
0.89560, 0.90090, 0.88820, 0.89880
0.89550, 0.91170, 0.89540, 0.90470
0.90590, 0.91090, 0.89050, 0.90440
0.90200, 0.91040, 0.89680, 0.90010
0.90010, 0.91410, 0.89740, 0.91220
0.91210, 0.92340, 0.90790, 0.92290
0.92280, 0.92710, 0.90410, 0.90600
0.90640, 0.91730, 0.89800, 0.90270
0.90120, 0.90790, 0.88700, 0.88810
0.88900, 0.89600, 0.82720, 0.84450
0.84480, 0.87020, 0.83740, 0.86990
0.86980, 0.87510, 0.85760, 0.86320
0.86360, 0.87350, 0.86000, 0.87190
0.87070, 0.87430, 0.86260, 0.86690
0.86670, 0.87380, 0.85090, 0.86680
0.86690, 0.88450, 0.86290, 0.88070
0.88060, 0.88930, 0.87700, 0.87960
0.87970, 0.88720, 0.87670, 0.87890
0.87880, 0.88340, 0.85870, 0.86050
0.85890, 0.88370, 0.85580, 0.88310
0.88370, 0.88950, 0.85590, 0.86250
0.86120, 0.86890, 0.84900, 0.86060
0.85640, 0.87520, 0.84280, 0.86840
0.87550, 0.87790, 0.85410, 0.86680
0.86890, 0.88780, 0.85850, 0.88240
0.88210, 0.88800, 0.87470, 0.88020
0.87760, 0.89860, 0.87340, 0.87460
0.87760, 0.88080, 0.85530, 0.85950
0.85980, 0.86380, 0.85380, 0.85940
0.85980, 0.88000, 0.85700, 0.87430
0.87330, 0.91370, 0.87100, 0.90740
0.90680, 0.91800, 0.89470, 0.90200
0.90160, 0.90530, 0.88090, 0.88600
0.88660, 0.90350, 0.87890, 0.89940
0.89740, 0.90840, 0.88910, 0.89390
0.89490, 0.91640, 0.89150, 0.91430
0.91580, 0.93700, 0.91360, 0.93510
0.93490, 0.93690, 0.91290, 0.91910
0.91930, 0.93190, 0.90960, 0.91760
0.91670, 0.93790, 0.91000, 0.92620
0.92650, 0.93530, 0.91030, 0.92240
0.92330, 0.94380, 0.92050, 0.93730
0.93600, 0.94020, 0.91490, 0.92980
0.92940, 0.95280, 0.92430, 0.94890
0.95090, 0.95160, 0.93390, 0.93790
0.93670, 0.96950, 0.93580, 0.94550
0.94590, 0.95600, 0.94090, 0.95220
0.95380, 0.96120, 0.94360, 0.94810
0.94570, 0.95550, 0.92950, 0.95440
0.95620, 0.95680, 0.93980, 0.94920
0.94780, 0.95630, 0.94020, 0.94920
0.94890, 0.98230, 0.94560, 0.98110
0.97850, 0.98350, 0.95280, 0.96600
0.96570, 0.97310, 0.95720, 0.96870
0.96910, 0.97460, 0.96470, 0.97090
0.97020, 0.98290, 0.96870, 0.98080
0.97930, 0.98220, 0.96350, 0.97480
0.97790, 0.98420, 0.97250, 0.97530
0.97760, 0.98240, 0.96590, 0.97490
0.97290, 0.98120, 0.95220, 0.95420
0.95310, 0.96500, 0.94010, 0.94730
0.94410, 0.95320, 0.91500, 0.91720
0.91680, 0.92890, 0.90460, 0.90700
0.90720, 0.91420, 0.89200, 0.91270
0.91300, 0.91300, 0.85720, 0.86550
0.87450, 0.88230, 0.84990, 0.87290
0.86960, 0.87780, 0.83920, 0.87250
0.87500, 0.88070, 0.85380, 0.85860
0.85590, 0.86280, 0.82900, 0.83770
0.83470, 0.83780, 0.71740, 0.75370
0.78400, 0.82890, 0.76970, 0.81390
0.82140, 0.84860, 0.76610, 0.79390
0.78890, 0.83140, 0.77620, 0.80860
0.80660, 0.81830, 0.78320, 0.80080
0.80680, 0.82190, 0.78250, 0.80130
0.78770, 0.81150, 0.78430, 0.80010
0.80230, 0.81470, 0.78580, 0.81050
0.80730, 0.82810, 0.78900, 0.82110
0.82330, 0.83880, 0.80990, 0.82810
0.82590, 0.84820, 0.81420, 0.82610
0.82620, 0.83950, 0.82130, 0.83530
0.83690, 0.86580, 0.83010, 0.85630
0.85720, 0.86830, 0.83090, 0.83280
0.83300, 0.84170, 0.80830, 0.83480
0.84020, 0.84780, 0.80330, 0.80420
0.80800, 0.82190, 0.77740, 0.78160
0.78110, 0.83600, 0.77260, 0.82280
0.82250, 0.83450, 0.80310, 0.81020
0.80800, 0.81510, 0.79910, 0.80730
0.80700, 0.81820, 0.79800, 0.81390
0.81400, 0.83500, 0.80530, 0.82370
0.82200, 0.84480, 0.81810, 0.83630
0.83610, 0.85710, 0.83140, 0.85150
0.85090, 0.86570, 0.85090, 0.86100
0.85400, 0.89320, 0.84630, 0.87860
0.87870, 0.88760, 0.87370, 0.88080
0.89060, 0.89340, 0.86580, 0.87590
0.87950, 0.88170, 0.86070, 0.87430
0.87360, 0.87780, 0.85500, 0.86520
0.86800, 0.88810, 0.86520, 0.88360
0.88350, 0.89190, 0.87780, 0.88170
0.88130, 0.89880, 0.87540, 0.87540
0.87520, 0.88110, 0.86900, 0.87310
0.87600, 0.89330, 0.87220, 0.88700
0.89020, 0.91120, 0.87560, 0.90810
0.90460, 0.91650, 0.89290, 0.91410
0.90990, 0.93120, 0.90150, 0.93010
0.93000, 0.93920, 0.91790, 0.92410
0.92210, 0.92890, 0.90140, 0.90570
0.90430, 0.90760, 0.89140, 0.89270
0.89290, 0.90490, 0.87980, 0.88750
0.88820, 0.90130, 0.88580, 0.90030
0.89880, 0.91100, 0.89470, 0.90510
0.90280, 0.91980, 0.90040, 0.91380
0.91010, 0.91400, 0.89860, 0.90230
0.90370, 0.92000, 0.89870, 0.91630
0.91820, 0.92780, 0.90990, 0.92480
0.92430, 0.93450, 0.91980, 0.92920
0.92810, 0.93680, 0.92470, 0.92690
0.92600, 0.94900, 0.92510, 0.94630
0.94700, 0.95220, 0.93350, 0.93360
0.93510, 0.95760, 0.93370, 0.94100
0.94330, 0.95460, 0.93330, 0.94960
0.94970, 0.97530, 0.94840, 0.97180
0.96800, 0.98390, 0.96660, 0.97470
0.97200, 0.98810, 0.95730, 0.98770
0.98820, 0.99130, 0.97060, 0.98080
0.98120, 0.98450, 0.97150, 0.97840
0.97880, 0.98100, 0.95380, 0.96180
0.96640, 0.97950, 0.96030, 0.96690
0.96700, 0.96830, 0.95460, 0.96700
0.96730, 0.97180, 0.94440, 0.94860
0.94790, 0.95060, 0.92000, 0.92780
0.92590, 0.94640, 0.92330, 0.94300
0.94450, 0.95420, 0.93580, 0.95200
0.95440, 0.96300, 0.94720, 0.94880
0.94890, 0.95760, 0.94480, 0.95240
0.95390, 0.96080, 0.94480, 0.94560
0.94540, 0.94740, 0.92310, 0.92990
0.92940, 0.94150, 0.92540, 0.93170
0.93200, 0.94310, 0.93000, 0.93320
0.93320, 0.94750, 0.93250, 0.94070
0.94080, 0.94700, 0.92530, 0.93260
0.93220, 0.94190, 0.93040, 0.93220
0.93340, 0.93800, 0.92520, 0.93030
0.92920, 0.93640, 0.92590, 0.92710
0.92750, 0.93870, 0.92550, 0.92840
0.92720, 0.93920, 0.92010, 0.93450
0.93960, 0.94120, 0.92620, 0.93440
0.93430, 0.94450, 0.91760, 0.92650
0.92500, 0.94330, 0.92330, 0.94040
0.93890, 0.94530, 0.92070, 0.92690
0.93130, 0.93300, 0.90780, 0.91700
0.91380, 0.91730, 0.86380, 0.88160
0.88150, 0.89690, 0.87190, 0.89330
0.88880, 0.89330, 0.86690, 0.87480
0.87120, 0.88050, 0.85780, 0.87750
0.87920, 0.89480, 0.87750, 0.89070
0.89750, 0.91110, 0.89280, 0.90390
0.90370, 0.90750, 0.88750, 0.89380
0.89320, 0.91640, 0.88690, 0.90660
0.90660, 0.92040, 0.89860, 0.91910
0.91410, 0.93170, 0.91280, 0.92710
0.92910, 0.93550, 0.92070, 0.93070
0.93060, 0.94630, 0.92430, 0.94310
0.94280, 0.94630, 0.92820, 0.92980
0.92970, 0.93990, 0.92110, 0.93600
0.93010, 0.94960, 0.92850, 0.94420
0.94610, 0.96200, 0.94080, 0.95200
0.95130, 0.96140, 0.94590, 0.96050
0.96040, 0.97020, 0.95770, 0.96650
0.96740, 0.98700, 0.96710, 0.98190
0.98450, 1.00230, 0.98110, 0.99110
0.99030, 1.00160, 0.97880, 0.99510
0.99870, 1.00350, 0.98900, 1.00060
1.00390, 1.01190, 0.99770, 1.00770
1.01190, 1.01560, 0.99090, 1.00190
1.00370, 1.02050, 0.99900, 1.01510
1.01530, 1.01810, 0.99150, 0.99610
0.99890, 1.01060, 0.99030, 1.00260
1.00250, 1.00870, 0.98040, 0.98440
0.98370, 0.99740, 0.97360, 0.99660
0.99300, 0.99930, 0.98600, 0.99360
0.99350, 1.00790, 0.98770, 1.00160
1.00000, 1.01960, 0.99800, 1.01240
1.00770, 1.02090, 1.00710, 1.02020
1.01370, 1.01580, 0.98240, 0.98860
0.98560, 0.99130, 0.97020, 0.97890
0.97860, 0.99960, 0.97480, 0.98220
0.98110, 0.99560, 0.98030, 0.99440
0.98940, 1.00950, 0.98890, 1.00030
1.00040, 1.01260, 0.98790, 0.98860
0.98730, 1.00160, 0.98320, 1.00030
0.99800, 1.00000, 0.98450, 0.99440
0.99260, 0.99600, 0.97920, 0.98630
0.98660, 0.98820, 0.97210, 0.98600
0.98660, 0.98790, 0.96220, 0.97910
0.97990, 1.00750, 0.97850, 1.00500
1.00260, 1.01190, 0.99710, 0.99950
1.00170, 1.01170, 0.99390, 1.00870
1.00870, 1.01720, 1.00020, 1.01290
1.01190, 1.02540, 1.00350, 1.02380
1.02340, 1.04430, 1.01900, 1.03600
1.03580, 1.04420, 1.02120, 1.03380
1.03500, 1.04120, 1.01910, 1.02280
1.02430, 1.04000, 1.02180, 1.03760
1.03590, 1.04660, 1.02460, 1.04440
1.04840, 1.05070, 1.03030, 1.04660
1.04650, 1.05550, 1.02950, 1.03170
1.03100, 1.04230, 1.02850, 1.03970
1.04050, 1.04090, 1.02330, 1.03640
1.03360, 1.03980, 1.02830, 1.03160
1.03380, 1.03850, 1.02550, 1.03740
1.02920, 1.03520, 1.01380, 1.01380
1.01400, 1.03340, 1.01260, 1.02790
1.02750, 1.05350, 1.02470, 1.05000
1.05150, 1.05330, 1.02050, 1.02500
1.02290, 1.02640, 0.99140, 1.02140
1.02260, 1.03790, 1.02250, 1.03020
1.02820, 1.04310, 1.02700, 1.03680
1.03690, 1.05010, 1.03540, 1.04840
1.04570, 1.05150, 1.03760, 1.04310
1.03990, 1.04140, 1.01020, 1.01310
1.01040, 1.02360, 0.99850, 1.00540
1.00780, 1.01770, 0.99800, 1.01430
1.01220, 1.01910, 0.99370, 1.01460
1.01250, 1.04640, 1.01180, 1.04370
1.04380, 1.04530, 1.03640, 1.04410
1.04270, 1.06650, 1.04010, 1.06080
1.06090, 1.06350, 1.04150, 1.05680
1.05790, 1.05860, 1.03100, 1.03820
1.04270, 1.04590, 1.02570, 1.02810
1.02630, 1.02880, 1.01100, 1.01620
1.02420, 1.05270, 1.02160, 1.04090
1.04230, 1.04590, 1.03070, 1.03850
1.03990, 1.04070, 1.02550, 1.03630
1.03560, 1.04490, 1.02600, 1.03550
1.03560, 1.04470, 1.02910, 1.04150
1.04330, 1.05190, 1.03870, 1.05130
1.04820, 1.05650, 1.04440, 1.05590
1.05390, 1.06270, 1.04820, 1.06200
1.06240, 1.06880, 1.05510, 1.06710
1.06490, 1.07350, 1.05900, 1.06950
1.06930, 1.07830, 1.06570, 1.06840
1.06950, 1.07520, 1.06460, 1.06640
1.06950, 1.07240, 1.05970, 1.06820
1.06850, 1.07660, 1.06040, 1.06120
1.06210, 1.06350, 1.04640, 1.04740
1.04630, 1.05090, 1.03360, 1.04990
1.04990, 1.05200, 1.03110, 1.04400
1.04430, 1.04860, 1.03120, 1.03280
1.04030, 1.04070, 1.01840, 1.02740
1.02670, 1.04090, 1.02280, 1.03640
1.03590, 1.03790, 1.02450, 1.02930
1.02820, 1.03130, 1.01560, 1.02650
1.02580, 1.03010, 1.01030, 1.01370
1.01100, 1.01610, 1.00010, 1.00230
1.00090, 1.01120, 0.99820, 1.00570
1.00550, 1.00920, 0.99550, 1.00420
1.00730, 1.01150, 0.99720, 1.00930
1.00720, 1.02490, 1.00490, 1.01680
1.02040, 1.03220, 1.01630, 1.02900
1.03220, 1.04020, 1.02970, 1.03070
1.03140, 1.04560, 1.02780, 1.04060
1.04290, 1.04450, 1.03810, 1.04060
1.04060, 1.04640, 1.03200, 1.03680
1.03840, 1.05170, 1.03600, 1.05020
1.04990, 1.05290, 1.04050, 1.05140
1.05130, 1.05850, 1.04960, 1.05810
1.05850, 1.05990, 1.04360, 1.04790
1.04630, 1.04750, 1.02930, 1.03020
1.03140, 1.04320, 1.02910, 1.03200
1.03410, 1.03440, 1.01680, 1.01710
1.01570, 1.01810, 1.00520, 1.01580
1.01370, 1.02720, 1.00780, 1.02460
1.02400, 1.02490, 1.01560, 1.02030
1.01910, 1.02680, 1.01520, 1.02070
1.01980, 1.02030, 0.99450, 0.99660
0.99250, 1.00900, 0.99230, 1.00280
1.00360, 1.02680, 1.00010, 1.02590
1.02500, 1.03540, 1.01610, 1.03400
1.03330, 1.03900, 1.02840, 1.02910
1.02890, 1.04280, 1.02860, 1.04020
1.03980, 1.04700, 1.03250, 1.03490
1.03580, 1.03900, 1.03130, 1.03850
1.03780, 1.04110, 1.03370, 1.03650
1.03510, 1.04280, 1.03230, 1.03640
1.03490, 1.04280, 1.03260, 1.04110
1.04030, 1.04210, 1.03230, 1.03240
1.03290, 1.03480, 1.02690, 1.03390
1.03280, 1.03730, 1.02850, 1.03400
1.03350, 1.04420, 1.03270, 1.03710
1.03820, 1.04350, 1.03600, 1.04190
1.04210, 1.05470, 1.04130, 1.04800
1.04820, 1.05200, 1.03440, 1.03660
1.03880, 1.04350, 1.02400, 1.03280
1.03370, 1.04000, 1.02960, 1.03670
1.03640, 1.05770, 1.03510, 1.05370
1.05290, 1.05790, 1.04370, 1.04710
1.04770, 1.06100, 1.04240, 1.05200
1.05030, 1.06680, 1.04950, 1.06080
1.05910, 1.07170, 1.05820, 1.06840
1.06810, 1.07060, 1.05650, 1.05890
1.06000, 1.06480, 1.05340, 1.05610
1.05530, 1.07150, 1.05240, 1.06410
1.06520, 1.06710, 1.05420, 1.05480
1.05390, 1.05650, 1.04330, 1.04340
1.04520, 1.05000, 1.03030, 1.03920
1.03820, 1.03930, 1.00740, 1.01210
1.01190, 1.01300, 0.99490, 0.99990
1.00320, 1.00880, 0.99440, 0.99440
0.99370, 1.00270, 0.98820, 0.99250
0.99690, 1.00640, 0.96360, 0.96790
0.95980, 0.98170, 0.95450, 0.97290
0.97280, 0.97860, 0.94800, 0.96140
0.96500, 0.97840, 0.95870, 0.96130
0.95840, 0.97140, 0.95050, 0.95820
0.95760, 0.96950, 0.93500, 0.93980
0.94210, 0.96450, 0.94090, 0.95050
0.95100, 0.95950, 0.94150, 0.95180
0.95130, 0.95330, 0.91690, 0.92470
0.92620, 0.94870, 0.92010, 0.94580
0.94600, 0.95350, 0.93740, 0.94930
0.94980, 0.95270, 0.93500, 0.94730
0.94940, 0.95270, 0.93270, 0.93780
0.94150, 0.96410, 0.93980, 0.95590
0.95820, 0.96460, 0.95240, 0.95700
0.96270, 0.97400, 0.95910, 0.96800
0.96560, 0.97250, 0.95830, 0.95970
0.96070, 0.97630, 0.95680, 0.97070
0.97100, 0.98580, 0.96900, 0.97980
0.97730, 0.99620, 0.97700, 0.99550
0.99440, 1.00360, 0.99130, 1.00160
1.00130, 1.00480, 0.98270, 0.98330
0.98490, 0.99670, 0.98110, 0.98320
0.98360, 0.98410, 0.97240, 0.97760
0.97830, 0.98780, 0.96340, 0.96430
0.96460, 0.96880, 0.95820, 0.96680
0.96940, 0.97430, 0.95800, 0.96800
0.97060, 0.97230, 0.94750, 0.94860
0.94900, 0.95410, 0.94190, 0.94870
0.94910, 0.95170, 0.94270, 0.94920
0.94840, 0.95710, 0.94080, 0.95130
0.95230, 0.98200, 0.94940, 0.98020
0.98110, 0.98970, 0.95920, 0.96270
0.96150, 0.98350, 0.95880, 0.96240
0.96170, 0.98440, 0.95980, 0.97430
0.97390, 0.99640, 0.96920, 0.98820
0.98840, 1.00050, 0.98260, 0.99200
0.99520, 1.00560, 0.98440, 0.99730
0.99770, 1.00130, 0.98570, 0.98790
0.98500, 1.01020, 0.98220, 1.00500
1.00370, 1.00830, 0.99180, 1.00210
1.00090, 1.02200, 0.99940, 1.01890
1.02070, 1.03120, 1.01640, 1.02250
1.02200, 1.02780, 1.01480, 1.01970
1.01910, 1.03210, 1.01480, 1.03110
1.03050, 1.03460, 1.02520, 1.02840
1.02870, 1.03400, 1.01990, 1.02370
1.02360, 1.02640, 1.01130, 1.01790
1.01960, 1.02200, 1.01190, 1.01960
1.02010, 1.02600, 1.01480, 1.01670
1.01770, 1.01780, 1.00270, 1.00300
1.00380, 1.01130, 1.00060, 1.00960
1.00930, 1.02280, 1.00290, 1.02000
1.02010, 1.02390, 1.01580, 1.02010
1.01960, 1.02110, 1.00880, 1.00950
1.00850, 1.01380, 1.00340, 1.00480
1.00470, 1.01150, 0.99340, 0.99700
0.99660, 1.00780, 0.99530, 1.00760
1.00660, 1.01000, 1.00380, 1.00800
1.00800, 1.01720, 1.00510, 1.01610
1.01590, 1.01890, 1.01130, 1.01720
1.01630, 1.02310, 1.01010, 1.01770
1.01730, 1.01870, 1.01060, 1.01550
1.01380, 1.02190, 1.01310, 1.01920
1.02030, 1.02220, 1.01030, 1.01530
1.01370, 1.02330, 1.01140, 1.02020
1.01880, 1.02080, 0.99930, 1.00200
0.99850, 1.00080, 0.97690, 0.97800
0.97880, 0.98560, 0.97320, 0.97760
0.97610, 0.98320, 0.97020, 0.97540
0.97620, 0.98590, 0.96990, 0.97240
0.97280, 0.99570, 0.96810, 0.98650
0.98820, 0.99440, 0.97870, 0.98860
0.98920, 0.99510, 0.98050, 0.99090
0.98770, 0.99840, 0.97500, 0.97810
0.97900, 0.99250, 0.97690, 0.98750
0.99000, 0.99120, 0.97260, 0.97380
0.97440, 0.97640, 0.95630, 0.97090
0.96810, 0.96970, 0.94930, 0.95160
0.94990, 0.95970, 0.94370, 0.95410
0.95530, 0.96390, 0.94340, 0.94490
0.94480, 0.94780, 0.93930, 0.94420
0.94340, 0.95360, 0.94260, 0.95310
0.95070, 0.97400, 0.94860, 0.97270
0.97380, 0.98850, 0.96740, 0.98570
0.98460, 1.00830, 0.97710, 0.98300
0.98030, 0.99610, 0.97470, 0.98830
0.98470, 0.99620, 0.95860, 0.97550
0.97260, 0.98010, 0.95890, 0.96550
0.96730, 0.98370, 0.96500, 0.98310
0.98310, 0.98550, 0.97240, 0.97610
0.97580, 0.98250, 0.96800, 0.97370
0.97250, 0.97910, 0.96240, 0.97600
0.97530, 0.98050, 0.96950, 0.97530
0.97790, 0.98790, 0.97100, 0.97710
0.97440, 0.97650, 0.95080, 0.95270
0.95250, 0.97120, 0.94510, 0.96480
0.96420, 0.96520, 0.94140, 0.95240
0.95530, 0.95560, 0.94060, 0.95270
0.95320, 0.96710, 0.94730, 0.95420
0.95180, 0.96350, 0.94370, 0.95830
0.95690, 0.97440, 0.95380, 0.96520
0.96510, 0.97290, 0.95930, 0.96160
0.96110, 0.96570, 0.94930, 0.95120
0.94990, 0.97140, 0.94600, 0.94710
0.94780, 0.95690, 0.94280, 0.95140
0.95380, 0.95900, 0.94270, 0.95360
0.95190, 0.95930, 0.94160, 0.94300
0.94050, 0.96610, 0.93650, 0.94470
0.94190, 0.95120, 0.94010, 0.94160
0.94180, 0.96170, 0.94120, 0.95620
0.95700, 0.96330, 0.94800, 0.95000
0.94810, 0.95640, 0.94070, 0.95560
0.95670, 0.97450, 0.95390, 0.97420
0.97240, 0.97400, 0.94880, 0.96580
0.96560, 0.96750, 0.95440, 0.96390
0.96250, 0.96350, 0.93580, 0.94630
0.94480, 0.94700, 0.91470, 0.91710
0.91820, 0.94040, 0.91560, 0.94010
0.93830, 0.95170, 0.93510, 0.95090
0.95040, 0.95120, 0.92570, 0.93660
0.93690, 0.94320, 0.92560, 0.92730
0.92740, 0.95050, 0.92440, 0.94880
0.94870, 0.95800, 0.93580, 0.93860
0.93630, 0.95350, 0.93560, 0.94990
0.94920, 0.95750, 0.93030, 0.93260
0.93100, 0.94440, 0.92960, 0.93660
0.93470, 0.95040, 0.93090, 0.94940
0.94740, 0.96620, 0.94310, 0.96590
0.96410, 0.96790, 0.95810, 0.96140
0.96120, 0.98420, 0.95880, 0.98010
0.98090, 0.99370, 0.97430, 0.98840
0.98790, 1.00110, 0.98340, 1.00080
0.99910, 1.01050, 0.99580, 1.00630
1.00680, 1.01660, 1.00490, 1.01550
1.00670, 1.01160, 0.98420, 0.98490
0.98720, 1.00710, 0.98210, 0.99680
0.99850, 1.00840, 0.98880, 0.98900
0.99050, 0.99870, 0.98440, 0.98930
0.98890, 0.99480, 0.97830, 0.98280
0.98250, 0.99270, 0.97080, 0.98370
0.98390, 0.99140, 0.97600, 0.98380
0.98560, 0.99620, 0.96210, 0.96270
0.96260, 0.99480, 0.95940, 0.98970
0.98690, 1.00500, 0.98660, 0.99910
0.99860, 1.00300, 0.98610, 0.98840
0.98880, 0.99880, 0.98860, 0.99600
0.99720, 1.00220, 0.98870, 0.99890
0.99900, 1.00040, 0.98030, 0.98100
0.97980, 0.99250, 0.97490, 0.98970
0.99110, 0.99590, 0.97580, 0.97630
0.97450, 0.98070, 0.95220, 0.95450
0.95330, 0.96530, 0.94510, 0.95070
0.95200, 0.95450, 0.93580, 0.94010
0.93870, 0.94960, 0.93840, 0.94690
0.94740, 0.95090, 0.93200, 0.93570
0.93480, 0.95350, 0.93460, 0.95270
0.95430, 0.95440, 0.93860, 0.94220
0.94300, 0.95940, 0.94110, 0.95330
0.95470, 0.97580, 0.94950, 0.97160
0.96760, 0.96970, 0.95750, 0.96770
0.96150, 0.98860, 0.96150, 0.98500
0.98670, 0.99670, 0.97860, 0.98240
0.98330, 0.98630, 0.97330, 0.97980
0.97920, 0.99680, 0.97840, 0.99110
0.98900, 1.00590, 0.98310, 1.00330
1.00410, 1.01200, 0.99020, 0.99090
0.99110, 0.99500, 0.97580, 0.98080
0.97960, 0.98900, 0.97900, 0.98330
0.98200, 0.99180, 0.97950, 0.98280
0.98260, 0.99450, 0.97880, 0.98320
0.98330, 0.99220, 0.98060, 0.98970
0.98870, 1.00410, 0.98820, 1.00350
1.00230, 1.01540, 1.00010, 1.00510
1.00510, 1.01034, 0.99812, 1.00857
1.00681, 1.00853, 0.99569, 1.00044
1.00015, 1.01579, 0.99768, 1.01415
1.01357, 1.02855, 1.00991, 1.01728
1.01831, 1.03227, 1.01717, 1.02756
1.02381, 1.03972, 1.01833, 1.02120
1.01822, 1.02581, 0.98964, 0.99008
0.98925, 1.00686, 0.98603, 1.00454
1.00424, 1.00943, 0.98512, 0.98992
0.98952, 0.99387, 0.97879, 0.98090
0.97796, 0.98851, 0.97224, 0.97298
0.97095, 0.97505, 0.96741, 0.97034
0.96933, 0.97942, 0.96552, 0.96745
0.96695, 0.97574, 0.95917, 0.96563
0.96572, 0.98645, 0.96540, 0.98303
0.98250, 1.00909, 0.98028, 1.00504
1.00585, 1.01015, 0.98504, 0.99228
0.99250, 1.00155, 0.98578, 0.99994
0.99970, 1.00822, 0.99648, 1.00371
1.00418, 1.00983, 0.99794, 1.00226
1.00401, 1.01583, 1.00244, 1.00418
1.00570, 1.02533, 1.00490, 1.01507
1.01438, 1.02163, 1.01269, 1.01525
1.01526, 1.02941, 1.01443, 1.02756
1.02725, 1.03334, 1.01635, 1.01909
1.01980, 1.02545, 1.01503, 1.01540
1.01528, 1.02049, 1.00281, 1.00570
1.00330, 1.00976, 0.99244, 1.00919
1.00809, 1.01945, 1.00567, 1.01725
1.02075, 1.02671, 1.01184, 1.02195
1.01985, 1.03454, 1.01131, 1.01131
1.01170, 1.01551, 1.00120, 1.01247
1.01220, 1.01639, 1.00664, 1.00671
1.00660, 1.01227, 1.00016, 1.00048
0.99945, 1.00646, 0.99475, 1.00301
1.00150, 1.02107, 1.00125, 1.01327
1.01307, 1.01463, 0.99595, 1.00608
1.00595, 1.00997, 0.99638, 1.00383
1.00270, 1.00855, 0.99205, 0.99622
0.99615, 0.99834, 0.97705, 0.97877
0.97842, 0.99553, 0.97347, 0.98940
0.98925, 1.00566, 0.98724, 0.99195
0.99055, 1.00233, 0.98606, 0.99255
0.99306, 1.00490, 0.99203, 1.00252
1.00125, 1.00737, 0.99718, 1.00017
0.99959, 1.00368, 0.99482, 0.99718
0.99609, 1.00006, 0.98693, 0.98961
0.98834, 1.00028, 0.98561, 0.98751
0.98686, 0.99259, 0.96744, 0.97867
0.97941, 0.97946, 0.96928, 0.97528
0.97451, 0.99080, 0.97253, 0.98159
0.98041, 0.98392, 0.96986, 0.97582
0.97826, 0.98144, 0.97155, 0.97396
0.97336, 0.98704, 0.96949, 0.98326
0.98303, 0.98721, 0.97694, 0.98635
0.98656, 0.98827, 0.97510, 0.98261
0.98316, 0.99165, 0.97541, 0.97607
0.97585, 0.97901, 0.97073, 0.97126
0.97061, 0.97321, 0.96114, 0.96481
0.96558, 0.97122, 0.96356, 0.96651
0.96688, 0.97844, 0.96472, 0.96477
0.96375, 0.96921, 0.95784, 0.96459
0.96441, 0.98577, 0.96388, 0.98260
0.98301, 0.98814, 0.97741, 0.98050
0.98136, 0.98413, 0.97771, 0.98144
0.98138, 0.98503, 0.97106, 0.97558
0.97522, 0.99063, 0.97135, 0.98539
0.98444, 1.00003, 0.98387, 0.99722
0.99718, 1.00096, 0.99126, 0.99823
0.99715, 1.00050, 0.98042, 0.98390
0.98336, 0.99051, 0.97823, 0.98263
0.98336, 0.99519, 0.98211, 0.99280
0.99295, 0.99877, 0.98658, 0.98982
0.99047, 1.00119, 0.99010, 0.99960
0.99891, 1.01354, 0.99804, 1.00465
1.00578, 1.02424, 1.00571, 1.00945
1.00977, 1.01097, 0.99090, 0.99203
0.99241, 0.99867, 0.98740, 0.99023
0.99103, 0.99226, 0.97824, 0.98098
0.97971, 0.98279, 0.97478, 0.97868
0.97841, 0.98574, 0.97248, 0.97859
0.97761, 0.97979, 0.97072, 0.97227
0.97219, 0.97307, 0.96066, 0.96819
0.96874, 0.97062, 0.95537, 0.96463
0.96333, 0.96888, 0.95878, 0.96710
0.96819, 0.98178, 0.96654, 0.97908
0.97983, 0.98384, 0.97058, 0.98043
0.97865, 0.99340, 0.97865, 0.98187
0.98646, 0.99107, 0.97820, 0.98238
0.98073, 0.99335, 0.97386, 0.98698
0.98646, 0.98828, 0.97098, 0.97270
0.97293, 0.97692, 0.96582, 0.97208
0.97233, 0.98131, 0.96814, 0.97628
0.97586, 0.97950, 0.97038, 0.97474
0.97352, 0.97870, 0.96256, 0.96663
0.96552, 0.97080, 0.95782, 0.96098
0.96020, 0.97066, 0.95250, 0.95808
0.95722, 0.95912, 0.94176, 0.95531
0.95451, 0.96119, 0.94736, 0.95390
0.95255, 0.95574, 0.93621, 0.93763
0.93998, 0.95175, 0.93482, 0.93492
0.93412, 0.93979, 0.92709, 0.93199
0.93221, 0.94319, 0.93161, 0.94096
0.93824, 0.94906, 0.93122, 0.93136
0.92791, 0.93054, 0.91046, 0.91233
0.91301, 0.92936, 0.91265, 0.92643
0.92553, 0.93654, 0.92232, 0.93254
0.93113, 0.93386, 0.91752, 0.92857
0.92877, 0.94801, 0.92601, 0.94294
0.94121, 0.95683, 0.94071, 0.95391
0.95286, 0.96541, 0.94878, 0.96323
0.96101, 0.96640, 0.95247, 0.95657
0.95600, 0.97487, 0.95533, 0.97155
0.97644, 0.97746, 0.95750, 0.95867
0.95791, 0.96773, 0.95665, 0.96024
0.96035, 0.97026, 0.95532, 0.95625
0.95694, 0.96273, 0.95591, 0.95946
0.96036, 0.96306, 0.90658, 0.95180
0.95104, 0.95702, 0.94543, 0.95697
0.95591, 0.95775, 0.94963, 0.94965
0.95027, 0.95527, 0.94477, 0.94878
0.94854, 0.95798, 0.94731, 0.94897
0.94845, 0.95235, 0.93792, 0.94085
0.94023, 0.94713, 0.93813, 0.94515
0.94503, 0.94880, 0.93177, 0.93531
0.93706, 0.94750, 0.93157, 0.94073
0.94359, 0.94783, 0.93888, 0.94501
0.94357, 0.94905, 0.93861, 0.94468
0.94459, 0.95223, 0.94125, 0.95064
0.95050, 0.95630, 0.94651, 0.94728
0.94957, 0.95498, 0.94148, 0.95048
0.95038, 0.95815, 0.94776, 0.95572
0.95560, 0.96147, 0.95431, 0.95733
0.95697, 0.95753, 0.94379, 0.94713
0.94678, 0.95087, 0.94057, 0.94253
0.94245, 0.94566, 0.93679, 0.93873
0.93848, 0.93978, 0.92299, 0.92453
0.92869, 0.93179, 0.92001, 0.93088
0.93105, 0.93907, 0.92915, 0.93713
0.93718, 0.93960, 0.92831, 0.92853
0.92797, 0.92841, 0.91798, 0.92128
0.92085, 0.92296, 0.91052, 0.91574
0.91548, 0.91989, 0.91506, 0.91883
0.91829, 0.92047, 0.91201, 0.91223
0.91242, 0.91568, 0.90724, 0.91441
0.91452, 0.92424, 0.91388, 0.91968
0.91925, 0.92471, 0.90938, 0.90948
0.90899, 0.91055, 0.89693, 0.89733
0.89698, 0.90504, 0.88880, 0.89573
0.89494, 0.90476, 0.89215, 0.89920
0.89936, 0.90463, 0.89613, 0.89683
0.89540, 0.90135, 0.89053, 0.89643
0.89556, 0.90511, 0.89237, 0.90167
0.90070, 0.91440, 0.90042, 0.91375
0.90755, 0.91263, 0.89651, 0.89738
0.89769, 0.90193, 0.89421, 0.89533
0.89505, 0.90263, 0.88352, 0.90088
0.90003, 0.90371, 0.89505, 0.89633
0.89613, 0.90010, 0.88805, 0.89973
0.89940, 0.90211, 0.89028, 0.89072
0.89095, 0.91196, 0.89049, 0.90831
0.90808, 0.91099, 0.90450, 0.90696
0.90659, 0.90765, 0.89754, 0.90190
0.90060, 0.90694, 0.89667, 0.90208
0.90258, 0.90426, 0.89612, 0.89612
0.89806, 0.91182, 0.89782, 0.90644
0.90490, 0.91356, 0.90037, 0.90514
0.90639, 0.90966, 0.89807, 0.90720
0.90589, 0.91411, 0.90586, 0.91356
0.91209, 0.91507, 0.90047, 0.90304
0.90115, 0.90288, 0.89034, 0.90061
0.89999, 0.90385, 0.89704, 0.89812
0.89707, 0.90492, 0.89314, 0.89720
0.89524, 0.89673, 0.88411, 0.88488
0.88442, 0.89955, 0.88442, 0.88802
0.88632, 0.89540, 0.88625, 0.88865
0.89009, 0.89135, 0.87355, 0.87620
0.87295, 0.88176, 0.86403, 0.87126
0.87024, 0.89249, 0.86858, 0.89168
0.89621, 0.90600, 0.85154, 0.85273
0.85783, 0.86271, 0.80664, 0.83134
0.83304, 0.86890, 0.82382, 0.86310
0.86170, 0.88061, 0.84697, 0.85132
0.85469, 0.88863, 0.85153, 0.88542
0.88369, 0.89690, 0.88298, 0.89114
0.89033, 0.90231, 0.88975, 0.90149
0.89914, 0.91220, 0.89904, 0.90435
0.90213, 0.91243, 0.90080, 0.90954
0.90866, 0.91429, 0.90233, 0.90533
0.90543, 0.91844, 0.90425, 0.91520
0.91381, 0.92015, 0.90639, 0.91770
0.91704, 0.94447, 0.91597, 0.93517
0.93254, 0.94102, 0.92874, 0.93322
0.93052, 0.94263, 0.92699, 0.92967
0.92807, 0.94204, 0.92719, 0.93912
0.93684, 0.94283, 0.93473, 0.94015
0.93944, 0.94761, 0.93843, 0.94453
0.94406, 0.95434, 0.94300, 0.95012
0.94784, 0.96400, 0.94777, 0.95307
0.95102, 0.96959, 0.95102, 0.95801
0.95468, 0.96389, 0.95048, 0.95826
0.95774, 0.95895, 0.94367, 0.95139
0.94833, 0.95598, 0.94288, 0.94424
0.94224, 0.96448, 0.94146, 0.96445
0.96329, 0.96509, 0.94856, 0.95116
0.95021, 0.96189, 0.94994, 0.95981
0.95839, 0.96668, 0.95725, 0.96213
0.96284, 0.96539, 0.93900, 0.94103
0.94028, 0.95818, 0.94002, 0.95297
0.95249, 0.95489, 0.94393, 0.94936
0.94821, 0.94950, 0.93254, 0.93364
0.93348, 0.93892, 0.92465, 0.93662
0.93681, 0.94328, 0.93539, 0.93633
0.93505, 0.95145, 0.92984, 0.94827
0.94928, 0.95616, 0.94339, 0.95437
0.95403, 0.95910, 0.94985, 0.95589
0.95525, 0.96038, 0.95212, 0.95831
0.95977, 0.96169, 0.94891, 0.94929
0.94921, 0.96345, 0.94562, 0.96151
0.96250, 0.97505, 0.95859, 0.97427
0.97030, 0.97657, 0.96581, 0.97463
0.97704, 0.98577, 0.97272, 0.98253
0.97967, 0.98995, 0.97731, 0.98535
0.98434, 0.98882, 0.97948, 0.98092
0.98128, 0.98330, 0.97725, 0.98183
0.98058, 0.98527, 0.97509, 0.97605
0.97448, 0.98234, 0.97133, 0.97955
0.97767, 0.98583, 0.97766, 0.98465
0.98422, 0.99317, 0.98207, 0.99259
0.99231, 0.99925, 0.97879, 0.98169
0.98088, 0.98974, 0.97013, 0.97192
0.97245, 0.97962, 0.96650, 0.96765
0.96754, 0.97184, 0.96086, 0.96860
0.96578, 0.97123, 0.95314, 0.96036
0.96017, 0.96422, 0.94895, 0.95616
0.95556, 0.96492, 0.95458, 0.95466
0.95488, 0.97286, 0.95326, 0.96706
0.96634, 0.97579, 0.96193, 0.96667
0.96534, 0.97076, 0.94549, 0.94798
0.94810, 0.95407, 0.94493, 0.95120
0.95134, 0.95559, 0.93374, 0.94206
0.94191, 0.94277, 0.93141, 0.93249
0.93259, 0.94088, 0.92968, 0.93081
0.93045, 0.93728, 0.92604, 0.93471
0.93336, 0.93925, 0.93253, 0.93700
0.93631, 0.93955, 0.92872, 0.93241
0.93285, 0.93596, 0.92819, 0.93374
0.93164, 0.93460, 0.92463, 0.92767
0.92605, 0.93760, 0.92602, 0.93248
0.93185, 0.93747, 0.92950, 0.93306
0.93262, 0.94182, 0.92161, 0.92506
0.92520, 0.92780, 0.91450, 0.91562
0.91529, 0.93103, 0.91434, 0.92320
0.92228, 0.92443, 0.91746, 0.92216
0.92175, 0.92285, 0.91186, 0.91546
0.91340, 0.92303, 0.91125, 0.92198
0.92118, 0.93472, 0.91812, 0.93316
0.93235, 0.93759, 0.92964, 0.93279
0.93233, 0.93450, 0.92295, 0.92751
0.92613, 0.93152, 0.91771, 0.91877
0.91630, 0.92132, 0.91411, 0.91779
0.91815, 0.91989, 0.91041, 0.91157
0.91089, 0.91999, 0.91029, 0.91717
0.91612, 0.92776, 0.91474, 0.92348
0.92296, 0.93366, 0.92256, 0.93120
0.92966, 0.93210, 0.91775, 0.92156
0.92055, 0.92492, 0.91247, 0.91957
0.91813, 0.92297, 0.91368, 0.91431
0.91416, 0.92033, 0.90679, 0.91109
0.90889, 0.91519, 0.89711, 0.89889
0.89689, 0.91269, 0.89689, 0.91229
0.91186, 0.92310, 0.90884, 0.91875
0.91841, 0.92868, 0.91566, 0.92495
0.92512, 0.93022, 0.91664, 0.92015
0.91775, 0.92383, 0.90681, 0.90772
0.90651, 0.91274, 0.90363, 0.90507
0.90498, 0.90713, 0.89752, 0.90283
0.90191, 0.90561, 0.89062, 0.89275
0.89207, 0.90772, 0.89202, 0.90298
0.90184, 0.91644, 0.90082, 0.90840
0.90745, 0.91625, 0.90534, 0.91533
0.91438, 0.92395, 0.91346, 0.91820
0.91603, 0.93979, 0.91388, 0.93878
0.93764, 0.94609, 0.92768, 0.92965
0.92781, 0.93612, 0.91702, 0.93421
0.93359, 0.94389, 0.92896, 0.93723
0.93659, 0.94140, 0.93385, 0.93798
0.93635, 0.95147, 0.93615, 0.93776
0.93646, 0.94447, 0.93158, 0.93193
0.93155, 0.93479, 0.91988, 0.92082
0.92169, 0.92169, 0.90692, 0.90746
0.90667, 0.92538, 0.90477, 0.91235
0.91148, 0.91231, 0.89208, 0.89574
0.89424, 0.90519, 0.89176, 0.90409
0.90459, 0.91292, 0.90356, 0.91046
0.91051, 0.91457, 0.90490, 0.90766
0.90781, 0.91065, 0.89831, 0.90004
0.89885, 0.91303, 0.88823, 0.90341
0.90015, 0.90872, 0.89190, 0.89495
0.89471, 0.89661, 0.87447, 0.87795
0.87616, 0.89007, 0.87614, 0.88644
0.88582, 0.88733, 0.87317, 0.88469
0.88398, 0.89504, 0.88241, 0.89415
0.89458, 0.89934, 0.88782, 0.89480
0.89305, 0.90291, 0.88763, 0.89386
0.89202, 0.91055, 0.89202, 0.90959
0.90812, 0.91020, 0.89203, 0.89291
0.89197, 0.90495, 0.89103, 0.89855
0.89619, 0.90252, 0.89157, 0.89333
0.88955, 0.89509, 0.88157, 0.89128
0.89116, 0.89616, 0.88456, 0.89106
0.89018, 0.89668, 0.88588, 0.88743
0.88601, 0.89101, 0.87806, 0.88498
0.88336, 0.88952, 0.87289, 0.87382
0.87345, 0.87507, 0.86015, 0.86075
0.86063, 0.87166, 0.85978, 0.87033
0.87176, 0.88325, 0.86191, 0.87232
0.87080, 0.87952, 0.86275, 0.87184
0.86911, 0.88965, 0.86615, 0.88856
0.88911, 0.90145, 0.88481, 0.89278
0.89097, 0.90338, 0.88642, 0.90243
0.89988, 0.91856, 0.89568, 0.91445
0.91375, 0.92754, 0.90927, 0.92737
0.92461, 0.93298, 0.91232, 0.91567
0.91654, 0.91860, 0.90418, 0.91246
0.91377, 0.92381, 0.90838, 0.92341
0.92115, 0.93445, 0.91206, 0.92416
0.92401, 0.93459, 0.92020, 0.93397
0.93275, 0.94435, 0.92800, 0.93231
0.93169, 0.95467, 0.93142, 0.94592
0.94471, 0.94967, 0.92716, 0.92771
0.92475, 0.93799, 0.92242, 0.92321
0.92292, 0.93377, 0.92056, 0.92668
0.92589, 0.93099, 0.91448, 0.91507
0.91535, 0.92156, 0.91011, 0.92014
0.91835, 0.91987, 0.90448, 0.91004
0.91071, 0.92093, 0.90855, 0.91951
0.91993, 0.92305, 0.91042, 0.91257
0.91322, 0.91452, 0.90275, 0.90328
0.90170, 0.91261, 0.89745, 0.90013
0.90026, 0.90667, 0.89481, 0.89608
0.89437, 0.91056, 0.89423, 0.90605
0.90494, 0.90725, 0.89503, 0.89570
0.89455, 0.91051, 0.89452, 0.90301
0.90290, 0.90926, 0.89928, 0.90015
0.89909, 0.90417, 0.89089, 0.89742
0.89665, 0.89905, 0.88601, 0.88726
0.88701, 0.89059, 0.87825, 0.88686
0.88589, 0.89989, 0.88479, 0.89921
0.89825, 0.91159, 0.89814, 0.90712
0.90590, 0.90785, 0.87957, 0.87966
0.88005, 0.88371, 0.87416, 0.88203
0.88142, 0.88900, 0.87945, 0.88808
0.88584, 0.90554, 0.88084, 0.90373
0.90177, 0.90450, 0.88788, 0.88984
0.88899, 0.89800, 0.87713, 0.88036
0.87882, 0.88738, 0.87097, 0.87896
0.87798, 0.88471, 0.87207, 0.87311
0.87211, 0.87211, 0.87211, 0.87211