81.69400, 81.85200, 81.47900, 81.60200
81.63700, 81.80000, 80.82500, 81.13800
81.10200, 81.98900, 80.93200, 81.91500
81.93200, 82.46000, 81.25000, 82.38800
82.36400, 82.64600, 82.12600, 82.51900
82.52800, 82.58000, 81.90100, 82.07500
82.10500, 82.57900, 81.96400, 82.19700
82.14600, 83.37100, 82.06300, 83.20900
83.20900, 83.28200, 82.66900, 82.84100
82.81600, 83.30800, 82.70000, 83.24900
83.21200, 84.07600, 83.13300, 83.30400
83.50500, 83.64600, 83.10700, 83.34500
83.33700, 83.38300, 83.05700, 83.14800
83.11500, 83.57100, 83.09500, 83.45300
83.45700, 83.94100, 82.85800, 82.97600
82.96200, 83.15200, 82.42300, 82.54900
82.62000, 82.81700, 82.50000, 82.65100
82.64800, 83.09100, 82.48600, 82.72300
82.72900, 82.79700, 82.45100, 82.76700
82.76600, 82.91100, 82.52600, 82.54500
82.54700, 82.71100, 82.37300, 82.67600
82.62800, 82.71900, 82.23000, 82.31200
82.30700, 82.53000, 82.03300, 82.27100
82.26500, 82.64900, 82.07400, 82.28800
82.27800, 82.57400, 81.74800, 82.24200
82.21700, 82.45800, 81.66900, 82.21400
82.28000, 82.29400, 81.82200, 81.99900
81.95600, 81.99000, 81.13700, 81.32400
81.31300, 82.00200, 81.13000, 81.85000
81.83300, 82.46200, 81.73200, 82.40700
82.37000, 82.67100, 82.23500, 82.47600
82.41900, 82.78600, 82.38800, 82.50100
82.49800, 82.70300, 82.19000, 82.45100
82.43200, 82.96800, 82.17500, 82.96300
82.95900, 83.37500, 82.82600, 83.18500
83.16900, 83.43000, 83.04600, 83.15100
83.38400, 84.21700, 83.31800, 84.19200
84.16200, 84.47500, 83.97800, 84.02800
83.98900, 84.04200, 82.48300, 83.20700
83.18500, 83.32600, 82.37900, 82.77700
82.74200, 83.16000, 82.40900, 82.56500
82.96400, 83.06900, 82.42800, 82.56000
82.54800, 82.60800, 81.09700, 81.64500
81.62500, 82.60800, 81.02500, 82.52400
82.48100, 82.66900, 81.99200, 82.35700
82.32100, 82.94000, 82.20400, 82.86400
82.76100, 84.01400, 82.71500, 83.98200
83.98200, 84.18200, 83.33700, 83.63300
83.63300, 84.50100, 83.58800, 84.48200
84.47800, 84.53600, 83.39400, 83.61600
83.61600, 83.77700, 82.58600, 83.19300
82.94600, 83.81100, 82.92000, 83.73900
83.71800, 84.15900, 83.51700, 83.59800
83.59800, 83.98800, 83.44200, 83.64300
83.62900, 83.65200, 82.69100, 82.69600
82.71900, 82.84300, 82.27000, 82.33900
82.33600, 82.39800, 81.88900, 82.06100
82.06200, 82.08700, 80.62700, 81.25700
81.25500, 81.66400, 80.98900, 81.31300
81.32600, 81.64700, 81.07000, 81.13200
81.12800, 81.93200, 81.01300, 81.82500
81.66300, 81.86400, 80.98500, 81.35700
81.35500, 81.45800, 80.96700, 81.31600
81.34500, 81.64000, 80.75500, 80.93600
80.93600, 81.29900, 80.69200, 81.24500
81.24300, 82.04000, 81.04500, 81.97900
81.84100, 82.11000, 80.98000, 81.38200
81.38300, 82.07600, 81.02800, 81.67100
81.66400, 81.97000, 81.43300, 81.56400
81.56100, 81.93200, 81.27300, 81.75700
81.65400, 82.26100, 81.58800, 82.02400
81.97700, 82.80200, 81.97500, 82.73600
82.73700, 83.15900, 82.64700, 82.83800
82.83500, 82.83500, 82.06800, 82.50500
82.50500, 83.40600, 82.38900, 83.35600
83.35600, 83.60500, 82.99000, 83.37900
83.23300, 83.68700, 83.22300, 83.31600
83.31600, 83.60400, 83.21200, 83.38900
83.38900, 83.54900, 82.83900, 83.47400
83.47600, 83.92800, 82.59000, 82.73000
82.72800, 82.99300, 82.20700, 82.67100
82.63100, 82.76400, 82.14100, 82.18400
82.18200, 82.55700, 81.80600, 82.47100
82.47000, 82.89600, 82.08700, 82.72300
82.72100, 82.79500, 81.99400, 82.04900
82.04900, 82.30700, 81.86500, 82.14800
82.07600, 82.30500, 82.04300, 82.28400
82.27700, 83.25800, 82.14900, 83.08800
83.01900, 83.12600, 82.47900, 82.71800
82.71800, 82.73500, 81.95900, 82.19200
82.17700, 82.62100, 82.11300, 82.30200
82.18500, 82.42600, 82.17400, 82.29600
82.29600, 82.75900, 82.18000, 82.63400
82.63300, 82.79700, 82.08000, 82.46500
82.30500, 82.64700, 81.89900, 81.90500
81.92000, 81.99100, 80.61600, 80.89900
80.35200, 80.84500, 79.98400, 80.52300
80.51100, 80.81400, 80.21600, 80.45300
80.45300, 80.57400, 79.70200, 80.17200
80.16200, 80.82900, 79.83600, 80.52700
80.52700, 80.96600, 80.10200, 80.83700
80.87900, 80.94900, 80.59400, 80.77600
80.74800, 81.48400, 80.58700, 81.21600
81.20500, 81.36600, 80.91200, 81.27400
81.25500, 81.32000, 80.57100, 80.68000
80.64200, 81.70000, 80.59100, 81.48200
81.43400, 81.74300, 81.18000, 81.59500
81.62700, 81.78000, 81.42400, 81.58000
81.57700, 81.79700, 81.05000, 81.63400
81.63000, 81.70500, 80.49100, 80.64000
80.58400, 80.69900, 79.63600, 79.88200
79.85300, 80.26400, 79.52400, 80.14000
80.13700, 80.44400, 79.73300, 80.01500
80.01600, 80.58000, 79.59400, 80.24500
80.24100, 80.28600, 79.56400, 79.68200
79.68200, 79.74600, 78.68500, 78.87000
78.86400, 79.26300, 78.76600, 79.04000
79.04000, 79.50500, 78.90700, 79.47200
79.47200, 80.00900, 79.07600, 79.78700
79.78700, 80.80300, 79.69000, 80.48600
80.48600, 80.70600, 80.08100, 80.13900
80.14700, 80.59900, 79.95000, 80.29000
80.26900, 81.12400, 79.77500, 81.10800
81.08500, 81.66200, 81.01700, 81.58600
81.58100, 82.02900, 81.30900, 82.02000
82.01300, 82.35700, 81.88700, 81.99400
81.64500, 82.00900, 81.58900, 81.79600
81.79400, 82.04200, 81.66200, 81.89400
81.89100, 82.50200, 81.76900, 81.83100
81.83000, 81.95100, 81.30300, 81.71700
81.71700, 82.20600, 81.63400, 82.02300
82.15500, 82.40100, 82.06800, 82.33500
82.27500, 82.47200, 81.37300, 81.70500
81.64800, 81.91800, 81.32300, 81.34300
81.34200, 81.42000, 80.37800, 80.64700
80.63400, 80.77300, 79.99600, 80.17700
80.23600, 80.42300, 79.75800, 80.13700
80.13700, 80.29300, 79.82500, 80.22100
80.22100, 80.59500, 79.09400, 79.10900
79.11800, 80.15100, 79.04900, 79.90200
79.82200, 80.16300, 79.49600, 79.84500
79.73700, 79.96900, 79.48000, 79.70800
79.70200, 80.21000, 79.68600, 80.17000
80.18000, 80.33800, 79.66300, 80.08400
80.07800, 80.44700, 79.49600, 79.63600
79.63600, 80.48700, 79.53400, 80.13300
80.07900, 80.31300, 79.64400, 79.90100
79.86400, 79.90100, 79.04100, 79.68000
79.67700, 80.03100, 79.16100, 79.26300
79.24700, 79.80200, 78.98900, 79.56700
79.56700, 79.61100, 78.56200, 79.29600
79.33100, 79.76400, 79.10100, 79.33200
79.33300, 80.39200, 79.26300, 80.31700
80.34200, 80.38600, 79.80600, 79.91800
79.91900, 81.25900, 79.85900, 81.11700
81.10600, 81.94000, 81.02900, 81.35000
81.37700, 81.71500, 81.24500, 81.61200
81.60200, 82.20700, 81.58600, 82.18500
82.16500, 82.69600, 81.87100, 82.59300
82.55500, 83.05100, 82.51100, 82.76400
82.75100, 82.87900, 82.11000, 82.20600
82.12900, 82.51000, 81.65100, 81.65600
81.62100, 82.37400, 81.38600, 82.14500
82.11200, 82.46700, 81.78600, 82.19800
82.11300, 82.89500, 82.08400, 82.66400
82.65900, 82.82000, 82.07500, 82.69500
82.42000, 82.62200, 81.87300, 82.08700
82.07500, 82.22300, 81.27400, 81.36800
81.30500, 82.23500, 81.19000, 82.11400
82.08700, 82.23100, 81.69700, 81.89800
81.89100, 81.98100, 81.42700, 81.65900
81.58700, 82.38100, 81.58300, 81.98000
82.00600, 82.56700, 81.82500, 82.21400
82.18000, 83.18600, 82.16500, 83.05100
83.01600, 83.22200, 82.74400, 83.04100
83.03500, 83.08600, 82.73500, 82.94500
83.84700, 83.89600, 83.45600, 83.60800
83.58700, 83.65300, 82.56800, 82.77900
82.72300, 82.99300, 82.17100, 82.28600
82.23500, 82.30900, 80.93000, 81.49400
81.50800, 81.68700, 81.09700, 81.13100
80.89700, 81.52900, 80.72100, 81.45800
81.46600, 81.81100, 81.23700, 81.66600
81.67400, 82.06000, 81.53000, 81.77200
81.75200, 82.20700, 81.69000, 82.05500
82.07500, 82.12700, 81.25200, 81.34700
81.29800, 81.50000, 80.82800, 80.98800
80.99400, 81.20600, 80.66400, 80.85500
80.77900, 81.01300, 79.55900, 79.93400
79.93100, 80.20800, 78.83200, 79.14500
79.05400, 79.26300, 78.17100, 78.18200
78.06000, 78.50500, 77.78800, 77.92300
77.91400, 78.73600, 77.79700, 78.69800
78.66200, 78.71600, 77.53000, 78.00700
78.03500, 78.12400, 77.53000, 77.54900
77.60900, 78.05800, 77.15100, 77.27500
76.87900, 76.90900, 75.98600, 76.07400
76.02900, 76.05400, 70.22600, 75.40400
75.39100, 77.29200, 75.23900, 77.24200
77.18800, 77.73000, 77.02800, 77.68100
77.69100, 77.84000, 77.29500, 77.63100
77.62600, 78.10800, 77.39600, 77.53400
77.53500, 77.99400, 77.07700, 77.90500
77.88500, 78.34900, 77.81200, 78.32100
78.23500, 78.26000, 77.56300, 77.84200
77.81500, 78.51700, 77.76900, 78.29100
78.22500, 78.37500, 77.90600, 78.19400
78.18000, 78.97400, 77.75700, 78.56900
78.55300, 79.10000, 78.39000, 78.60100
78.56200, 78.70100, 78.28300, 78.49500
78.48500, 78.52600, 77.73300, 77.86900
77.87800, 78.41600, 77.83500, 78.26700
78.24100, 78.53900, 77.63600, 77.73800
77.74200, 78.83400, 77.50800, 78.63700
78.59900, 78.82100, 78.19400, 78.32500
78.32500, 78.48200, 77.96200, 78.26300
78.25700, 79.28500, 78.17000, 79.02900
79.00800, 79.39300, 78.87000, 79.18600
79.15200, 79.60300, 78.73300, 79.35700
79.34900, 79.53300, 79.16700, 79.40500
79.37900, 79.84200, 79.09100, 79.55700
79.52300, 79.65600, 78.05500, 78.16200
78.12900, 78.24400, 77.74700, 78.00100
77.96500, 78.01400, 77.43700, 77.78800
77.75400, 78.15300, 77.72300, 77.93700
77.92500, 78.47400, 77.89200, 78.39000
78.36900, 78.94700, 78.33100, 78.67500
78.67700, 79.23600, 78.24600, 78.51700
78.47500, 78.93500, 78.09400, 78.85300
78.77400, 79.19000, 78.77200, 78.83300
78.84300, 79.35300, 78.51300, 79.23800
79.23300, 79.57200, 79.12000, 79.40200
79.39400, 79.81600, 78.33100, 78.49200
78.45900, 79.09400, 78.39700, 78.85900
78.95000, 79.77500, 78.89100, 79.62400
79.58800, 79.66400, 79.16600, 79.47400
79.43800, 79.56900, 78.94400, 79.25300
79.22600, 79.46700, 78.93000, 79.01100
78.99300, 79.64600, 78.98000, 79.23500
79.50900, 79.55700, 79.03500, 79.23300
79.23200, 79.36200, 79.00800, 79.26400
79.23900, 79.34000, 78.38600, 78.59500
78.58400, 78.75800, 78.15400, 78.27900
78.22400, 78.41500, 77.72700, 78.30500
78.15400, 78.71800, 77.90900, 78.62800
78.61000, 78.92700, 78.50900, 78.81700
78.82500, 78.92100, 78.37200, 78.90800
78.91800, 78.97900, 78.57000, 78.88100
78.88700, 79.24300, 78.87300, 78.95700
78.97000, 79.41200, 78.91600, 79.12300
79.12300, 79.19300, 78.86500, 78.94800
78.95100, 79.30900, 78.71000, 78.85700
78.85700, 79.35300, 78.58200, 78.82900
78.83200, 78.86200, 77.77600, 77.82000
77.88300, 78.34500, 77.53900, 78.18500
78.20200, 79.00000, 78.18900, 78.92100
78.92100, 78.94700, 78.00600, 78.28200
78.27300, 78.44200, 77.91100, 78.27000
78.30700, 78.70300, 78.26800, 78.64300
79.02400, 79.26400, 78.79500, 79.20000
79.11900, 79.40100, 78.51000, 78.70800
78.70700, 79.46200, 78.49100, 79.29400
79.28600, 79.46400, 79.14800, 79.41700
79.41000, 79.63400, 79.25400, 79.36200
79.29300, 79.50500, 78.95000, 79.44700
79.44400, 79.61200, 79.14000, 79.20700
79.16000, 79.59800, 79.00500, 79.59800
79.59800, 79.63200, 79.42200, 79.53200
79.50000, 80.48500, 79.45900, 80.33200
80.30700, 80.44300, 80.18700, 80.35700
80.32000, 80.38700, 79.88800, 80.37000
80.31600, 80.71900, 80.09000, 80.42400
80.42000, 80.58300, 79.91000, 80.02500
80.02500, 80.11000, 79.94600, 80.02900
79.95500, 80.07800, 79.77200, 79.87100
79.87100, 79.91000, 79.25500, 79.43500
79.43500, 79.43500, 78.39000, 78.61900
78.61700, 78.71000, 78.08600, 78.32200
78.31900, 78.79900, 78.17400, 78.55800
78.46300, 78.94300, 78.46300, 78.78200
78.78200, 78.92200, 78.28600, 78.58300
78.58300, 78.70000, 78.13300, 78.15300
78.15000, 78.46000, 77.95800, 78.04300
78.04000, 78.17700, 77.82000, 78.02600
77.06200, 77.66400, 76.79200, 77.58100
77.37400, 78.04300, 77.11500, 77.29300
77.29200, 77.37800, 76.89500, 76.93700
76.93600, 76.99300, 76.34100, 76.70000
76.70000, 77.23500, 76.57100, 76.95700
76.70000, 76.87800, 75.73100, 75.90000
75.90000, 76.35800, 75.78700, 76.10800
76.10800, 76.16800, 75.52400, 75.91600
75.91600, 75.99900, 75.39100, 75.68900
75.68900, 75.83900, 75.32900, 75.56800
76.09400, 76.39000, 75.80800, 76.01700
76.00200, 76.28000, 75.61800, 76.05400
76.05400, 76.18400, 75.83100, 75.92500
75.91000, 75.93600, 75.44400, 75.61600
75.61500, 75.82800, 75.38900, 75.69600
75.73200, 76.00800, 75.71000, 75.75600
75.75600, 75.95100, 75.54700, 75.70200
75.69900, 75.86200, 75.45400, 75.79100
75.79100, 76.16300, 75.62700, 75.77500
75.77000, 75.78600, 75.08100, 75.08500
74.97900, 75.48300, 74.96600, 75.38500
75.38500, 75.69300, 75.06200, 75.60200
75.60100, 75.90100, 75.40100, 75.57000
75.57000, 75.77300, 75.27400, 75.61600
75.61600, 75.81400, 75.48900, 75.72500
75.95500, 76.00200, 75.41400, 75.47400
75.44100, 75.67600, 75.39400, 75.53200
75.53200, 75.58700, 75.14200, 75.17200
75.17700, 75.27500, 74.77000, 74.95000
74.94600, 74.96700, 74.48100, 74.56800
74.54900, 74.78000, 74.35300, 74.36300
74.36300, 74.66900, 73.92600, 74.56800
74.56500, 74.77300, 74.30500, 74.40900
74.40900, 74.67800, 74.13000, 74.28600
74.28600, 74.53500, 74.14000, 74.33400
74.30200, 74.78300, 74.30200, 74.71000
74.67000, 74.85500, 74.33500, 74.59800
74.59800, 75.35200, 74.53000, 75.28900
75.28400, 75.61800, 75.20000, 75.52800
75.52800, 75.78700, 75.32500, 75.76400
76.03000, 76.28400, 75.42600, 75.50800
75.51100, 75.74600, 75.31300, 75.47400
75.47300, 75.90300, 75.13100, 75.80800
75.80500, 75.92500, 75.61500, 75.68500
75.68200, 75.89700, 75.55000, 75.67500
75.58100, 75.88600, 75.58100, 75.82300
75.79500, 75.91300, 75.29700, 75.41900
75.41900, 75.62000, 75.28900, 75.49000
75.49000, 75.69900, 75.18200, 75.68000
75.67800, 75.90800, 75.54000, 75.73300
75.74700, 76.02000, 75.60500, 75.95600
75.95100, 76.14200, 75.82200, 75.88400
75.88400, 76.00600, 75.67500, 75.67600
75.67600, 75.98700, 75.43400, 75.91500
75.91400, 76.11000, 75.81400, 75.86500
75.85700, 76.16000, 75.81600, 75.88800
75.87000, 76.07100, 75.61300, 75.80100
75.80100, 75.82000, 75.34200, 75.48800
75.48600, 75.58800, 75.25100, 75.53200
75.53200, 75.58600, 75.02400, 75.05400
75.00500, 75.19300, 74.89900, 75.07100
75.06400, 75.19400, 74.58500, 74.63400
74.63800, 74.89100, 74.34900, 74.47600
74.47500, 74.85500, 72.95000, 73.01900
73.01900, 73.16200, 72.21500, 72.45500
72.38400, 72.46400, 71.40100, 71.59100
71.59100, 72.71400, 71.23400, 71.94700
71.94700, 72.04800, 70.73600, 71.82400
71.81900, 72.35100, 71.55600, 72.13300
72.13100, 72.23600, 71.47800, 71.68100
71.57400, 71.69500, 70.89900, 71.06300
71.05400, 72.92800, 70.96300, 72.54200
72.54100, 72.57200, 71.24800, 71.46300
71.42100, 72.50000, 71.33500, 71.90300
71.90300, 72.23600, 71.80700, 72.07700
72.01700, 72.30600, 71.97400, 72.12300
72.09700, 72.35800, 71.90400, 71.99500
71.99500, 72.39900, 71.97600, 72.28600
72.28300, 72.35800, 71.83600, 71.90400
71.90200, 72.10800, 71.03000, 71.17800
70.72300, 72.07400, 69.95900, 71.90400
71.90400, 71.93600, 71.25800, 71.41200
71.41200, 71.59000, 71.21700, 71.39200
71.39200, 71.80700, 71.11800, 71.66900
71.66000, 71.75600, 71.33500, 71.58600
71.32300, 71.53300, 71.21900, 71.32600
71.31500, 71.72500, 71.09400, 71.64500
71.64500, 72.34600, 71.55500, 72.32900
72.30600, 73.14700, 72.25400, 72.87100
72.87100, 73.28300, 72.83400, 73.22500
73.03100, 73.66500, 73.01800, 73.60200
73.56000, 73.83400, 73.41300, 73.77100
73.76900, 74.20100, 73.66900, 74.00900
74.00900, 74.48600, 73.87100, 74.21200
74.21200, 74.49700, 74.15600, 74.34000
73.81800, 74.28100, 73.79600, 74.24700
74.24500, 74.29500, 73.89400, 74.23000
74.23000, 74.26200, 73.84700, 74.06100
74.05900, 74.06700, 73.12400, 73.40500
73.40500, 73.45700, 72.69500, 72.75000
72.88600, 73.04100, 72.62000, 72.82700
72.82200, 73.30500, 72.71500, 72.81700
72.81700, 73.08300, 72.47700, 72.73500
72.73200, 72.99100, 72.62100, 72.76800
72.76600, 73.31800, 72.62300, 73.01400
72.96400, 73.10400, 72.70200, 72.94200
72.94000, 73.38300, 72.04200, 72.23300
72.23300, 72.48100, 71.73100, 71.88300
71.86000, 72.16400, 71.73900, 72.06300
72.05700, 72.45500, 71.99200, 72.31700
72.03400, 72.41800, 71.91800, 72.20200
72.17400, 72.54000, 71.95000, 72.04300
72.02500, 72.48800, 71.91900, 72.26800
72.25000, 73.07700, 71.83900, 72.97500
72.99200, 73.95700, 72.85800, 73.64500
73.54400, 73.74600, 72.99300, 73.45800
73.43200, 73.68600, 73.07800, 73.55300
73.49700, 73.55600, 73.04600, 73.51100
73.47400, 74.40100, 73.39900, 74.15200
74.15200, 74.35300, 74.06400, 74.30400
74.29600, 74.72800, 74.09300, 74.58000
74.56200, 74.82300, 74.29900, 74.39500
74.34200, 74.51200, 74.01500, 74.49500
74.46800, 74.49900, 73.92700, 74.06000
74.03500, 74.31000, 73.96500, 74.11800
74.16700, 74.58100, 74.06800, 74.50600
74.51800, 74.82600, 74.48200, 74.71200
74.70700, 75.14100, 74.52700, 75.10600
75.11200, 75.29300, 74.31800, 74.44600
74.44800, 74.88400, 74.35300, 74.78000
74.83400, 75.00600, 74.70300, 74.76200
74.70600, 75.40600, 74.66200, 75.24800
75.26000, 75.31200, 74.81700, 75.02800
74.98300, 75.67200, 74.56600, 75.38600
75.37500, 75.55800, 74.74300, 74.90700
74.85500, 74.95800, 74.60500, 74.69200
74.67800, 74.94400, 74.52300, 74.58100
74.55400, 74.70600, 74.19400, 74.39700
74.38100, 74.42800, 73.35500, 73.56600
73.51100, 74.22000, 73.51100, 74.18900
74.10600, 74.31900, 73.88800, 73.99000
73.98100, 74.27600, 73.59200, 74.11800
74.09400, 74.15900, 73.62700, 73.86800
73.83500, 74.04900, 73.48800, 73.71300
73.71300, 73.91600, 73.58700, 73.69000
73.72700, 73.99800, 73.72700, 73.81900
73.83300, 74.10600, 73.71400, 74.02300
73.96700, 74.29400, 73.90000, 74.20000
74.22300, 74.25000, 73.91000, 74.12400
74.12000, 74.27400, 73.92400, 73.94700
74.09800, 74.51800, 74.05200, 74.30100
74.28000, 74.84300, 74.18300, 74.38600
74.33800, 74.64100, 73.89500, 74.55900
74.51500, 74.62600, 74.16400, 74.29000
74.24200, 74.53600, 74.16700, 74.28500
74.20700, 74.29000, 73.97200, 74.10300
74.06400, 74.27600, 73.82400, 74.07800
74.00500, 74.75500, 73.94300, 74.65400
74.59900, 75.59800, 74.53800, 75.48600
75.71300, 75.97200, 74.97400, 75.17100
75.22000, 75.63000, 75.12400, 75.42500
75.40000, 75.42500, 74.94100, 75.02000
75.00600, 75.20700, 74.84800, 75.09400
75.05900, 75.43100, 75.03700, 75.29000
75.27200, 75.61100, 75.21900, 75.52100
75.49900, 75.79500, 75.40800, 75.70900
75.63800, 75.78400, 75.59200, 75.69000
75.91700, 76.18400, 75.82500, 76.17300
76.04300, 76.54400, 76.02400, 76.44300
76.45800, 76.50900, 76.08600, 76.15500
76.12500, 76.43500, 76.05500, 76.28700
76.15600, 76.23800, 75.67100, 75.87000
75.84700, 75.90100, 74.85400, 75.07900
74.89900, 75.27000, 74.73100, 75.22700
75.14500, 75.26100, 74.34700, 74.51200
74.43300, 75.06800, 73.75500, 74.94900
74.87900, 75.20100, 74.84000, 75.10900
75.07300, 75.69600, 75.01100, 75.51700
75.53800, 76.00700, 75.49800, 75.89400
75.85900, 76.10300, 75.73900, 75.93600
75.87700, 76.03600, 75.57900, 75.90200
75.83900, 76.24500, 75.82900, 75.97400
76.00100, 76.16600, 75.67900, 75.69500
75.67900, 75.89400, 75.52500, 75.74200
75.71100, 75.81300, 75.10800, 75.19400
75.16100, 75.40700, 75.02800, 75.17700
75.15700, 75.49100, 74.64800, 74.96300
74.92700, 75.17200, 74.42300, 74.55500
74.29900, 74.32600, 73.54100, 73.60900
73.59500, 73.83200, 73.29400, 73.81400
73.77500, 74.00800, 73.44300, 73.61800
73.55000, 73.64600, 72.80000, 73.24100
73.18400, 73.43700, 72.43200, 72.43900
72.45000, 72.92200, 72.40800, 72.73200
72.68900, 73.84500, 72.49900, 73.80600
73.72000, 74.34100, 73.53900, 74.09300
74.04100, 74.38900, 73.97600, 74.02500
73.98300, 74.09300, 73.04600, 73.26200
73.08200, 73.67000, 73.05300, 73.37400
73.34800, 74.00300, 73.32200, 73.70900
73.70400, 74.29300, 73.68300, 74.18100
74.14800, 74.17400, 73.64700, 73.79100
73.73500, 73.98500, 73.60900, 73.67300
73.77900, 73.95300, 73.69500, 73.76400
73.74500, 73.77700, 73.19000, 73.48600
73.45900, 74.47200, 73.42800, 74.36200
74.24100, 74.41700, 73.78900, 74.13400
74.13700, 74.29700, 73.42700, 73.91400
73.42200, 73.90900, 72.99600, 73.11800
73.04600, 73.50000, 72.52500, 72.73600
72.67500, 73.01300, 72.22100, 72.26200
72.22000, 72.58900, 72.01600, 72.03600
71.96000, 72.20200, 69.37500, 70.29000
69.65800, 71.19800, 69.54800, 70.87600
70.71700, 71.51000, 70.30300, 70.51200
70.46800, 71.31700, 70.30100, 71.25700
71.19000, 71.42900, 69.95100, 70.23800
70.14300, 70.42600, 69.58000, 69.98600
68.86800, 69.17000, 64.24700, 67.36700
67.36100, 68.98700, 67.05800, 68.27200
68.46100, 68.78700, 67.62400, 67.75500
67.74500, 67.96000, 65.04700, 66.11600
65.85300, 67.74100, 65.53900, 66.72000
66.80100, 67.12500, 64.05000, 64.63500
64.63200, 65.82500, 63.92000, 64.70800
64.71000, 64.78400, 61.68400, 62.43800
62.45300, 65.54000, 59.86900, 63.60100
63.58500, 65.62400, 62.77300, 64.31000
64.29500, 64.86300, 62.91300, 64.75600
64.68700, 66.65900, 64.64100, 66.45400
66.40500, 67.70500, 65.92700, 66.20500
66.20000, 66.59000, 64.90700, 66.11400
66.08300, 66.93200, 65.48400, 66.55800
66.15300, 66.63800, 65.73000, 66.55500
66.42600, 67.27100, 65.57900, 66.03600
65.95100, 66.35900, 64.86400, 65.09900
64.90900, 65.62700, 64.39400, 65.42100
65.30200, 65.61400, 64.83300, 65.00300
65.09800, 66.60000, 64.89500, 66.47000
66.46000, 67.67400, 66.36900, 67.14400
67.01900, 67.93400, 66.47700, 67.83200
67.69100, 68.88200, 67.48600, 68.75900
68.72300, 69.02800, 68.46800, 68.81800
68.80100, 68.96800, 68.33400, 68.78700
68.76500, 69.26100, 68.50300, 69.07400
68.93400, 69.05900, 67.58000, 67.91000
67.77500, 68.17300, 67.58800, 68.16000
68.14700, 68.94700, 68.07300, 68.42600
68.37900, 68.89600, 68.20200, 68.21600
68.13100, 68.35700, 67.28900, 67.71100
67.60100, 68.47600, 67.58300, 68.10000
68.03800, 69.00800, 67.74800, 68.55100
68.45200, 68.74700, 68.21300, 68.74700
68.67200, 69.38100, 68.57700, 69.30100
69.28900, 69.56400, 69.03200, 69.38600
69.31800, 69.87500, 69.28300, 69.85500
69.87000, 70.16800, 69.24300, 69.74700
69.72200, 69.78800, 68.49800, 68.63400
68.40500, 68.71600, 67.99500, 68.56400
68.50600, 68.98700, 68.46000, 68.53300
68.47400, 68.62300, 67.85900, 67.94000
67.84500, 69.15900, 67.62800, 69.01300
68.97600, 69.72800, 68.97600, 69.66900
69.45600, 70.17600, 69.37900, 69.86900
69.78500, 70.15600, 69.13700, 69.32500
69.24900, 69.76100, 68.89000, 69.10700
69.00400, 69.39400, 68.54700, 69.27300
69.23800, 69.53200, 68.67700, 68.75600
68.70300, 70.07600, 68.63200, 69.99500
69.96400, 70.96200, 69.87500, 70.40800
70.36400, 71.03400, 70.26900, 70.98200
70.82500, 71.08300, 70.49400, 70.67100
70.57500, 70.79700, 69.93900, 70.32200
70.23300, 70.58100, 70.19800, 70.51200
70.39700, 71.78400, 70.39700, 71.56600
71.46800, 71.92400, 70.81200, 71.35200
71.31100, 71.77800, 71.01400, 71.43600
71.37500, 71.92900, 71.13900, 71.86900
71.65600, 73.19100, 71.60500, 73.12600
73.17400, 74.97000, 72.93200, 74.95500
74.81500, 75.76700, 74.40700, 75.39400
75.36200, 76.20600, 74.85800, 75.79100
75.77700, 76.74800, 75.59400, 76.33000
76.25400, 76.78800, 75.55500, 76.11400
76.07000, 76.27300, 74.46800, 75.02000
74.92100, 75.61300, 74.72400, 74.96700
74.85700, 75.00700, 73.08600, 73.24000
73.11500, 74.30200, 72.52800, 73.76800
73.34900, 74.33600, 72.63800, 74.28400
74.17000, 75.08200, 73.31600, 73.91100
73.79400, 74.30000, 73.45900, 73.65000
73.51600, 73.88700, 72.97900, 73.29900
73.26500, 73.81700, 72.96400, 73.03400
72.68300, 73.98300, 72.68300, 73.84100
73.79900, 74.41500, 73.19200, 73.80100
73.70300, 74.15400, 73.30000, 73.53400
73.50700, 73.86200, 73.30700, 73.80500
73.79800, 73.90300, 73.30200, 73.55100
73.40300, 73.98000, 73.31800, 73.87800
73.73900, 74.58900, 73.60100, 74.52400
74.43900, 74.69500, 73.90700, 74.29700
74.25200, 74.70000, 74.17300, 74.44700
74.41000, 74.68100, 74.32200, 74.57700
74.39700, 75.15600, 74.39700, 74.87400
74.76500, 75.05600, 74.55700, 74.66700
74.67600, 74.95000, 74.50000, 74.89000
74.79900, 75.05500, 74.56100, 74.65000
74.56100, 74.71400, 73.97700, 74.26800
74.23000, 75.00100, 74.18500, 74.44300
74.40100, 74.81400, 74.23800, 74.79200
74.65800, 75.27200, 74.65800, 74.92500
74.83300, 75.09200, 74.67400, 74.78700
74.71500, 74.96100, 74.69000, 74.86200
74.78300, 75.29900, 74.78000, 75.27000
75.09300, 76.30800, 75.09300, 76.06800
76.06000, 76.86600, 76.01000, 76.52200
76.52100, 76.70300, 75.76800, 75.82700
75.79500, 75.96300, 74.85700, 75.40500
75.10300, 75.41900, 74.99900, 75.33100
75.28900, 75.57100, 75.00100, 75.20700
75.11700, 75.51000, 75.11700, 75.40400
75.31600, 75.47500, 74.81800, 75.35600
75.30000, 75.91700, 75.00600, 75.64600
75.35300, 75.79600, 75.09400, 75.47500
75.42100, 75.77600, 75.38000, 75.73500
75.65100, 76.40300, 75.62800, 75.92400
75.92200, 76.43300, 75.65700, 76.35600
76.27900, 76.43200, 75.71900, 75.82800
75.74500, 76.01100, 75.67900, 75.74700
75.67300, 76.33000, 75.67300, 76.06500
76.01300, 76.71000, 75.85300, 76.54200
76.46700, 76.69500, 76.30800, 76.43300
76.37800, 76.53500, 76.14200, 76.43100
76.38100, 76.67100, 76.33900, 76.46900
76.42400, 76.54400, 76.11000, 76.35000
76.25000, 76.67100, 76.14000, 76.23200
76.15500, 76.30700, 75.60500, 76.09400
76.00200, 76.26900, 75.62300, 75.74700
75.59400, 76.14400, 75.58600, 75.89400
75.81800, 76.55200, 75.81800, 76.53200
76.46700, 76.76200, 76.42000, 76.68000
76.60600, 77.42000, 76.59000, 77.33600
77.27000, 77.95200, 77.08400, 77.58200
77.51000, 78.44900, 77.40200, 78.12500
78.04700, 78.35400, 77.99700, 78.12500
78.06700, 78.16200, 77.53100, 77.90500
77.80900, 77.92900, 77.05800, 77.22000
77.13300, 77.51900, 76.76400, 77.38700
77.36300, 77.59400, 77.23000, 77.33000
77.26600, 77.63200, 76.44500, 76.47200
76.41600, 77.41800, 76.10800, 77.32800
77.26300, 77.72800, 76.91700, 77.02400
76.94800, 77.58000, 76.91700, 77.28000
77.11200, 77.34300, 76.94800, 77.05300
76.97600, 77.50100, 76.77700, 76.98800
76.92600, 77.17500, 76.43600, 76.67500
76.57300, 76.77700, 76.09500, 76.54800
76.46400, 76.84700, 75.97400, 76.20900
76.22200, 76.38500, 75.25900, 75.60700
75.54400, 75.76200, 75.10800, 75.22800
75.14300, 75.38200, 74.48700, 74.50500
74.46000, 74.61900, 73.96400, 74.26900
74.26300, 74.62000, 74.00600, 74.20000
74.11100, 74.63800, 74.10100, 74.60700
74.56500, 75.42200, 74.54900, 75.35300
75.29500, 75.69700, 74.86500, 75.52800
75.42300, 76.04600, 75.42100, 75.82400
75.78600, 75.86400, 74.92200, 75.44000
75.39700, 76.03200, 75.30800, 75.93400
75.84500, 76.15600, 74.99600, 75.00000
74.98000, 75.74800, 74.92300, 75.65900
75.57900, 75.99600, 75.51700, 75.99000
75.94300, 76.51300, 75.84900, 76.47000
76.40600, 76.46400, 75.86300, 75.94600
75.88300, 75.94400, 75.43400, 75.51800
75.47000, 75.71100, 75.18600, 75.30100
75.20300, 75.34200, 74.24700, 74.78400
74.76900, 74.81200, 74.38600, 74.58100
74.48400, 74.94300, 74.39900, 74.51400
74.43900, 74.60600, 74.19500, 74.34900
74.31200, 74.60300, 74.19700, 74.41800
74.37600, 74.66700, 74.18200, 74.64000
74.61600, 74.91800, 74.36400, 74.73000
74.68800, 74.93800, 74.49400, 74.61900
74.62800, 74.77800, 74.27400, 74.41700
74.41600, 74.62300, 73.38500, 73.50500
73.49500, 73.84600, 73.12900, 73.53900
73.50400, 73.91300, 73.13700, 73.55400
73.39400, 73.95200, 73.17600, 73.91600
73.82400, 75.00900, 73.60100, 74.89600
74.72200, 75.46800, 74.06700, 75.04100
74.95200, 75.45300, 74.55900, 75.42100
75.33200, 75.36500, 74.89500, 75.03900
75.16000, 77.02400, 75.06700, 76.70800
76.62600, 76.81700, 76.23800, 76.66300
76.64700, 77.09200, 76.50000, 76.73400
76.62400, 76.81700, 75.91100, 76.00500
75.99100, 76.29600, 75.75100, 76.03500
75.98300, 76.76400, 75.90500, 76.54800
76.50600, 76.55600, 75.88900, 76.06500
75.99900, 76.15200, 75.68800, 75.82700
75.75600, 75.86700, 75.39700, 75.57000
75.52600, 75.96900, 75.39000, 75.82800
75.77100, 76.21100, 75.71600, 76.17200
76.09700, 76.92800, 76.07800, 76.88100
76.78800, 77.03700, 76.44800, 76.92700
76.82000, 76.92300, 76.65600, 76.69100
76.68200, 76.94600, 76.49000, 76.79200
76.79700, 77.10800, 76.60300, 76.60800
76.56400, 76.96900, 76.52600, 76.89400
76.83200, 77.47100, 76.81500, 77.41600
77.39100, 77.55600, 77.15500, 77.26400
77.18500, 77.49600, 77.00900, 77.36000
77.33700, 77.49600, 76.89300, 77.18800
77.10600, 77.36500, 77.05800, 77.17900
77.08900, 77.93800, 77.08900, 77.55000
77.49700, 78.57600, 77.32200, 78.55800
78.46200, 78.77400, 78.18500, 78.34200
78.45900, 78.69600, 78.26900, 78.33800
78.29500, 78.53600, 78.14000, 78.30900
78.26500, 78.42500, 78.11900, 78.35900
78.30600, 78.81500, 78.27800, 78.61300
78.58400, 78.81700, 78.43000, 78.72600
78.48400, 78.63600, 77.48500, 78.32200
78.30200, 78.41300, 77.84400, 77.96400
77.91400, 78.57600, 77.89400, 78.45500
78.33500, 78.83900, 78.28300, 78.76500
78.64600, 78.87400, 78.47100, 78.66800
78.57700, 78.94900, 78.56800, 78.78200
78.79100, 79.39000, 78.66700, 79.31800
79.28400, 79.78400, 79.11600, 79.50900
79.38500, 79.67300, 78.84300, 79.07100
79.00400, 79.83100, 78.94200, 79.71000
79.61000, 80.50600, 79.52100, 80.44200
80.34300, 80.67800, 80.15600, 80.62700
80.53500, 80.91900, 80.37400, 80.71800
80.50000, 80.63600, 79.98800, 80.21000
80.14400, 80.68400, 80.12300, 80.64500
80.54700, 80.67600, 80.25700, 80.33900
80.24000, 80.84500, 80.24000, 80.73300
80.66100, 80.78100, 79.71300, 79.99500
79.98000, 80.06100, 79.50500, 79.61200
79.57400, 80.31000, 79.48900, 79.97800
79.91500, 80.33800, 79.84100, 80.19900
80.12300, 80.50900, 80.12200, 80.35100
80.26900, 80.43800, 79.89600, 80.01600
80.00800, 80.33100, 79.75400, 80.02000
79.93500, 80.33800, 79.59900, 80.26900
80.24800, 80.43100, 79.62200, 79.75500
79.72000, 80.22900, 79.19400, 80.03300
79.96000, 80.64200, 79.80200, 80.00600
79.85300, 80.20400, 79.68200, 79.99000
79.87400, 80.36200, 79.53200, 79.88500
79.78400, 80.11900, 79.77600, 80.03500
79.92300, 80.32400, 79.92300, 80.20700
80.13800, 80.90800, 80.03400, 80.88400
80.72100, 81.18400, 80.71200, 81.04600
80.98200, 81.15200, 80.63900, 80.91200
80.85200, 81.09200, 80.74800, 80.75200
80.74600, 81.36700, 80.66700, 81.19900
81.22400, 81.47800, 81.08000, 81.40800
81.40600, 82.04500, 81.40400, 81.97500
81.94700, 82.40400, 81.86800, 82.20400
82.18000, 82.28600, 81.75200, 82.04600
82.02400, 82.29500, 81.82000, 82.10000
82.07500, 83.15100, 81.98500, 82.93800
82.93000, 83.42600, 82.92000, 83.16300
83.10700, 83.36100, 82.90600, 83.27300
83.19500, 84.41300, 83.10400, 84.34700
84.27700, 84.94400, 83.49900, 83.61800
83.57400, 83.81500, 81.95600, 82.07200
82.10600, 83.12500, 82.04300, 82.97800
82.86300, 83.62800, 82.61300, 83.44100
83.36400, 83.74800, 83.11500, 83.19900
83.15800, 84.03100, 83.00000, 83.35800
83.34700, 83.58700, 82.77100, 83.24800
83.31600, 83.73600, 82.92000, 83.27000
83.17800, 83.90700, 83.09800, 83.76300
83.56700, 83.91700, 83.47200, 83.85100
83.77700, 84.52800, 83.75500, 84.47000
84.48000, 84.77000, 84.20400, 84.57000
84.53300, 84.72100, 84.10700, 84.61200
84.59900, 84.65700, 84.18300, 84.36800
84.38900, 85.00300, 84.08700, 84.85500
84.86300, 85.44200, 84.34800, 84.48200
84.47500, 84.57900, 84.10700, 84.33200
83.80400, 84.37100, 83.75300, 84.27300
84.27600, 84.29700, 82.69000, 82.90500
82.86100, 83.03300, 82.27900, 82.46300
82.47200, 83.05600, 82.44100, 82.75300
82.75100, 83.79900, 82.73700, 83.79700
83.72500, 83.92600, 83.33000, 83.80900
83.73500, 84.27800, 83.68700, 83.81900
83.70800, 84.46900, 83.68600, 84.06600
84.03500, 84.26900, 83.42400, 84.24200
84.19000, 84.47800, 83.98000, 84.11100
84.09500, 84.38000, 84.07100, 84.29700
84.22800, 84.45500, 83.78300, 84.09800
84.01100, 84.23600, 83.48400, 83.60600
83.55800, 83.77700, 83.27900, 83.62800
83.49400, 83.78000, 83.03000, 83.53900
83.53600, 83.68000, 83.14700, 83.37600
83.32800, 83.45700, 83.02500, 83.36200
83.33500, 84.28200, 83.10100, 84.12200
84.10500, 84.40600, 83.87600, 84.29600
84.25100, 84.37300, 84.07100, 84.13400
84.00300, 84.14100, 83.74300, 83.88000
83.86200, 84.71200, 83.35200, 83.48300
83.48500, 83.92000, 83.21500, 83.75200
83.79100, 83.85500, 83.11800, 83.21200
83.16900, 83.73800, 83.01400, 83.58600
83.50600, 84.49300, 83.46400, 84.33000
84.24000, 84.50500, 84.07100, 84.47100
84.42100, 84.74800, 84.12800, 84.63100
84.55100, 85.00100, 84.35400, 84.56600
84.54700, 84.84500, 84.13300, 84.29500
84.28800, 84.74200, 84.28700, 84.66400
84.63100, 84.72700, 83.92500, 84.27600
84.21400, 84.68500, 84.16400, 84.59000
84.55600, 84.92600, 84.23500, 84.91200
84.86900, 85.31000, 84.67600, 85.17400
85.19100, 85.79700, 85.11800, 85.19600
85.19900, 85.43700, 84.81500, 85.14100
85.19300, 85.25200, 84.58600, 84.74400
84.69100, 84.83300, 84.28700, 84.58000
84.53100, 85.16200, 84.47900, 85.10900
84.88700, 85.13300, 84.45000, 84.86800
84.72200, 85.14000, 84.71300, 84.83200
84.83300, 84.94900, 84.03600, 84.35100
84.37200, 84.64500, 84.22500, 84.55500
84.53800, 84.64700, 84.10400, 84.20800
84.15300, 84.37400, 83.96500, 84.31900
84.26700, 84.65900, 84.23500, 84.32300
84.29100, 84.79500, 84.20900, 84.46500
84.39400, 85.06100, 84.32700, 85.02100
84.95200, 85.14500, 84.54100, 84.68500
84.68900, 84.89900, 84.58700, 84.65900
84.69900, 85.04600, 84.64500, 84.86500
84.85500, 85.18400, 84.75600, 84.92800
84.89200, 84.98100, 84.29900, 84.49000
84.38800, 84.83800, 84.29900, 84.79900
84.66900, 84.87000, 84.57900, 84.72800
84.74500, 84.84500, 84.63100, 84.69500
84.70800, 84.82900, 84.65200, 84.75900
84.71700, 85.01100, 84.62100, 84.74000
84.68900, 85.04600, 84.38300, 84.47600
84.46900, 84.93200, 84.44400, 84.88500
84.83600, 84.92200, 84.51100, 84.60000
84.54700, 84.74700, 84.06100, 84.23600
84.15300, 84.61200, 83.06300, 83.23800
83.15600, 83.37500, 82.41200, 82.42800
82.44900, 83.23700, 82.12700, 83.21100
83.03700, 83.64800, 82.78500, 83.61000
83.44500, 84.14000, 83.44300, 84.06400
83.98900, 84.16200, 83.86600, 84.05400
83.98200, 84.25000, 83.98200, 84.10700
83.93900, 84.15300, 83.58800, 83.68200
83.67800, 83.71900, 82.99500, 83.01800
82.93700, 83.34400, 82.80500, 83.32000
83.24700, 83.64800, 83.10300, 83.31700
83.25400, 83.63200, 83.03300, 83.54400
83.40900, 83.60900, 83.40900, 83.52500
83.47600, 84.18700, 82.74600, 82.87900
82.85900, 83.34000, 82.64200, 82.76200
82.88000, 82.88500, 81.31400, 81.55700
81.49200, 82.54000, 81.33700, 82.45300
82.35800, 82.66600, 82.01100, 82.53600
82.52500, 82.81100, 82.07400, 82.36800
82.34100, 82.52200, 82.11400, 82.25900
82.25000, 82.32700, 81.42200, 81.50300
81.49300, 81.93700, 81.33800, 81.41100
81.40300, 81.62700, 80.00800, 80.38600
80.19700, 80.59400, 79.83400, 80.51300
80.49500, 81.18600, 80.08200, 81.14400
81.11500, 81.46500, 80.85000, 81.32300
81.23800, 81.65000, 81.02100, 81.38900
81.42300, 81.50700, 80.76500, 81.44700
81.44200, 81.50200, 80.62900, 80.79100
80.73400, 81.13500, 80.62800, 81.03900
80.99700, 81.34800, 80.74400, 80.94400
80.91000, 81.07400, 80.44400, 80.55800
80.39400, 80.75500, 80.32900, 80.48200
80.46600, 80.90600, 80.15000, 80.60300
80.59500, 81.02900, 80.51300, 80.81000
80.79900, 81.34700, 80.72500, 81.24800
81.24100, 81.39100, 81.01000, 81.04900
80.97800, 81.09100, 80.81900, 80.86400
80.85200, 81.31500, 80.70300, 81.24100
81.23100, 81.57400, 81.10100, 81.41900
81.41200, 81.45400, 80.94300, 81.01200
80.99900, 81.10000, 80.74000, 80.76400
80.72500, 80.86600, 79.88400, 80.14300
80.13000, 80.24200, 79.32800, 79.48400
79.46100, 79.76500, 79.24300, 79.42000
79.41200, 79.55200, 78.23700, 78.47000
78.45700, 78.62400, 77.88600, 78.38300
78.22800, 79.18000, 78.06400, 79.09800
79.08400, 79.73900, 79.02000, 79.59700
79.58100, 80.09500, 79.38700, 80.01700
80.00500, 80.08600, 79.58500, 79.65800
79.64000, 80.34300, 79.41000, 80.29800
80.22700, 80.37400, 79.97200, 80.18900
80.17900, 80.63300, 80.06600, 80.44500
80.44500, 81.22100, 80.37000, 81.05600
81.02200, 81.51700, 80.87700, 81.37000
81.35800, 82.02000, 81.24600, 81.71600
81.76100, 81.82500, 81.53700, 81.63500
81.63200, 81.98200, 81.27900, 81.47000
81.45300, 81.64000, 80.96200, 81.22300
81.20800, 81.23800, 80.77200, 80.85500
80.83700, 81.42300, 80.74200, 80.80700
80.74700, 81.12100, 80.66200, 81.07200
81.05300, 81.14100, 80.16400, 80.28700
80.26100, 80.33900, 79.82000, 80.19200
80.18500, 80.36100, 79.73900, 80.02500
80.01500, 80.49900, 79.85000, 79.87400
79.79200, 79.95700, 79.04300, 79.31300
79.30300, 79.82500, 78.85000, 78.99100
78.96400, 79.93600, 78.83600, 79.46800
79.45700, 80.59100, 79.34800, 80.48700
80.47000, 80.76100, 79.99800, 80.39500
80.23300, 80.95600, 80.20800, 80.87600
80.85500, 81.30600, 80.47900, 80.74000
80.71700, 80.92000, 80.16900, 80.33900
80.33100, 80.89800, 80.26900, 80.38600
80.38600, 80.80400, 79.89000, 80.64800
80.51800, 81.17100, 80.48400, 80.83900
80.82700, 81.34200, 80.54200, 81.25200
81.24600, 81.39800, 80.56400, 81.04300
81.02800, 81.66600, 80.96900, 81.61600
81.60700, 82.06700, 81.54900, 82.02100
81.88900, 83.55100, 81.84700, 83.25100
83.24000, 83.79300, 83.00300, 83.51600
83.49800, 83.70500, 83.11200, 83.56800
83.55600, 84.39600, 83.45700, 84.29600
84.28800, 84.91800, 84.24100, 84.77000
84.64300, 85.01000, 84.26800, 84.72900
84.71800, 85.53300, 84.65300, 85.49500
85.47300, 85.96200, 85.37900, 85.92200
85.89600, 86.24800, 84.88200, 85.11000
85.10500, 85.53700, 84.60000, 84.73900
84.76200, 85.29800, 84.70500, 85.17800
85.16100, 85.91600, 85.10100, 85.62400
85.60900, 86.05100, 85.03700, 85.57600
85.56100, 85.69900, 85.10500, 85.66000
85.65600, 85.86700, 85.31400, 85.70100
85.68900, 86.05100, 85.54600, 85.67100
85.69100, 85.90600, 84.48800, 84.65700
84.65100, 84.97600, 84.49300, 84.92600
84.90000, 85.20200, 83.88900, 84.14900
84.14800, 84.33900, 83.81200, 83.92900
83.80700, 84.16900, 83.80700, 84.04800
84.04200, 84.06100, 83.11100, 83.29000
83.27500, 83.95000, 82.98900, 83.43800
83.43500, 83.65700, 83.11000, 83.14100
83.13300, 83.54700, 83.09200, 83.48700
83.42100, 83.92200, 83.42100, 83.84700
83.83700, 84.15500, 83.68700, 83.82900
83.80800, 83.90500, 82.81300, 82.89500
82.89100, 83.25100, 82.67800, 83.11600
83.11500, 83.35100, 82.15100, 82.46200
82.39700, 83.20600, 82.32600, 82.96800
82.97000, 83.24300, 82.64700, 83.18900
83.18600, 83.23000, 82.73300, 83.02700
83.02100, 83.19000, 82.78800, 82.89900
82.89400, 82.93800, 80.44600, 80.65000
80.86100, 81.40300, 80.64200, 81.08900
81.08000, 81.38300, 80.10700, 80.64200
80.62900, 81.47100, 80.02800, 80.13500
80.11300, 80.55300, 79.90400, 80.26900
80.22500, 80.30400, 78.78100, 78.94300
78.93600, 80.04400, 78.93600, 80.01800
79.96000, 80.92100, 79.84700, 80.84100
80.79500, 81.70800, 80.66600, 81.50700
81.48800, 81.66000, 80.91400, 81.07600
81.07100, 81.54400, 80.82000, 81.29000
81.18700, 81.48300, 80.69400, 81.01300
80.97800, 81.14300, 80.46700, 80.81500
80.75500, 81.85300, 80.66100, 81.80700
81.77900, 82.43000, 81.41500, 81.66700
81.65600, 81.74200, 80.93200, 81.00500
80.94800, 81.07600, 80.26400, 80.77300
80.75100, 81.66300, 80.61900, 81.59900
81.59700, 82.46800, 81.25600, 82.31400
82.29700, 82.97900, 82.13100, 82.85600
82.85800, 82.86300, 82.59400, 82.59600
82.60700, 83.22100, 82.54700, 83.17000
83.15700, 83.42900, 82.86500, 82.98600
82.96800, 83.48900, 82.78900, 83.33500
83.32300, 83.75100, 83.23900, 83.41900
83.41200, 83.74200, 83.34000, 83.67700
83.60100, 83.85500, 82.81900, 82.93000
82.90800, 84.16800, 82.84600, 84.07000
84.03800, 84.29000, 83.75400, 83.84600
83.83100, 83.87800, 82.67900, 82.97200
82.96300, 83.21400, 82.62300, 82.96800
82.88200, 83.35500, 82.32500, 82.64500
82.62500, 83.21300, 82.56900, 83.11400
83.11400, 83.67200, 83.02600, 83.50000
83.49300, 83.73800, 82.99500, 83.10400
83.10200, 83.15400, 82.08400, 82.39300
82.36800, 82.75800, 82.20300, 82.62000
82.61500, 82.95400, 82.15300, 82.33000
82.32100, 82.78800, 82.07200, 82.43400
82.42500, 82.96400, 82.39200, 82.45900
82.44800, 82.47500, 81.48700, 81.55500
81.49600, 81.82200, 80.68800, 81.43100
81.40000, 81.77100, 81.03500, 81.41300
81.39100, 82.14500, 81.21200, 81.58300
81.56900, 81.75000, 80.90900, 81.14300
81.11900, 81.32700, 80.36000, 80.59600
80.57900, 81.61900, 80.54000, 81.35600
81.33700, 81.77800, 80.89800, 81.75900
81.73900, 81.98200, 81.37400, 81.65800
81.64400, 82.27600, 81.37700, 82.08500
82.07100, 82.21200, 81.29000, 81.50100
81.58000, 82.04500, 81.40600, 81.97000
81.97300, 82.56600, 81.93000, 82.56400
82.55400, 83.04800, 82.45500, 82.96800
82.94900, 83.98300, 82.72200, 83.14000
83.12100, 83.24600, 81.97000, 82.35600
82.23800, 82.64000, 81.53900, 82.34700
82.33300, 82.72100, 81.88300, 82.67800
82.66100, 83.16700, 82.61000, 83.07000
83.05600, 83.33100, 82.32700, 82.59900
82.58200, 83.32200, 82.41500, 82.56900
82.52900, 83.04500, 82.33400, 82.49100
82.48200, 83.18100, 82.11500, 83.05200
83.04400, 83.82600, 83.01900, 83.17900
83.15700, 83.15700, 82.00500, 82.73700
82.73300, 83.60800, 82.42200, 83.54300
82.84900, 83.69800, 82.75100, 83.51000
83.50100, 83.85400, 83.09000, 83.33200
83.31800, 84.43300, 83.25100, 84.28100
84.27800, 84.92800, 84.11400, 84.59800
84.59300, 85.13600, 84.15100, 84.68000
84.66700, 85.49600, 84.30500, 84.33500
84.32200, 84.83000, 83.80200, 84.09600
84.06200, 84.97700, 83.98300, 84.80300
84.78600, 85.53000, 84.56900, 85.46000
85.44700, 85.88200, 85.25900, 85.53800
85.54100, 85.80900, 84.89200, 84.97400
84.95600, 85.35600, 84.58600, 85.10700
85.10500, 86.60400, 85.01300, 86.52500
86.51100, 87.58100, 86.48200, 87.46300
87.45900, 88.36800, 87.37900, 88.30600
88.13600, 88.48800, 87.82500, 88.33000
88.30700, 90.25900, 88.30700, 90.18500
90.18200, 90.92800, 89.92900, 90.80700
90.80200, 91.96100, 90.51100, 91.87000
91.87300, 91.99900, 91.05100, 91.75200
91.55400, 94.30500, 91.55400, 92.83600
92.75600, 93.10800, 91.42900, 92.26200
92.23600, 92.63800, 91.13100, 91.49200
91.47900, 92.09000, 90.75200, 91.05400
91.03200, 92.32000, 90.94900, 91.85400
91.77700, 92.74000, 91.56300, 92.62500
92.61300, 94.15800, 92.27000, 93.63000
93.59200, 94.13000, 92.71200, 92.95300
92.93900, 93.17200, 92.40200, 92.71700
92.70900, 92.88800, 92.45400, 92.69400
92.45400, 93.61100, 92.44500, 93.01200
92.98800, 93.79800, 92.82300, 93.45500
93.43800, 93.85800, 93.00600, 93.65100
93.60500, 93.67400, 93.11500, 93.35700
93.34600, 93.76800, 93.27400, 93.38400
93.34100, 93.70800, 93.06900, 93.33200
93.30700, 95.13000, 93.21900, 95.06900
95.04900, 95.73400, 94.74300, 95.25400
95.22400, 95.57800, 94.39500, 94.59000
94.58300, 94.71700, 92.98100, 93.09700
93.11000, 93.28200, 91.10400, 91.99500
91.99200, 92.58000, 90.58400, 90.62000
90.60800, 91.97500, 90.43300, 91.51100
91.49800, 93.51800, 91.32500, 92.89800
92.85300, 93.46000, 91.58000, 91.68000
91.72700, 92.13400, 91.49000, 91.78900
91.75900, 92.92200, 91.69100, 92.32400
92.31100, 93.81900, 92.25300, 93.67600
93.66700, 94.02000, 92.28500, 92.59000
92.56300, 92.99100, 91.98600, 92.29200
92.18800, 92.30200, 90.45400, 90.55200
90.55400, 91.14600, 89.73900, 90.50300
90.48800, 91.75900, 89.77000, 90.20900
90.17000, 90.30200, 87.29600, 87.94200
87.92800, 89.70700, 87.89600, 89.69900
89.37300, 90.16600, 88.45200, 89.96600
89.95600, 91.16100, 89.78300, 90.91900
90.89900, 91.16100, 89.08200, 89.15300
89.14400, 90.52200, 88.98700, 90.08900
90.07900, 90.69000, 89.36000, 90.12600
90.06400, 91.03700, 89.92700, 90.91700
90.88700, 90.88700, 89.23200, 90.15700
90.15400, 90.50700, 89.29600, 90.19700
90.18800, 90.64600, 89.64200, 90.19200
90.16700, 91.00900, 89.98400, 90.98600
90.83300, 91.84100, 90.83300, 91.82900
91.81000, 92.51900, 91.57500, 92.37100
92.34000, 93.60800, 92.26400, 93.41700
93.40200, 94.37400, 92.83600, 94.35400
94.34000, 94.56500, 94.10000, 94.27100
94.33500, 94.98600, 93.76100, 94.88500
94.86800, 96.12000, 94.80600, 95.92400
95.90300, 96.87100, 95.73500, 96.53600
96.51700, 96.76600, 95.28800, 95.35000
95.33600, 95.53200, 94.31200, 94.61500
94.51400, 94.97700, 92.61200, 93.09700
93.08300, 93.88700, 92.41900, 93.06300
93.01600, 93.92900, 92.93300, 93.71700
93.67000, 94.53000, 91.95700, 93.14400
93.12700, 94.55600, 92.97600, 93.60100
93.30100, 94.35200, 93.24700, 93.88100
93.81600, 95.31100, 93.68900, 95.28400
95.25500, 95.27800, 93.58100, 94.32400
94.31700, 94.33000, 92.63900, 93.04100
93.01000, 94.01400, 92.77200, 93.84600
93.61000, 94.05500, 92.96200, 93.77800
93.76400, 94.71000, 93.45200, 94.03400
94.01800, 94.30000, 93.46100, 93.95700
93.94100, 94.27400, 93.32800, 93.70600
93.67700, 93.78000, 91.41600, 92.17200
92.06500, 93.28100, 91.58100, 93.14400
93.10600, 93.97600, 91.72800, 92.37300
92.35400, 92.51200, 91.52000, 92.15000
92.14000, 93.15800, 91.88900, 93.04100
93.01900, 93.47500, 92.32600, 93.26200
93.09300, 93.68300, 92.30000, 92.54500
92.54000, 92.65500, 91.95000, 92.48300
92.46400, 93.36900, 92.22300, 92.85900
92.84200, 94.25000, 92.59300, 93.76000
93.73200, 94.26200, 93.14600, 94.08600
94.05000, 94.62600, 93.92600, 94.10500
94.09300, 95.40200, 93.99100, 95.33200
95.31100, 95.74700, 95.01200, 95.23400
95.21100, 95.58800, 94.94200, 95.23000
95.21700, 95.37800, 94.04200, 94.22300
94.26000, 95.17800, 93.88400, 95.05800
95.05000, 95.26200, 94.56100, 94.98400
94.98000, 95.68600, 94.74100, 95.55400
95.54200, 95.54200, 93.56200, 93.85200
93.81900, 94.25900, 92.82400, 93.15200
92.91700, 93.30500, 92.27900, 92.46400
92.46000, 92.58700, 90.51200, 92.09300
92.10100, 93.21100, 91.71100, 93.03400
93.02900, 93.79700, 92.52400, 92.62900
92.62100, 93.61600, 92.23800, 93.28000
93.18800, 94.41600, 93.16800, 94.27000
94.25100, 94.38500, 93.89100, 94.09200
94.07400, 94.29100, 93.47100, 94.04900
94.04500, 94.59100, 93.83800, 94.49800
94.48600, 95.14300, 94.37600, 95.06400
94.88400, 95.07900, 93.05800, 93.60400
93.60000, 94.46700, 93.07200, 94.29800
94.27600, 94.37500, 93.54900, 93.68100
93.66800, 94.18000, 93.36700, 93.94500
93.91400, 94.54500, 93.82300, 94.07100
94.01100, 94.83500, 93.88500, 94.57900
94.55700, 94.84700, 94.09300, 94.74000
94.74100, 94.79200, 94.18800, 94.73400
94.68500, 95.43100, 94.57700, 95.24900
95.24000, 95.76200, 94.61300, 94.74100
94.65800, 95.91400, 94.62300, 95.72200
95.67300, 96.19700, 94.96900, 95.11100
95.10200, 95.56000, 94.88600, 95.07700
95.05600, 95.36500, 94.75800, 95.17400
95.15900, 96.03200, 94.98600, 95.44200
95.02300, 95.59600, 94.98500, 95.55600
95.54600, 96.51000, 95.47500, 96.17600
96.16500, 97.39100, 95.99000, 97.28900
97.28200, 97.48800, 96.63400, 97.24900
97.24800, 97.90700, 97.06400, 97.63300
97.10200, 98.38400, 97.02300, 98.36300
98.36900, 98.91800, 97.18800, 97.28900
97.27800, 97.59900, 95.97600, 96.58200
96.57900, 97.12300, 96.08900, 96.10200
96.08500, 96.42600, 95.54300, 96.01800
95.92800, 96.34800, 95.70800, 96.29900
96.29400, 96.53300, 95.88100, 96.10900
96.11100, 96.25500, 95.42900, 95.52100
95.51400, 96.40200, 93.55600, 94.57400
94.54900, 94.70200, 93.37700, 93.57400
93.59500, 94.02000, 93.13900, 93.41300
93.39500, 93.95500, 92.90400, 93.18000
93.16400, 94.02300, 92.11800, 93.99600
93.97600, 94.03200, 93.11400, 93.82900
93.83300, 94.20500, 92.51200, 92.62200
92.59700, 94.34700, 92.59300, 94.19600
94.18700, 94.68700, 93.19900, 93.72800
93.70600, 94.07900, 92.92200, 93.87100
93.85300, 94.52800, 92.62900, 93.01400
92.99400, 93.21900, 92.35000, 92.46100
92.45500, 92.76100, 91.47500, 91.76700
91.77100, 92.32100, 91.06600, 91.47500
91.45400, 92.41200, 91.28400, 92.18200
92.18100, 92.81800, 90.82600, 92.70600
92.67600, 93.53900, 92.09700, 92.25600
92.23300, 93.85900, 92.07300, 93.76800
93.75300, 94.40500, 93.13800, 94.17000
94.15000, 94.39200, 93.68400, 93.97600
93.94600, 95.14600, 93.36700, 94.31400
94.28900, 95.73500, 92.91000, 94.15800
94.45900, 95.41400, 92.89200, 94.04400
94.01600, 94.65900, 93.80200, 94.58600
94.51100, 95.43700, 94.18400, 95.09200
95.08000, 95.08000, 94.22600, 94.39300
94.37500, 94.89100, 94.15800, 94.55700
94.54500, 95.15800, 94.43900, 95.12800
95.12900, 95.55200, 94.49500, 94.78900
94.78000, 94.83900, 93.76400, 93.84700
93.85600, 94.05600, 92.95400, 93.20400
93.17300, 95.07300, 93.08500, 94.89600
94.41100, 95.02200, 94.07900, 94.99900
94.98400, 95.18800, 94.36400, 94.74200
94.72800, 94.77900, 94.05400, 94.14700
94.13600, 94.31500, 92.90900, 93.31300
93.28000, 94.24300, 92.59500, 93.05000
93.21000, 94.28500, 92.90800, 93.72700
93.71300, 94.51700, 93.47200, 94.16400
94.14800, 94.64600, 93.81100, 94.05700
94.01300, 94.06400, 93.14700, 93.79300
93.68400, 94.08700, 93.22200, 93.60500
93.51900, 94.07300, 93.17800, 93.83900
93.79800, 94.01800, 93.56000, 93.85800
93.85100, 94.12600, 93.65900, 93.97400
93.96800, 93.99500, 93.11300, 93.77300
93.74500, 94.05000, 93.60800, 93.81800
93.64800, 93.69900, 92.13600, 92.38500
92.36600, 93.18100, 92.17800, 92.74300
92.71600, 93.84200, 92.55700, 93.70300
93.66800, 93.78000, 92.04600, 92.20800
92.18800, 92.23100, 91.12900, 91.23000
91.36100, 92.18600, 91.08500, 91.59300
91.57600, 92.33100, 91.41800, 91.64500
91.61000, 92.12300, 91.50100, 91.82800
91.81700, 92.57300, 91.61200, 92.53300
92.51500, 92.89300, 91.74700, 92.80700
92.64700, 92.96300, 92.38300, 92.85600
92.85400, 93.34700, 92.48900, 92.92300
92.90400, 92.99100, 92.29800, 92.96400
92.95000, 93.05200, 92.14500, 92.30000
92.28900, 92.39300, 91.20800, 91.41400
91.07300, 91.95000, 91.04800, 91.71600
91.71000, 92.01200, 87.01300, 87.97100
87.89000, 88.87500, 87.54100, 88.79600
88.76400, 89.26300, 88.06300, 88.23900
88.23500, 89.28300, 88.10100, 89.12100
89.19700, 89.43000, 89.12900, 89.35300
89.33600, 90.12600, 89.26000, 89.88100
89.82400, 91.05000, 89.64900, 90.60700
90.57000, 90.57200, 89.61800, 90.15500
90.12900, 90.12900, 89.01000, 89.35900
89.09200, 89.26800, 88.77700, 88.80200
88.79700, 89.31100, 87.40400, 88.13600
88.12500, 90.87400, 88.02100, 90.70700
90.66900, 90.97400, 89.80600, 90.07600
90.07100, 90.94300, 90.01000, 90.84700
90.72100, 91.81200, 90.69700, 91.14300
91.10600, 91.29400, 90.77500, 91.13400
91.06500, 91.66300, 90.95000, 91.49700
91.44800, 91.45900, 89.87200, 90.10500
90.06800, 90.12100, 88.60600, 89.18200
89.01400, 89.58100, 89.01400, 89.33000
89.33300, 89.86500, 89.21500, 89.57400
89.52200, 91.91100, 89.32900, 89.45600
89.45400, 89.45400, 88.10800, 88.73700
88.73700, 90.42700, 88.66700, 90.29500
90.13100, 91.92100, 90.13100, 91.83200
91.81300, 91.91900, 91.24900, 91.71500
91.68500, 92.77800, 91.41000, 92.02300
92.02600, 92.80700, 91.63500, 92.64600
92.59500, 92.61900, 92.05700, 92.28600
92.00300, 92.64700, 91.60300, 92.07900
92.07200, 92.11700, 91.08000, 91.76200
91.74900, 92.23100, 91.20200, 91.99900
91.97800, 92.15100, 90.86900, 91.07800
91.05000, 91.47800, 90.30600, 90.80700
91.15300, 91.60200, 90.88900, 91.28900
91.27900, 91.93400, 90.71400, 91.23100
91.19900, 91.54200, 90.84100, 90.99900
90.99100, 91.57000, 90.91000, 91.20200
91.20700, 91.46200, 90.22100, 90.90400
90.83600, 92.48000, 90.81800, 92.22600
92.22700, 93.03000, 91.79700, 92.98000
92.98400, 92.99300, 91.89500, 92.61200
92.59600, 92.72200, 91.94400, 92.11300
92.10100, 92.39400, 91.93100, 92.26100
92.17000, 92.81900, 92.14200, 92.77700
92.74000, 93.00200, 92.35800, 92.54100
92.52800, 92.67900, 91.67300, 91.84000
91.79900, 92.28400, 91.41600, 91.67600
91.66700, 91.92800, 91.25900, 91.78200
91.80500, 91.90400, 91.32100, 91.80100
91.77000, 92.18600, 91.53400, 91.65300
91.62100, 92.21300, 91.27100, 92.05900
92.04100, 92.15300, 91.77100, 92.01900
92.01000, 92.23500, 91.75800, 91.94000
91.77500, 91.89300, 91.36300, 91.49500
91.46600, 91.72800, 90.20000, 90.34800
90.29700, 90.91300, 90.16400, 90.50600
90.49800, 90.49800, 89.53400, 89.69000
89.67700, 90.24400, 88.62200, 88.91100
88.38900, 89.81800, 87.78900, 88.77300
88.78000, 90.09100, 88.54100, 89.67200
89.67700, 90.18500, 87.34600, 88.14800
88.16000, 89.07600, 87.38900, 88.81800
88.86300, 89.49800, 88.07300, 88.28300
88.48300, 89.22900, 87.12400, 88.16900
88.17000, 88.49600, 87.70200, 88.34300
88.32700, 88.99100, 87.58900, 87.79900
87.73500, 88.36700, 86.91700, 87.45800
87.48200, 87.48400, 86.05100, 86.83300
86.75000, 87.53100, 86.61700, 87.47500
87.46400, 87.87300, 87.14300, 87.78900
87.76600, 88.81900, 87.68200, 88.78300
88.76300, 89.07100, 88.38600, 89.05400
89.02300, 89.67300, 88.61800, 88.78400
89.06400, 90.04500, 88.54400, 89.84300
89.79000, 90.15500, 88.57300, 88.92900
88.90700, 89.18800, 87.63400, 88.22000
88.20200, 88.22800, 87.58300, 87.89200
87.87200, 88.24900, 87.72700, 88.02800
87.85200, 88.74800, 87.85200, 88.73500
88.67200, 89.11900, 88.50500, 88.95200
88.92700, 89.35300, 88.82500, 89.10800
89.08000, 90.16400, 88.96600, 89.93000
89.90400, 90.07900, 89.50100, 89.72900
89.59800, 90.14900, 89.58000, 90.11700
90.07800, 90.50400, 89.91800, 90.20600
90.15900, 90.57900, 90.00900, 90.41300
90.39900, 90.77200, 90.24200, 90.49000
90.48300, 90.52300, 89.39200, 89.74600
89.63200, 90.03900, 89.41400, 89.86800
89.84400, 90.01300, 88.24700, 88.58100
88.60900, 88.74600, 87.86200, 88.26700
88.23400, 88.84900, 88.12600, 88.82300
88.77600, 90.20700, 88.42200, 90.13400
89.98500, 91.32200, 89.98500, 91.14600
91.13300, 92.42800, 90.84800, 91.01100
90.98300, 91.05800, 89.97700, 89.99100
89.94700, 90.11300, 89.15500, 89.85400
89.83000, 91.08400, 89.78400, 91.04300
91.00000, 91.86700, 90.91800, 91.60400
91.57700, 91.72900, 91.08800, 91.42900
91.40800, 91.67900, 90.49800, 91.08000
91.04600, 91.14600, 89.78800, 90.17000
90.14600, 90.40000, 89.90500, 90.13000
90.10800, 91.30500, 90.10100, 91.17900
91.14300, 91.24900, 90.54800, 90.75400
90.74200, 91.77800, 90.66600, 91.62500
91.62400, 91.88300, 91.06700, 91.85800
91.82700, 92.34600, 91.47000, 91.73200
91.61700, 92.22000, 91.37300, 92.17500
92.14700, 92.34200, 91.45900, 91.59300
91.58500, 91.66300, 90.75700, 91.23700
91.22700, 91.24800, 90.74600, 91.08500
91.06600, 91.70900, 90.79200, 91.62700
91.64200, 91.99800, 91.56700, 91.82900
91.80700, 91.93600, 90.88100, 91.09700
91.06500, 91.39100, 90.25300, 90.59100
90.55700, 91.34000, 90.28700, 91.22100
91.18300, 92.55100, 91.06000, 92.43700
92.37500, 92.65200, 92.12600, 92.35000
92.34000, 93.25300, 92.09100, 93.16600
93.13800, 93.51500, 92.77000, 93.23200
93.18000, 93.43700, 92.96800, 93.25200
93.19000, 94.08800, 93.02600, 93.94200
93.75800, 94.40900, 93.73200, 94.23000
94.19700, 95.04400, 93.96900, 94.87100
94.82900, 95.27600, 94.58300, 95.23400
95.21700, 96.72100, 95.05300, 96.54000
96.52200, 97.56200, 96.23000, 97.53400
97.39900, 97.66200, 96.72000, 97.24000
97.20300, 97.40300, 95.56200, 95.99500
95.96000, 96.45900, 95.77200, 96.41900
96.38500, 96.75200, 95.77100, 96.69500
96.59500, 96.83900, 95.24800, 95.93000
95.78700, 96.07900, 95.36600, 95.78400
95.75200, 96.48700, 95.58300, 96.31400
96.29200, 96.33200, 95.14500, 95.37500
95.35000, 96.00200, 95.15900, 95.79700
95.77800, 96.28500, 95.59200, 96.08400
96.05900, 96.60800, 95.98700, 96.51800
96.48400, 96.82100, 96.05300, 96.65500
96.62400, 96.82100, 96.05100, 96.25300
96.23500, 96.30200, 95.29000, 95.43500
95.42900, 95.57900, 94.70800, 95.03900
94.90100, 95.46400, 94.10200, 94.32200
94.28000, 94.60300, 93.46400, 93.83000
93.79500, 94.20400, 93.21000, 94.03800
93.97700, 95.30200, 93.79100, 95.10300
95.05800, 95.37600, 94.53800, 94.89600
94.63900, 94.90400, 94.01100, 94.54300
94.52900, 94.77200, 93.76600, 94.55600
94.51800, 94.82000, 94.19600, 94.57600
94.53000, 95.41400, 94.35600, 94.94900
94.92800, 95.77400, 94.64200, 95.44700
95.25000, 95.47200, 94.84100, 95.36100
95.33100, 95.84800, 95.11600, 95.70500
95.65900, 95.71600, 94.41600, 94.79300
94.76500, 95.41100, 92.95300, 93.58500
93.53600, 94.20800, 91.78300, 93.81400
93.66200, 95.82200, 93.65100, 95.57200
95.55000, 95.80300, 94.54900, 94.77100
94.75000, 94.89100, 93.58400, 93.69700
93.68100, 94.07700, 92.95700, 93.34200
93.31100, 93.91900, 93.04800, 93.09500
93.05900, 93.67600, 93.02600, 93.67500
93.65300, 93.97000, 92.89000, 93.79800
93.78300, 94.10200, 93.51700, 93.82800
93.81100, 94.92800, 93.70800, 94.31200
94.29900, 94.58200, 94.01000, 94.12200
94.07300, 94.43000, 93.56500, 94.40900
94.36800, 94.85400, 93.92000, 93.96100
93.94600, 94.28000, 93.62900, 94.00100
93.95600, 93.99400, 93.20300, 93.37900
93.06500, 93.06500, 93.06500, 93.06500