1.25180, 1.25730, 1.24110, 1.25390
1.25740, 1.27910, 1.25370, 1.26980
1.25110, 1.25730, 1.24340, 1.24470
1.25300, 1.25440, 1.23800, 1.24150
1.23930, 1.24390, 1.23040, 1.23440
1.22810, 1.24240, 1.22560, 1.23500
1.23690, 1.24060, 1.20150, 1.21070
1.20700, 1.21910, 1.20700, 1.21430
1.22060, 1.22340, 1.20810, 1.20890
1.20820, 1.21210, 1.19860, 1.20640
1.20370, 1.21260, 1.19630, 1.20140
1.19390, 1.21890, 1.18760, 1.21500
1.21810, 1.23550, 1.19160, 1.20150
1.20340, 1.22520, 1.20200, 1.21380
1.21980, 1.22860, 1.21190, 1.21960
1.22330, 1.22370, 1.20490, 1.20750
1.21810, 1.22700, 1.21380, 1.21880
1.22000, 1.22300, 1.21000, 1.21890
1.21750, 1.23140, 1.21490, 1.22440
1.22320, 1.23200, 1.21990, 1.22580
1.22680, 1.24790, 1.22520, 1.24550
1.25700, 1.26210, 1.24920, 1.26050
1.25900, 1.26370, 1.25250, 1.25590
1.25350, 1.25490, 1.24150, 1.24410
1.24310, 1.24410, 1.22920, 1.24100
1.23910, 1.24390, 1.22670, 1.23040
1.21950, 1.23060, 1.21950, 1.22320
1.23120, 1.23390, 1.20470, 1.20700
1.21240, 1.23080, 1.20780, 1.22620
1.22540, 1.22850, 1.21750, 1.21960
1.21420, 1.21750, 1.20400, 1.21550
1.21330, 1.22750, 1.21120, 1.21670
1.22140, 1.22460, 1.21470, 1.22200
1.22130, 1.22970, 1.21010, 1.22810
1.22330, 1.23490, 1.22230, 1.22920
1.23140, 1.23160, 1.22350, 1.22530
1.22180, 1.22510, 1.21490, 1.21920
1.21730, 1.22000, 1.20830, 1.20950
1.20350, 1.21590, 1.20180, 1.20650
1.21130, 1.21450, 1.20490, 1.21120
1.20900, 1.21550, 1.20360, 1.21090
1.21210, 1.22010, 1.20450, 1.20790
1.20780, 1.21290, 1.20250, 1.20550
1.20600, 1.22020, 1.20420, 1.20590
1.20550, 1.20890, 1.18940, 1.20180
1.20440, 1.20810, 1.19880, 1.20230
1.20210, 1.20440, 1.18720, 1.18990
1.19180, 1.19340, 1.17170, 1.17960
1.18160, 1.19010, 1.17330, 1.18360
1.17930, 1.18180, 1.16480, 1.16990
1.16640, 1.17380, 1.14030, 1.16050
1.15800, 1.16510, 1.14710, 1.15240
1.15480, 1.16970, 1.14280, 1.15770
1.15680, 1.15900, 1.14330, 1.14630
1.14620, 1.16360, 1.14620, 1.15530
1.14950, 1.15700, 1.13760, 1.13940
1.14240, 1.16310, 1.13700, 1.16200
1.15450, 1.16960, 1.15450, 1.16250
1.16150, 1.17970, 1.15210, 1.17110
1.16800, 1.17660, 1.16160, 1.16510
1.16660, 1.16800, 1.15610, 1.16290
1.16460, 1.18000, 1.15810, 1.17660
1.17470, 1.17720, 1.16270, 1.16480
1.16320, 1.17030, 1.15850, 1.16170
1.16180, 1.17380, 1.16000, 1.16160
1.15890, 1.16310, 1.15270, 1.15910
1.15660, 1.16050, 1.14320, 1.14570
1.13910, 1.14630, 1.13490, 1.14200
1.13850, 1.14740, 1.13830, 1.14350
1.14270, 1.15040, 1.13930, 1.14120
1.13730, 1.14590, 1.13730, 1.14120
1.14200, 1.14460, 1.12990, 1.13460
1.13850, 1.14230, 1.12290, 1.12750
1.12630, 1.13280, 1.11480, 1.11660
1.12060, 1.13390, 1.12060, 1.12610
1.12550, 1.12620, 1.11600, 1.11910
1.11990, 1.12150, 1.10530, 1.10820
1.10090, 1.10470, 1.09120, 1.09370
1.09260, 1.09720, 1.08130, 1.08170
1.08150, 1.08150, 1.06690, 1.07410
1.07700, 1.08820, 1.07460, 1.08500
1.08360, 1.08920, 1.07020, 1.07190
1.07220, 1.08700, 1.06660, 1.07570
1.07900, 1.08210, 1.07190, 1.07690
1.07730, 1.08050, 1.07040, 1.07350
1.07410, 1.08390, 1.06950, 1.07020
1.07280, 1.07790, 1.06520, 1.06920
1.06950, 1.09210, 1.06250, 1.08660
1.08740, 1.09850, 1.08340, 1.09040
1.08840, 1.10170, 1.07930, 1.08450
1.08650, 1.09150, 1.07020, 1.07400
1.07080, 1.09780, 1.07080, 1.09040
1.08950, 1.11550, 1.08430, 1.11160
1.11340, 1.11820, 1.09900, 1.10830
1.10860, 1.11340, 1.09080, 1.10360
1.10370, 1.12110, 1.09930, 1.11150
1.10880, 1.12740, 1.10820, 1.11870
1.11870, 1.12630, 1.11160, 1.11860
1.11680, 1.12830, 1.11510, 1.12440
1.12350, 1.13430, 1.11880, 1.12930
1.12710, 1.13620, 1.12320, 1.13360
1.13110, 1.15830, 1.12650, 1.13950
1.14240, 1.15360, 1.13800, 1.15210
1.15040, 1.15300, 1.13860, 1.14530
1.14470, 1.14930, 1.12960, 1.14660
1.14390, 1.14930, 1.13520, 1.14800
1.14220, 1.14430, 1.10290, 1.11440
1.11430, 1.14030, 1.11090, 1.12480
1.12780, 1.14340, 1.12460, 1.12910
1.13180, 1.13260, 1.11200, 1.11450
1.11580, 1.12600, 1.10700, 1.12160
1.12220, 1.12750, 1.11360, 1.11830
1.11840, 1.12840, 1.11150, 1.11420
1.11530, 1.12920, 1.11310, 1.11980
1.12170, 1.14200, 1.11530, 1.12320
1.12390, 1.13980, 1.12030, 1.13780
1.13570, 1.14670, 1.13030, 1.13540
1.13580, 1.14990, 1.13480, 1.14820
1.14510, 1.14990, 1.13740, 1.14570
1.14350, 1.15870, 1.13980, 1.15390
1.15260, 1.16340, 1.14890, 1.16020
1.16180, 1.16760, 1.14400, 1.14830
1.15040, 1.16000, 1.14670, 1.15420
1.15310, 1.15850, 1.14310, 1.15090
1.15040, 1.15500, 1.13870, 1.14090
1.14090, 1.14460, 1.11910, 1.12610
1.12810, 1.15010, 1.11760, 1.13200
1.14670, 1.15330, 1.14530, 1.15070
1.13140, 1.13590, 1.12670, 1.13160
1.13920, 1.14210, 1.13060, 1.13180
1.13180, 1.13600, 1.11620, 1.11820
1.11830, 1.12320, 1.11360, 1.11670
1.11660, 1.13700, 1.11600, 1.13280
1.13280, 1.13890, 1.12600, 1.13400
1.13370, 1.13860, 1.12320, 1.13430
1.13420, 1.13690, 1.10730, 1.11030
1.11010, 1.14100, 1.10540, 1.13690
1.13660, 1.14570, 1.12800, 1.13660
1.13710, 1.13710, 1.12490, 1.12710
1.12710, 1.12710, 1.11620, 1.11960
1.11970, 1.14250, 1.11420, 1.13570
1.13580, 1.14770, 1.12790, 1.12900
1.12940, 1.14190, 1.12390, 1.14080
1.13890, 1.14220, 1.12760, 1.13070
1.13190, 1.13710, 1.12270, 1.13110
1.13090, 1.13700, 1.12170, 1.13260
1.12970, 1.13760, 1.12050, 1.12880
1.12880, 1.12880, 1.11590, 1.11870
1.11850, 1.12340, 1.10830, 1.11780
1.11680, 1.12140, 1.10240, 1.11450
1.11610, 1.13800, 1.10530, 1.13210
1.13250, 1.13500, 1.12270, 1.12560
1.12500, 1.13270, 1.11770, 1.12630
1.12730, 1.12930, 1.11620, 1.11720
1.11670, 1.12310, 1.10390, 1.10570
1.10550, 1.12640, 1.10510, 1.11450
1.11840, 1.11960, 1.10420, 1.10790
1.10920, 1.11080, 1.09680, 1.09830
1.09820, 1.10140, 1.09080, 1.09630
1.09600, 1.11220, 1.09500, 1.10540
1.10510, 1.11170, 1.09740, 1.10350
1.10330, 1.11890, 1.09110, 1.11200
1.11220, 1.12480, 1.11060, 1.12320
1.12320, 1.13850, 1.11960, 1.13120
1.13120, 1.17570, 1.12990, 1.14480
1.14480, 1.15790, 1.14010, 1.14560
1.14550, 1.17200, 1.14050, 1.16490
1.16190, 1.20300, 1.16190, 1.19520
1.19910, 1.20110, 1.16860, 1.18020
1.17970, 1.18460, 1.15930, 1.16340
1.16490, 1.17840, 1.15970, 1.17090
1.17190, 1.18160, 1.16070, 1.17830
1.17820, 1.18020, 1.16360, 1.16400
1.16400, 1.19600, 1.16380, 1.18970
1.19070, 1.19910, 1.18280, 1.19790
1.19760, 1.20870, 1.19420, 1.20530
1.20540, 1.20620, 1.18720, 1.19170
1.19150, 1.19500, 1.16830, 1.17740
1.17720, 1.18240, 1.15330, 1.15530
1.15540, 1.16480, 1.14080, 1.15580
1.15750, 1.15870, 1.12360, 1.12740
1.12740, 1.13510, 1.11500, 1.12360
1.12370, 1.14220, 1.12160, 1.13490
1.13520, 1.14100, 1.12780, 1.12850
1.12880, 1.14450, 1.12880, 1.13750
1.13750, 1.14950, 1.13320, 1.13830
1.13790, 1.15740, 1.13090, 1.15510
1.15530, 1.15930, 1.13360, 1.14430
1.14510, 1.14510, 1.13390, 1.13670
1.13840, 1.14980, 1.12760, 1.13430
1.13430, 1.15270, 1.13430, 1.14970
1.14910, 1.15420, 1.14010, 1.14130
1.14130, 1.16850, 1.13800, 1.16470
1.16470, 1.17390, 1.15550, 1.16650
1.16630, 1.17220, 1.14610, 1.15280
1.15270, 1.15640, 1.13390, 1.13820
1.13820, 1.15330, 1.13360, 1.14940
1.14920, 1.17160, 1.14740, 1.16730
1.16740, 1.17130, 1.16000, 1.16860
1.16860, 1.19180, 1.16580, 1.18230
1.18250, 1.19760, 1.17890, 1.19260
1.19250, 1.20750, 1.19100, 1.19730
1.19810, 1.22830, 1.19600, 1.22480
1.22470, 1.24030, 1.22070, 1.23390
1.23330, 1.24100, 1.21550, 1.22090
1.22090, 1.22970, 1.21260, 1.21990
1.21990, 1.25560, 1.21260, 1.25360
1.25300, 1.26230, 1.24270, 1.25180
1.25160, 1.25350, 1.24370, 1.25190
1.25220, 1.26900, 1.25070, 1.26230
1.26140, 1.27260, 1.25360, 1.26710
1.26810, 1.27180, 1.25800, 1.26840
1.26620, 1.27670, 1.26080, 1.27370
1.27620, 1.29640, 1.27550, 1.28870
1.28700, 1.29410, 1.27510, 1.27690
1.27640, 1.28020, 1.25930, 1.26090
1.26230, 1.26870, 1.22490, 1.22560
1.22490, 1.23220, 1.21640, 1.22150
1.21950, 1.23800, 1.21950, 1.22410
1.22450, 1.23090, 1.21090, 1.21970
1.21950, 1.23830, 1.19890, 1.23180
1.23180, 1.23180, 1.18140, 1.20830
1.20780, 1.22950, 1.20470, 1.21040
1.20830, 1.21300, 1.16550, 1.16880
1.16800, 1.17160, 1.06320, 1.07870
1.10110, 1.14500, 1.08720, 1.12450
1.12210, 1.14660, 1.09120, 1.11420
1.11130, 1.15920, 1.10110, 1.14290
1.13900, 1.15830, 1.12620, 1.13950
1.14340, 1.17980, 1.13610, 1.17050
1.16900, 1.18650, 1.15790, 1.17830
1.18050, 1.19380, 1.16910, 1.18940
1.18690, 1.21920, 1.18560, 1.21020
1.21040, 1.22780, 1.19580, 1.21180
1.21020, 1.21710, 1.16580, 1.18170
1.18160, 1.20410, 1.17740, 1.18770
1.18210, 1.21690, 1.18070, 1.21360
1.20870, 1.22050, 1.18420, 1.18420
1.18420, 1.24190, 1.17470, 1.22970
1.22970, 1.25250, 1.22630, 1.23500
1.23730, 1.28050, 1.23040, 1.24650
1.24600, 1.27490, 1.24560, 1.26820
1.26940, 1.27500, 1.24010, 1.25370
1.25480, 1.27080, 1.24550, 1.25860
1.25860, 1.28060, 1.25820, 1.27410
1.27410, 1.29350, 1.26690, 1.27310
1.27300, 1.28830, 1.25000, 1.25150
1.25150, 1.25690, 1.22500, 1.22690
1.22690, 1.24820, 1.20800, 1.21630
1.21630, 1.24360, 1.20590, 1.21820
1.21810, 1.23860, 1.20240, 1.23200
1.23280, 1.27490, 1.22590, 1.27080
1.27020, 1.27550, 1.25550, 1.26190
1.26190, 1.29380, 1.24730, 1.28070
1.27970, 1.28900, 1.26700, 1.27130
1.27130, 1.28460, 1.25520, 1.27910
1.27910, 1.28910, 1.25920, 1.26030
1.26040, 1.27330, 1.24720, 1.25060
1.25060, 1.27350, 1.23840, 1.26540
1.26540, 1.28280, 1.26170, 1.26200
1.25360, 1.25540, 1.24910, 1.25290
1.25280, 1.25590, 1.23820, 1.24990
1.24880, 1.26850, 1.23800, 1.26400
1.26400, 1.26670, 1.23360, 1.24080
1.24080, 1.24970, 1.23380, 1.24370
1.24360, 1.24710, 1.23520, 1.24510
1.24510, 1.26760, 1.24060, 1.26160
1.26170, 1.26580, 1.23530, 1.24290
1.24290, 1.24790, 1.22420, 1.22910
1.22910, 1.23320, 1.21880, 1.22310
1.22310, 1.23130, 1.21210, 1.22700
1.22910, 1.24140, 1.22150, 1.23810
1.23810, 1.24290, 1.21900, 1.21940
1.21940, 1.23020, 1.21940, 1.22190
1.22120, 1.22540, 1.20090, 1.20460
1.20470, 1.22390, 1.19830, 1.20760
1.20750, 1.23420, 1.19320, 1.22910
1.23140, 1.24280, 1.22580, 1.23580
1.23630, 1.23990, 1.21910, 1.22130
1.22060, 1.25520, 1.21840, 1.25190
1.24960, 1.26780, 1.24760, 1.26680
1.25450, 1.26450, 1.24810, 1.25430
1.25500, 1.26420, 1.24360, 1.26200
1.26120, 1.28180, 1.25840, 1.27550
1.27550, 1.28410, 1.26620, 1.27460
1.27580, 1.28120, 1.25370, 1.25780
1.25600, 1.26050, 1.24360, 1.24890
1.24940, 1.25470, 1.24480, 1.25130
1.25240, 1.25530, 1.23200, 1.23460
1.24040, 1.25620, 1.23830, 1.25360
1.25390, 1.25970, 1.24360, 1.24900
1.24910, 1.27210, 1.24830, 1.26800
1.26790, 1.27640, 1.25780, 1.25980
1.25980, 1.26630, 1.24140, 1.25880
1.25880, 1.27690, 1.25710, 1.27230
1.27560, 1.28750, 1.26840, 1.28460
1.28550, 1.29290, 1.27590, 1.28180
1.28180, 1.31240, 1.28070, 1.30150
1.30390, 1.30990, 1.29270, 1.30200
1.30390, 1.30550, 1.28510, 1.29160
1.29420, 1.30420, 1.27960, 1.28230
1.28220, 1.30330, 1.28080, 1.29990
1.30080, 1.32320, 1.29800, 1.30070
1.30430, 1.31320, 1.29420, 1.30230
1.30050, 1.31170, 1.29050, 1.29260
1.29260, 1.29280, 1.26950, 1.27070
1.26920, 1.27230, 1.23900, 1.24270
1.24780, 1.25870, 1.24300, 1.25220
1.25120, 1.26030, 1.21230, 1.22550
1.22550, 1.25100, 1.22020, 1.24710
1.24710, 1.24880, 1.22570, 1.22680
1.22570, 1.24350, 1.22100, 1.23180
1.23200, 1.24480, 1.22810, 1.23290
1.23460, 1.24200, 1.22050, 1.22280
1.22170, 1.23660, 1.21250, 1.22170
1.22170, 1.24070, 1.21620, 1.23350
1.23350, 1.23740, 1.20960, 1.22130
1.22120, 1.23480, 1.21970, 1.23060
1.23050, 1.25050, 1.22070, 1.24490
1.24580, 1.25960, 1.23980, 1.25170
1.25200, 1.26680, 1.25020, 1.26440
1.26140, 1.27250, 1.25320, 1.26490
1.25440, 1.26550, 1.25200, 1.26430
1.26270, 1.28290, 1.25940, 1.26920
1.27160, 1.27860, 1.26110, 1.27140
1.27070, 1.29610, 1.26980, 1.28810
1.28850, 1.30800, 1.28690, 1.30640
1.30500, 1.31790, 1.30190, 1.30350
1.30400, 1.31260, 1.28950, 1.30080
1.30550, 1.31420, 1.29780, 1.30970
1.31100, 1.31550, 1.29760, 1.31550
1.31520, 1.32180, 1.27990, 1.28310
1.28540, 1.30740, 1.27140, 1.27440
1.27670, 1.29600, 1.27130, 1.27200
1.27080, 1.28020, 1.26370, 1.26520
1.26600, 1.29520, 1.26430, 1.28610
1.28600, 1.29870, 1.28190, 1.29550
1.29590, 1.32140, 1.29280, 1.31760
1.31750, 1.34300, 1.31390, 1.34150
1.34050, 1.35170, 1.33140, 1.33860
1.33820, 1.34340, 1.30570, 1.30960
1.31360, 1.32120, 1.30680, 1.31030
1.30680, 1.31110, 1.28530, 1.28930
1.28900, 1.30810, 1.28360, 1.30180
1.30270, 1.30910, 1.27780, 1.28420
1.28390, 1.32070, 1.28230, 1.31610
1.31590, 1.32070, 1.30400, 1.31670
1.31960, 1.33430, 1.31930, 1.33180
1.32680, 1.35590, 1.31840, 1.35380
1.35130, 1.37660, 1.34730, 1.37220
1.37590, 1.37940, 1.35480, 1.36480
1.36580, 1.37240, 1.34350, 1.36120
1.36060, 1.37170, 1.35530, 1.36060
1.35770, 1.37290, 1.35150, 1.35170
1.35260, 1.35450, 1.33590, 1.34910
1.34800, 1.35230, 1.32030, 1.32100
1.31960, 1.34480, 1.31820, 1.33700
1.33880, 1.36420, 1.33310, 1.35350
1.35320, 1.37030, 1.34470, 1.35190
1.35440, 1.36800, 1.33540, 1.34060
1.34610, 1.35870, 1.33730, 1.33830
1.33980, 1.34110, 1.30500, 1.30630
1.30880, 1.31740, 1.29250, 1.31300
1.31230, 1.31810, 1.28010, 1.28190
1.28360, 1.31700, 1.28180, 1.30590
1.30740, 1.31030, 1.28890, 1.28930
1.29600, 1.30460, 1.28990, 1.30120
1.30100, 1.30190, 1.28200, 1.28300
1.28210, 1.30010, 1.25650, 1.25930
1.25560, 1.26200, 1.24830, 1.25390
1.25250, 1.26900, 1.24860, 1.24880
1.25070, 1.26010, 1.23700, 1.23760
1.23810, 1.26250, 1.23140, 1.24350
1.24330, 1.27340, 1.24070, 1.27220
1.26790, 1.27340, 1.25580, 1.25680
1.25810, 1.26370, 1.24820, 1.25470
1.25470, 1.28330, 1.25380, 1.27290
1.26990, 1.27460, 1.24160, 1.24870
1.24830, 1.26150, 1.23590, 1.25930
1.26140, 1.27720, 1.25210, 1.26850
1.26730, 1.27180, 1.25230, 1.26760
1.26850, 1.28700, 1.26670, 1.28320
1.28590, 1.29360, 1.28120, 1.29040
1.28780, 1.31240, 1.28520, 1.30280
1.30480, 1.31600, 1.29370, 1.30710
1.30510, 1.31050, 1.29550, 1.30680
1.30440, 1.32710, 1.30310, 1.32260
1.32140, 1.32340, 1.30620, 1.31220
1.30780, 1.32400, 1.30600, 1.31330
1.31190, 1.32340, 1.30960, 1.31700
1.31730, 1.32770, 1.30670, 1.31020
1.30710, 1.31480, 1.30540, 1.31090
1.31200, 1.31770, 1.30540, 1.31050
1.31510, 1.31670, 1.30840, 1.30970
1.30850, 1.30940, 1.29230, 1.29900
1.29810, 1.30350, 1.28690, 1.29960
1.29820, 1.30270, 1.28980, 1.29130
1.29180, 1.29430, 1.28250, 1.28840
1.28820, 1.29620, 1.28350, 1.29040
1.28870, 1.29310, 1.27910, 1.28520
1.28400, 1.28500, 1.27660, 1.27900
1.27860, 1.29550, 1.27790, 1.29400
1.29290, 1.30630, 1.28520, 1.28720
1.28970, 1.29330, 1.27930, 1.28410
1.28370, 1.28900, 1.27700, 1.27870
1.27960, 1.28270, 1.26100, 1.26210
1.26810, 1.27000, 1.25420, 1.25770
1.25770, 1.26660, 1.25180, 1.26020
1.25730, 1.27190, 1.25650, 1.26720
1.26820, 1.27810, 1.26190, 1.27280
1.27130, 1.28500, 1.26580, 1.27820
1.27990, 1.28590, 1.27670, 1.27940
1.27870, 1.30470, 1.27850, 1.29990
1.29820, 1.30390, 1.29120, 1.29220
1.29210, 1.29580, 1.28270, 1.28380
1.28750, 1.29460, 1.28150, 1.28620
1.28490, 1.28680, 1.27450, 1.27700
1.27810, 1.28210, 1.27050, 1.27180
1.27150, 1.28030, 1.26720, 1.27760
1.28100, 1.28180, 1.27400, 1.27630
1.27820, 1.29060, 1.27790, 1.28420
1.28520, 1.29940, 1.28300, 1.29570
1.29850, 1.30790, 1.29090, 1.29360
1.29230, 1.30040, 1.28780, 1.29000
1.29030, 1.30430, 1.28640, 1.29980
1.29940, 1.30370, 1.28980, 1.29000
1.29120, 1.29340, 1.28070, 1.28150
1.28440, 1.29300, 1.28050, 1.28260
1.28480, 1.29190, 1.27710, 1.27720
1.27820, 1.28010, 1.26630, 1.27250
1.27170, 1.27230, 1.25760, 1.26080
1.25830, 1.26980, 1.24740, 1.24980
1.24980, 1.25270, 1.23710, 1.24460
1.24260, 1.25730, 1.24070, 1.25280
1.25420, 1.26730, 1.25080, 1.26580
1.26470, 1.26990, 1.25840, 1.26010
1.25990, 1.26450, 1.25240, 1.25250
1.25390, 1.27900, 1.25250, 1.27550
1.27480, 1.28320, 1.27090, 1.27160
1.27250, 1.27590, 1.26760, 1.26960
1.27030, 1.27490, 1.26550, 1.26850
1.26990, 1.27310, 1.25360, 1.25940
1.25890, 1.26030, 1.24680, 1.24820
1.24600, 1.26680, 1.24510, 1.25970
1.26080, 1.26990, 1.25890, 1.26440
1.26400, 1.26800, 1.24960, 1.26090
1.26110, 1.26380, 1.25020, 1.25900
1.25690, 1.26510, 1.25060, 1.25150
1.25550, 1.25980, 1.24280, 1.24340
1.24640, 1.25510, 1.22930, 1.23120
1.22880, 1.24070, 1.21730, 1.23330
1.23260, 1.23630, 1.21380, 1.21900
1.21820, 1.23440, 1.21630, 1.23080
1.23150, 1.24270, 1.22540, 1.23560
1.23890, 1.24850, 1.23050, 1.24310
1.24410, 1.26820, 1.24040, 1.25750
1.25710, 1.26390, 1.24920, 1.24930
1.25100, 1.25540, 1.24230, 1.24410
1.24530, 1.24690, 1.22860, 1.23030
1.23070, 1.23520, 1.21790, 1.22260
1.22530, 1.23080, 1.21710, 1.21970
1.22320, 1.22370, 1.20480, 1.20990
1.21180, 1.21290, 1.20070, 1.20830
1.20710, 1.21670, 1.19540, 1.20590
1.20670, 1.20890, 1.19570, 1.20550
1.20540, 1.20600, 1.18850, 1.19160
1.18980, 1.20640, 1.18140, 1.20280
1.20580, 1.21010, 1.19000, 1.20220
1.20100, 1.20320, 1.18580, 1.18640
1.18740, 1.19550, 1.17330, 1.18530
1.18590, 1.19860, 1.17280, 1.17280
1.18040, 1.18340, 1.16460, 1.17450
1.17510, 1.17530, 1.15640, 1.15640
1.16430, 1.17380, 1.15380, 1.15800
1.16160, 1.16410, 1.13920, 1.14570
1.14550, 1.14810, 1.11950, 1.13590
1.15010, 1.15020, 1.12630, 1.14350
1.14370, 1.14610, 1.12720, 1.13300
1.13330, 1.15910, 1.12610, 1.15560
1.15620, 1.15900, 1.14320, 1.15170
1.15140, 1.16590, 1.14640, 1.14720
1.14930, 1.15580, 1.13320, 1.13640
1.13510, 1.14320, 1.12090, 1.12210
1.12130, 1.13970, 1.12120, 1.12480
1.12490, 1.14270, 1.12100, 1.13340
1.13360, 1.14410, 1.13210, 1.13720
1.13430, 1.13970, 1.12950, 1.13740
1.13800, 1.15760, 1.13580, 1.15710
1.15660, 1.15800, 1.14060, 1.14120
1.14450, 1.14910, 1.12670, 1.13700
1.13570, 1.13680, 1.12160, 1.12350
1.12190, 1.13120, 1.11650, 1.11860
1.12000, 1.12220, 1.11100, 1.11960
1.11840, 1.11860, 1.09610, 1.09850
1.09990, 1.10440, 1.08120, 1.08400
1.08330, 1.08960, 1.07300, 1.08780
1.08620, 1.09110, 1.08510, 1.08720
1.08510, 1.09020, 1.07980, 1.08100
1.08230, 1.08560, 1.07310, 1.08260
1.08410, 1.08580, 1.05380, 1.06250
1.06230, 1.07000, 1.04880, 1.05520
1.05590, 1.08260, 1.05450, 1.08200
1.08140, 1.09420, 1.07690, 1.07930
1.08040, 1.08680, 1.07310, 1.07880
1.08260, 1.08860, 1.07830, 1.08360
1.08370, 1.08530, 1.06230, 1.06480
1.06370, 1.07550, 1.06270, 1.07060
1.06820, 1.06990, 1.05340, 1.05780
1.05640, 1.06450, 1.05420, 1.06350
1.06420, 1.07380, 1.06080, 1.06790
1.06600, 1.08300, 1.06410, 1.08010
1.08130, 1.08590, 1.07310, 1.08130
1.08060, 1.09070, 1.07950, 1.08750
1.08860, 1.09070, 1.07570, 1.08110
1.08110, 1.08690, 1.06780, 1.07020
1.07070, 1.08690, 1.06440, 1.08600
1.08480, 1.08740, 1.07900, 1.08470
1.08480, 1.08500, 1.07430, 1.07940
1.08060, 1.09780, 1.07910, 1.09540
1.09570, 1.10310, 1.09100, 1.09820
1.09820, 1.10190, 1.08190, 1.08380
1.08370, 1.08430, 1.07410, 1.07880
1.07710, 1.08200, 1.07040, 1.07300
1.07260, 1.08330, 1.06700, 1.07070
1.06980, 1.07290, 1.06190, 1.06470
1.06390, 1.08210, 1.06340, 1.08080
1.07890, 1.10110, 1.07690, 1.09790
1.09810, 1.10440, 1.09200, 1.09440
1.09380, 1.10490, 1.09220, 1.09580
1.09450, 1.10220, 1.09130, 1.09760
1.09700, 1.10980, 1.09590, 1.10780
1.10820, 1.11870, 1.10760, 1.11650
1.11640, 1.12920, 1.11170, 1.12560
1.12660, 1.12710, 1.10580, 1.10900
1.10530, 1.10970, 1.09750, 1.09790
1.09570, 1.11460, 1.09140, 1.11410
1.11250, 1.12770, 1.10980, 1.11610
1.11740, 1.12750, 1.11050, 1.11110
1.11120, 1.11450, 1.09790, 1.10460
1.10470, 1.12250, 1.09810, 1.11930
1.12050, 1.12990, 1.11370, 1.12870
1.12630, 1.12800, 1.10880, 1.11350
1.11210, 1.11570, 1.10310, 1.10570
1.10320, 1.10380, 1.09310, 1.09930
1.10010, 1.10080, 1.08160, 1.08420
1.08280, 1.08550, 1.07540, 1.07900
1.07850, 1.08640, 1.05320, 1.05940
1.05980, 1.06450, 1.04850, 1.05130
1.05110, 1.05550, 1.04470, 1.04590
1.04710, 1.05310, 1.04180, 1.04970
1.04980, 1.05670, 1.03500, 1.04640
1.04570, 1.06350, 1.04450, 1.05520
1.05560, 1.07540, 1.05160, 1.06120
1.05880, 1.07920, 1.05840, 1.07060
1.06860, 1.07340, 1.05060, 1.05850
1.05520, 1.05760, 1.03830, 1.04180
1.03880, 1.04280, 1.02960, 1.04190
1.04180, 1.04720, 1.03160, 1.03200
1.03240, 1.04980, 1.02780, 1.04760
1.04570, 1.05260, 1.03510, 1.04060
1.04040, 1.04360, 1.02530, 1.02720
1.02690, 1.03370, 1.02160, 1.02380
1.02290, 1.02590, 1.00390, 1.00540
1.00540, 1.02140, 1.00160, 1.01900
1.01900, 1.02170, 1.00730, 1.01240
1.01520, 1.03060, 1.00340, 1.02890
1.02980, 1.05160, 1.02450, 1.03990
1.03970, 1.06820, 1.03490, 1.05850
1.06100, 1.08890, 1.06100, 1.07460
1.07850, 1.08450, 1.06870, 1.07090
1.06930, 1.07810, 1.05720, 1.07490
1.07740, 1.09080, 1.06950, 1.08100
1.08150, 1.10900, 1.07070, 1.10650
1.10840, 1.12810, 1.10270, 1.12450
1.12430, 1.12940, 1.11580, 1.11860
1.11510, 1.14240, 1.11300, 1.12430
1.12100, 1.12470, 1.10140, 1.10660
1.10650, 1.13750, 1.10370, 1.13000
1.13080, 1.13240, 1.10400, 1.10700
1.10630, 1.11080, 1.08940, 1.10700
1.10700, 1.13120, 1.10060, 1.11980
1.12000, 1.12990, 1.10930, 1.12810
1.12790, 1.12810, 1.09280, 1.09340
1.09540, 1.15840, 1.09180, 1.10910
1.10680, 1.12600, 1.09410, 1.09940
1.09780, 1.12610, 1.09320, 1.12200
1.12120, 1.13430, 1.11830, 1.12320
1.12360, 1.13080, 1.09960, 1.10040
1.10340, 1.10560, 1.09080, 1.09380
1.09220, 1.09830, 1.08450, 1.09470
1.09540, 1.09790, 1.06330, 1.06670
1.06640, 1.07980, 1.05690, 1.06830
1.06810, 1.07300, 1.04920, 1.05280
1.05630, 1.08780, 1.05160, 1.07930
1.07740, 1.09450, 1.07230, 1.09200
1.08820, 1.10350, 1.08580, 1.10210
1.10180, 1.10830, 1.09510, 1.10040
1.09990, 1.10450, 1.08650, 1.08700
1.08790, 1.09560, 1.06910, 1.07010
1.07190, 1.07400, 1.05800, 1.06570
1.06540, 1.06770, 1.05780, 1.06390
1.06440, 1.06730, 1.05630, 1.06650
1.06630, 1.07240, 1.05340, 1.06200
1.06240, 1.08050, 1.06050, 1.06090
1.06610, 1.08360, 1.06270, 1.07890
1.07830, 1.09690, 1.07340, 1.09200
1.09090, 1.09410, 1.06460, 1.06570
1.06740, 1.07350, 1.05670, 1.07190
1.07380, 1.08690, 1.07060, 1.07750
1.07600, 1.08700, 1.06670, 1.07450
1.08130, 1.09700, 1.07600, 1.08980
1.09050, 1.12800, 1.08930, 1.12070
1.12110, 1.13130, 1.11460, 1.11880
1.11860, 1.13290, 1.11800, 1.12250
1.12440, 1.12530, 1.10410, 1.11180
1.11280, 1.11980, 1.10620, 1.10960
1.10780, 1.12350, 1.10300, 1.11580
1.11260, 1.12620, 1.10600, 1.12470
1.12380, 1.12670, 1.08770, 1.08950
1.08820, 1.09450, 1.07320, 1.07670
1.07690, 1.09170, 1.07000, 1.07390
1.07160, 1.08030, 1.06480, 1.06720
1.06710, 1.07440, 1.06160, 1.07280
1.07220, 1.07730, 1.05220, 1.05860
1.06010, 1.07340, 1.04050, 1.04510
1.04470, 1.05550, 1.04130, 1.04740
1.05020, 1.05520, 1.04240, 1.04820
1.04830, 1.05060, 1.04100, 1.04510
1.03890, 1.05470, 1.03080, 1.03560
1.03630, 1.06970, 1.03480, 1.06420
1.06300, 1.07670, 1.06060, 1.06590
1.06640, 1.07230, 1.05150, 1.05390
1.05290, 1.06760, 1.04430, 1.06680
1.06690, 1.07400, 1.05340, 1.06240
1.06450, 1.06700, 1.04710, 1.04830
1.04820, 1.05230, 1.03890, 1.04480
1.04530, 1.04570, 1.03150, 1.03800
1.03830, 1.04300, 1.02600, 1.02900
1.02930, 1.03110, 1.02330, 1.03050
1.02990, 1.05390, 1.02630, 1.05180
1.05070, 1.05810, 1.04680, 1.05100
1.05100, 1.06379, 1.05031, 1.05797
1.05835, 1.07643, 1.05797, 1.07408
1.07330, 1.07506, 1.05903, 1.06108
1.06138, 1.07556, 1.05955, 1.06000
1.06107, 1.07034, 1.04594, 1.04605
1.04528, 1.06465, 1.03635, 1.05916
1.05569, 1.06577, 1.04459, 1.04621
1.04786, 1.06112, 1.04080, 1.05520
1.05515, 1.05936, 1.04114, 1.04412
1.04391, 1.05174, 1.03769, 1.04341
1.04267, 1.04942, 1.03750, 1.04837
1.04495, 1.05023, 1.04182, 1.04201
1.04245, 1.04507, 1.03531, 1.03913
1.03638, 1.04897, 1.03265, 1.04831
1.04644, 1.05708, 1.04595, 1.05134
1.05226, 1.05544, 1.04653, 1.05326
1.05277, 1.05463, 1.03482, 1.03826
1.03834, 1.05293, 1.03260, 1.04949
1.04978, 1.06746, 1.03755, 1.06511
1.06507, 1.07089, 1.06319, 1.06683
1.06560, 1.07481, 1.06421, 1.06500
1.06634, 1.07950, 1.06168, 1.07785
1.07944, 1.09263, 1.07774, 1.08900
1.08777, 1.10191, 1.08740, 1.09742
1.09686, 1.09798, 1.08233, 1.08428
1.08467, 1.09660, 1.07921, 1.08816
1.08882, 1.09047, 1.07617, 1.08111
1.07960, 1.08473, 1.07610, 1.08097
1.08195, 1.08342, 1.06415, 1.07240
1.07621, 1.09152, 1.07239, 1.09011
1.08742, 1.09353, 1.07016, 1.07087
1.07323, 1.08048, 1.05993, 1.07656
1.07683, 1.08200, 1.06913, 1.07575
1.07474, 1.07643, 1.05251, 1.05351
1.05306, 1.05697, 1.03902, 1.04096
1.04033, 1.05160, 1.03965, 1.04365
1.04410, 1.05507, 1.04137, 1.05032
1.04986, 1.05204, 1.03698, 1.03906
1.03760, 1.05348, 1.03751, 1.04788
1.04760, 1.05513, 1.03957, 1.04379
1.04339, 1.06663, 1.04248, 1.06478
1.06479, 1.08447, 1.06068, 1.06106
1.06046, 1.07131, 1.06021, 1.06182
1.06336, 1.07455, 1.05905, 1.06897
1.06941, 1.08608, 1.06887, 1.07774
1.07871, 1.08780, 1.07466, 1.08352
1.08294, 1.09718, 1.08213, 1.09511
1.09336, 1.11409, 1.09270, 1.11269
1.11044, 1.11436, 1.10245, 1.10865
1.10821, 1.11341, 1.09530, 1.09718
1.09804, 1.09851, 1.08239, 1.08401
1.08844, 1.09779, 1.08300, 1.08576
1.08593, 1.09925, 1.08491, 1.09637
1.09962, 1.10236, 1.09454, 1.09885
1.09834, 1.12531, 1.08885, 1.12163
1.12482, 1.12895, 1.11410, 1.11578
1.11718, 1.12294, 1.10477, 1.10693
1.10666, 1.11263, 1.10092, 1.10431
1.10464, 1.11395, 1.09886, 1.10907
1.11098, 1.11165, 1.10505, 1.10591
1.10563, 1.10935, 1.09477, 1.10407
1.10580, 1.11130, 1.09509, 1.09779
1.09653, 1.09843, 1.08596, 1.09228
1.09179, 1.10153, 1.09085, 1.09848
1.09790, 1.10143, 1.09682, 1.09841
1.10028, 1.10524, 1.09449, 1.09661
1.09658, 1.09779, 1.08370, 1.08989
1.09116, 1.10017, 1.08972, 1.09702
1.09745, 1.10385, 1.08559, 1.10133
1.10246, 1.10722, 1.08419, 1.08422
1.08499, 1.08938, 1.07450, 1.07645
1.07808, 1.08396, 1.06961, 1.06961
1.07089, 1.07697, 1.06537, 1.07383
1.07396, 1.08261, 1.06603, 1.07159
1.07189, 1.07714, 1.06638, 1.07702
1.07595, 1.08018, 1.06782, 1.06791
1.06860, 1.07616, 1.06226, 1.06319
1.06444, 1.06692, 1.05595, 1.05967
1.06188, 1.06565, 1.05250, 1.05495
1.05519, 1.05828, 1.04885, 1.05509
1.05526, 1.06726, 1.05467, 1.06333
1.06346, 1.07288, 1.06204, 1.06967
1.06940, 1.07557, 1.06561, 1.07320
1.07363, 1.08426, 1.06576, 1.08286
1.08226, 1.09396, 1.08199, 1.08484
1.08627, 1.09613, 1.08546, 1.09084
1.09158, 1.09263, 1.07765, 1.08281
1.08259, 1.09021, 1.07778, 1.08057
1.08053, 1.08419, 1.07032, 1.07139
1.07239, 1.07793, 1.06577, 1.07668
1.07480, 1.09305, 1.07317, 1.09269
1.08996, 1.09923, 1.08531, 1.08531
1.08594, 1.09713, 1.08592, 1.09674
1.09690, 1.09743, 1.08606, 1.08919
1.09138, 1.09354, 1.08612, 1.08882
1.08783, 1.09704, 1.08410, 1.09641
1.09632, 1.11752, 1.09511, 1.10865
1.10603, 1.10831, 1.09861, 1.10246
1.10180, 1.10565, 1.09058, 1.09450
1.09446, 1.09785, 1.08538, 1.08556
1.08613, 1.10204, 1.08533, 1.08705
1.08630, 1.09803, 1.08616, 1.09225
1.09178, 1.10029, 1.08776, 1.08990
1.08813, 1.09304, 1.08581, 1.09010
1.09084, 1.09526, 1.08897, 1.09474
1.09434, 1.09935, 1.08953, 1.09281
1.09313, 1.09406, 1.07984, 1.08007
1.07709, 1.08794, 1.07587, 1.08609
1.08690, 1.08827, 1.07982, 1.08030
1.08304, 1.08509, 1.06813, 1.07165
1.07243, 1.07404, 1.06125, 1.06512
1.06399, 1.06959, 1.05889, 1.06562
1.06865, 1.06968, 1.06177, 1.06282
1.06624, 1.06721, 1.04747, 1.04889
1.04523, 1.05874, 1.04337, 1.05491
1.05502, 1.05750, 1.04430, 1.04731
1.04639, 1.05255, 1.04606, 1.04855
1.04936, 1.05665, 1.00403, 1.05605
1.05486, 1.06380, 1.05400, 1.05528
1.05603, 1.06521, 1.05356, 1.06168
1.06157, 1.06697, 1.04655, 1.04945
1.04992, 1.05379, 1.04498, 1.05104
1.05021, 1.05352, 1.03986, 1.05072
1.05099, 1.05456, 1.03682, 1.03930
1.03985, 1.04898, 1.03802, 1.04124
1.03981, 1.04607, 1.03890, 1.04062
1.04112, 1.04367, 1.03427, 1.03509
1.03503, 1.03595, 1.02937, 1.03395
1.03466, 1.03740, 1.02897, 1.02949
1.02828, 1.04524, 1.02755, 1.04239
1.04243, 1.05746, 1.04214, 1.05472
1.05426, 1.06250, 1.05328, 1.06029
1.06035, 1.07301, 1.05710, 1.06891
1.06932, 1.06987, 1.05590, 1.05706
1.05682, 1.06166, 1.05420, 1.05688
1.05702, 1.07217, 1.05320, 1.06037
1.05926, 1.06064, 1.05210, 1.05380
1.05806, 1.05978, 1.05519, 1.05720
1.05714, 1.06312, 1.05565, 1.06041
1.06041, 1.06207, 1.04992, 1.05051
1.05045, 1.05880, 1.04986, 1.05828
1.05861, 1.05886, 1.04787, 1.05082
1.05085, 1.05500, 1.04363, 1.04505
1.04516, 1.05441, 1.04232, 1.05250
1.05325, 1.05379, 1.04436, 1.04823
1.04863, 1.04927, 1.03979, 1.04161
1.04026, 1.04540, 1.03854, 1.04147
1.03999, 1.04567, 1.03612, 1.03997
1.03988, 1.05200, 1.02623, 1.04923
1.04847, 1.05558, 1.04536, 1.05447
1.05351, 1.06163, 1.05209, 1.05517
1.05475, 1.06932, 1.05316, 1.06752
1.06635, 1.07085, 1.06321, 1.06546
1.06493, 1.07966, 1.06317, 1.07878
1.07639, 1.08393, 1.07481, 1.08061
1.08055, 1.08193, 1.07022, 1.07441
1.07475, 1.08060, 1.06747, 1.07119
1.07116, 1.07328, 1.06646, 1.07170
1.07193, 1.07928, 1.06828, 1.07332
1.07405, 1.07479, 1.06641, 1.07393
1.07383, 1.08244, 1.07153, 1.07519
1.07440, 1.08650, 1.07074, 1.08328
1.08134, 1.08376, 1.06054, 1.06488
1.06324, 1.06566, 1.05724, 1.05889
1.05871, 1.05998, 1.05226, 1.05291
1.05186, 1.05256, 1.04059, 1.04149
1.04140, 1.04858, 1.03878, 1.04278
1.04216, 1.04637, 1.03648, 1.04468
1.04432, 1.04653, 1.03996, 1.04138
1.04152, 1.04493, 1.03918, 1.04208
1.04209, 1.04406, 1.03155, 1.03968
1.03858, 1.04589, 1.03729, 1.03938
1.03918, 1.04305, 1.03182, 1.03259
1.03346, 1.03697, 1.03077, 1.03398
1.03259, 1.04471, 1.03259, 1.04240
1.04069, 1.05054, 1.03977, 1.04291
1.04208, 1.04792, 1.04146, 1.04311
1.04253, 1.04629, 1.03857, 1.04060
1.04286, 1.05318, 1.04065, 1.04440
1.04375, 1.05156, 1.01556, 1.01780
1.02341, 1.02624, 0.99943, 1.01693
1.02181, 1.03000, 1.01199, 1.01992
1.01905, 1.03506, 1.01759, 1.02286
1.02282, 1.04606, 1.02180, 1.04285
1.04312, 1.06227, 1.04179, 1.05428
1.05286, 1.06413, 1.04813, 1.06238
1.06130, 1.07513, 1.05835, 1.05909
1.05732, 1.06994, 1.05732, 1.06395
1.06155, 1.08255, 1.06142, 1.08100
1.07998, 1.08304, 1.06682, 1.07208
1.07107, 1.07533, 1.06665, 1.07387
1.07456, 1.08808, 1.06984, 1.07077
1.07013, 1.07285, 1.06299, 1.06494
1.06099, 1.07275, 1.05804, 1.06630
1.06585, 1.07547, 1.06290, 1.06816
1.06931, 1.07172, 1.06050, 1.06185
1.06141, 1.06615, 1.05649, 1.05701
1.05709, 1.06914, 1.05671, 1.06691
1.06556, 1.07535, 1.06535, 1.06943
1.06786, 1.07998, 1.06704, 1.07732
1.07405, 1.08607, 1.07165, 1.08475
1.08239, 1.09629, 1.08201, 1.09594
1.09425, 1.10426, 1.09284, 1.09390
1.09427, 1.10018, 1.08972, 1.09268
1.09288, 1.09592, 1.08140, 1.08368
1.08397, 1.09349, 1.08393, 1.09200
1.09178, 1.09245, 1.07651, 1.07829
1.07870, 1.08492, 1.07160, 1.07367
1.07295, 1.08487, 1.07254, 1.07904
1.07813, 1.08941, 1.07585, 1.08493
1.08492, 1.08585, 1.07010, 1.07123
1.06886, 1.07297, 1.06441, 1.06681
1.06608, 1.06727, 1.05942, 1.06253
1.06175, 1.07581, 1.06007, 1.07182
1.07110, 1.07292, 1.05455, 1.06133
1.06003, 1.06268, 1.05102, 1.05331
1.05311, 1.05616, 1.04710, 1.04993
1.04980, 1.05676, 1.04169, 1.05442
1.05429, 1.06556, 1.05122, 1.06246
1.06283, 1.06929, 1.06131, 1.06712
1.06547, 1.07136, 1.06510, 1.06890
1.06768, 1.07199, 1.06277, 1.07122
1.07020, 1.07328, 1.06689, 1.07262
1.07180, 1.08029, 1.07043, 1.07992
1.07835, 1.08415, 1.07289, 1.07381
1.07452, 1.07508, 1.06256, 1.06341
1.06298, 1.06763, 1.05400, 1.06542
1.06570, 1.07580, 1.06453, 1.07439
1.07592, 1.07951, 1.07181, 1.07791
1.07876, 1.08263, 1.06378, 1.06531
1.06469, 1.07694, 1.06430, 1.07220
1.07225, 1.08177, 1.07180, 1.08081
1.07978, 1.08397, 1.07417, 1.08078
1.07960, 1.09365, 1.07813, 1.09141
1.09142, 1.09456, 1.08102, 1.08278
1.08232, 1.08745, 1.08175, 1.08275
1.08196, 1.08537, 1.07913, 1.08230
1.08339, 1.08339, 1.07399, 1.07650
1.07540, 1.08009, 1.07038, 1.07700
1.07584, 1.08207, 1.07169, 1.07696
1.07664, 1.08127, 1.07197, 1.07265
1.07304, 1.08068, 1.07189, 1.07832
1.07703, 1.07891, 1.05989, 1.06301
1.06253, 1.07561, 1.06129, 1.07336
1.07292, 1.08108, 1.07162, 1.08041
1.07870, 1.08114, 1.07423, 1.07861
1.07864, 1.07983, 1.07203, 1.07371
1.07177, 1.07646, 1.06958, 1.06981
1.06976, 1.07267, 1.06505, 1.06994
1.06882, 1.07384, 1.05555, 1.05612
1.05589, 1.06134, 1.05430, 1.05493
1.05552, 1.06051, 1.05174, 1.05281
1.05217, 1.05635, 1.04665, 1.04856
1.04758, 1.05103, 1.04549, 1.04678
1.04591, 1.05399, 1.04185, 1.04414
1.04304, 1.04707, 1.04083, 1.04245
1.04255, 1.04438, 1.03462, 1.04147
1.04011, 1.04524, 1.03307, 1.03361
1.03296, 1.03659, 1.02784, 1.03235
1.03183, 1.03576, 1.02886, 1.03507
1.03354, 1.04907, 1.03122, 1.04632
1.04628, 1.05536, 1.04329, 1.05462
1.05510, 1.06106, 1.04841, 1.04852
1.04760, 1.04948, 1.04155, 1.04428
1.04306, 1.05270, 1.04300, 1.04927
1.04855, 1.04941, 1.03853, 1.03864
1.03928, 1.04100, 1.03288, 1.04045
1.04029, 1.04556, 1.03158, 1.03360
1.03139, 1.05011, 1.03111, 1.04530
1.04217, 1.04958, 1.03618, 1.03631
1.03569, 1.05620, 1.03474, 1.05459
1.05196, 1.05952, 1.05117, 1.05706
1.05486, 1.06268, 1.05483, 1.05828
1.05757, 1.06425, 1.05614, 1.06177
1.06142, 1.06487, 1.05693, 1.05830
1.05824, 1.06474, 1.05727, 1.05847
1.05920, 1.07125, 1.05647, 1.06781
1.06612, 1.07259, 1.06328, 1.06782
1.06697, 1.07698, 1.06507, 1.06940
1.06882, 1.07689, 1.06683, 1.07259
1.07258, 1.07954, 1.07062, 1.07123
1.07040, 1.07409, 1.06637, 1.07138
1.07113, 1.07944, 1.07004, 1.07420
1.07468, 1.07660, 1.06465, 1.07084
1.07086, 1.07395, 1.06193, 1.07251
1.07169, 1.08079, 1.06920, 1.07915
1.07938, 1.08836, 1.07533, 1.08261
1.08090, 1.09231, 1.07925, 1.08879
1.08719, 1.09729, 1.08244, 1.09100
1.08915, 1.09963, 1.08905, 1.09125
1.09191, 1.09766, 1.08217, 1.09332
1.09074, 1.11081, 1.09074, 1.10343
1.10249, 1.10613, 1.09768, 1.10288
1.10192, 1.10791, 1.09801, 1.09828
1.09907, 1.10204, 1.09203, 1.09500
1.09331, 1.10945, 1.09331, 1.10747
1.10498, 1.11616, 1.10498, 1.10789
1.10797, 1.11658, 1.09771, 1.09805
1.09698, 1.10494, 1.09506, 1.09919
1.09839, 1.10888, 1.09577, 1.09749
1.09815, 1.10927, 1.09597, 1.10679
1.10680, 1.10757, 1.09737, 1.10268
1.10208, 1.11083, 1.09904, 1.10719
1.10556, 1.11776, 1.10517, 1.11086
1.11086, 1.11249, 1.10060, 1.10709
1.10551, 1.11246, 1.10092, 1.10320
1.10238, 1.11449, 1.09883, 1.11366
1.11025, 1.12533, 1.11025, 1.12184
1.12236, 1.12477, 1.11235, 1.11389
1.11502, 1.12133, 1.11126, 1.12058
1.12197, 1.12560, 1.11816, 1.12143
1.12008, 1.13706, 1.12007, 1.13658
1.13287, 1.14886, 1.13276, 1.14208
1.14283, 1.14393, 1.12385, 1.13511
1.13366, 1.13531, 1.11454, 1.11469
1.11441, 1.11877, 1.10508, 1.10667
1.10702, 1.11749, 1.10077, 1.10284
1.10215, 1.10543, 1.08830, 1.09102
1.08962, 1.10431, 1.08781, 1.09521
1.09782, 1.10032, 1.08307, 1.08347
1.08022, 1.08511, 1.07397, 1.07836
1.07920, 1.08166, 1.05776, 1.05929
1.06048, 1.06571, 1.05303, 1.05880
1.05788, 1.06628, 1.04686, 1.04781
1.04941, 1.07167, 1.04610, 1.06795
1.06751, 1.07637, 1.06217, 1.07296
1.07375, 1.08774, 1.07214, 1.08248
1.08272, 1.09346, 1.07972, 1.09270
1.09165, 1.09368, 1.07361, 1.07636
1.07608, 1.09845, 1.07535, 1.09470
1.09307, 1.09922, 1.08703, 1.09412
1.09189, 1.10297, 1.09052, 1.09642
1.09544, 1.10312, 1.09274, 1.10165
1.10069, 1.10860, 1.09030, 1.09071
1.09038, 1.09475, 1.07947, 1.08772
1.08524, 1.08909, 1.07139, 1.07257
1.07335, 1.07984, 1.06739, 1.06827
1.06906, 1.08036, 1.06740, 1.07106
1.07091, 1.07622, 1.06710, 1.06856
1.06725, 1.07907, 1.05870, 1.06522
1.06280, 1.08119, 1.06280, 1.08018
1.07862, 1.09295, 1.07859, 1.09000
1.08918, 1.09049, 1.06816, 1.06995
1.06934, 1.08333, 1.06222, 1.07240
1.07146, 1.07410, 1.05996, 1.07252
1.07174, 1.07637, 1.05828, 1.05884
1.05901, 1.07854, 1.05472, 1.07775
1.07642, 1.09076, 1.07452, 1.08959
1.08631, 1.10310, 1.08578, 1.09969
1.09786, 1.10491, 1.09306, 1.10100
1.10233, 1.10511, 1.08603, 1.08658
1.08609, 1.09226, 1.07940, 1.08432
1.08507, 1.08609, 1.07287, 1.07743
1.07468, 1.08294, 1.07251, 1.07300
1.07337, 1.09140, 1.07240, 1.09075
1.08918, 1.09253, 1.07897, 1.07930
1.07904, 1.08330, 1.07151, 1.07640
1.07644, 1.08688, 1.07532, 1.08486
1.08352, 1.08352, 1.08352, 1.08352