0.68840, 0.70260, 0.68420, 0.70060
0.70040, 0.71400, 0.68760, 0.71310
0.71270, 0.72430, 0.71100, 0.72200
0.72140, 0.73260, 0.71920, 0.73190
0.73200, 0.73480, 0.70690, 0.70960
0.70900, 0.71410, 0.69290, 0.70210
0.70110, 0.71580, 0.69860, 0.71380
0.71340, 0.71850, 0.70560, 0.71700
0.71550, 0.72630, 0.71270, 0.72380
0.72290, 0.72370, 0.70000, 0.70220
0.70110, 0.70780, 0.68840, 0.69110
0.69150, 0.69950, 0.68500, 0.69530
0.69400, 0.70470, 0.69300, 0.69780
0.69550, 0.71710, 0.69550, 0.71430
0.71440, 0.72860, 0.70970, 0.72590
0.72410, 0.73660, 0.71840, 0.73500
0.73420, 0.73830, 0.72120, 0.73100
0.73040, 0.74060, 0.72200, 0.74020
0.74030, 0.75080, 0.73670, 0.74820
0.74880, 0.76340, 0.74300, 0.76280
0.76270, 0.77030, 0.75510, 0.76940
0.76810, 0.78630, 0.76780, 0.78400
0.78390, 0.79470, 0.77710, 0.79060
0.78880, 0.79040, 0.76940, 0.78180
0.78030, 0.78230, 0.74420, 0.75100
0.74780, 0.76680, 0.74760, 0.76240
0.76360, 0.77120, 0.76120, 0.76920
0.76940, 0.78450, 0.76790, 0.78040
0.78020, 0.78390, 0.75380, 0.75750
0.75700, 0.76970, 0.75490, 0.75900
0.75980, 0.77140, 0.75040, 0.76940
0.76880, 0.78030, 0.76260, 0.77510
0.77380, 0.77890, 0.76710, 0.77010
0.76830, 0.78640, 0.76100, 0.78570
0.78550, 0.78970, 0.77840, 0.78850
0.78850, 0.79580, 0.78060, 0.78640
0.78680, 0.79450, 0.77700, 0.79040
0.78960, 0.79890, 0.78700, 0.79300
0.79270, 0.79560, 0.78590, 0.79480
0.79370, 0.79410, 0.76960, 0.77100
0.77210, 0.77770, 0.76660, 0.77090
0.77040, 0.77370, 0.76250, 0.77160
0.77140, 0.78060, 0.76490, 0.76810
0.76810, 0.78340, 0.76310, 0.78130
0.78090, 0.78420, 0.77400, 0.78130
0.78080, 0.78280, 0.77200, 0.77520
0.77490, 0.77920, 0.75990, 0.76130
0.76170, 0.76220, 0.75280, 0.75540
0.75520, 0.76500, 0.75430, 0.76340
0.76290, 0.76360, 0.74690, 0.75550
0.75580, 0.77050, 0.75430, 0.76100
0.76090, 0.77840, 0.75840, 0.77780
0.77760, 0.78090, 0.76670, 0.76950
0.76910, 0.77070, 0.74940, 0.75210
0.75240, 0.75280, 0.73620, 0.74120
0.74200, 0.75740, 0.74120, 0.74900
0.74860, 0.76860, 0.74680, 0.76310
0.76300, 0.76460, 0.75230, 0.75650
0.75650, 0.77430, 0.75490, 0.76800
0.76770, 0.77540, 0.75810, 0.77140
0.77150, 0.77440, 0.74910, 0.75110
0.75130, 0.76180, 0.75020, 0.75610
0.75620, 0.76680, 0.74550, 0.76500
0.76520, 0.77580, 0.76340, 0.77490
0.77540, 0.77670, 0.76400, 0.76750
0.76580, 0.77340, 0.75620, 0.75670
0.75650, 0.76460, 0.75240, 0.76210
0.76250, 0.76480, 0.75510, 0.75700
0.75670, 0.76050, 0.74560, 0.75200
0.75250, 0.75520, 0.74360, 0.74830
0.74820, 0.76080, 0.74580, 0.74880
0.74930, 0.75210, 0.73100, 0.73320
0.73190, 0.73830, 0.72820, 0.73280
0.73220, 0.73550, 0.72600, 0.73340
0.73240, 0.74050, 0.73150, 0.73540
0.73400, 0.74900, 0.73160, 0.74760
0.74670, 0.75420, 0.74380, 0.75000
0.74840, 0.75820, 0.74140, 0.74330
0.74420, 0.74690, 0.72610, 0.72840
0.72860, 0.73440, 0.72280, 0.73240
0.73250, 0.75510, 0.73100, 0.75370
0.75310, 0.75650, 0.74780, 0.75450
0.75420, 0.75760, 0.74380, 0.74750
0.74840, 0.75600, 0.74690, 0.74900
0.74950, 0.75870, 0.74690, 0.74880
0.74950, 0.74990, 0.73570, 0.73760
0.73710, 0.74430, 0.73410, 0.73910
0.73880, 0.74210, 0.73350, 0.73900
0.73850, 0.74850, 0.73550, 0.74500
0.74440, 0.74820, 0.72970, 0.73150
0.73190, 0.74090, 0.72600, 0.72720
0.72790, 0.72810, 0.70560, 0.70830
0.70860, 0.71740, 0.70090, 0.71620
0.71600, 0.73420, 0.71110, 0.72540
0.72540, 0.73420, 0.72330, 0.72730
0.72730, 0.74820, 0.72660, 0.74350
0.74540, 0.76050, 0.74130, 0.75900
0.75840, 0.77430, 0.75460, 0.77200
0.77120, 0.77920, 0.76290, 0.77210
0.77240, 0.77480, 0.75200, 0.75770
0.75760, 0.76170, 0.74600, 0.75730
0.75650, 0.76520, 0.74360, 0.75150
0.75130, 0.75450, 0.73850, 0.74790
0.74770, 0.74980, 0.73380, 0.73800
0.73830, 0.74220, 0.72990, 0.73120
0.73110, 0.74520, 0.72660, 0.74240
0.74170, 0.75300, 0.73940, 0.75100
0.75190, 0.75670, 0.74570, 0.75290
0.75330, 0.75450, 0.73990, 0.75220
0.75430, 0.76760, 0.74980, 0.76720
0.76570, 0.76840, 0.75810, 0.76540
0.76570, 0.77170, 0.75590, 0.76580
0.76660, 0.77010, 0.75580, 0.75890
0.76010, 0.76720, 0.75450, 0.75680
0.75730, 0.76780, 0.75600, 0.76660
0.76630, 0.77220, 0.75220, 0.75360
0.75350, 0.75700, 0.74810, 0.75270
0.75260, 0.75800, 0.74890, 0.74980
0.75080, 0.75570, 0.74310, 0.74590
0.74690, 0.74940, 0.74110, 0.74260
0.74270, 0.75320, 0.74110, 0.75080
0.75080, 0.76050, 0.74880, 0.75800
0.75800, 0.76980, 0.75550, 0.76810
0.76820, 0.77680, 0.76700, 0.76970
0.76970, 0.77620, 0.76360, 0.76680
0.76680, 0.76970, 0.76090, 0.76870
0.76880, 0.77920, 0.76710, 0.77880
0.78150, 0.79300, 0.77590, 0.78870
0.78950, 0.79320, 0.78280, 0.78530
0.78500, 0.79000, 0.77730, 0.78130
0.78140, 0.78800, 0.77760, 0.78320
0.78320, 0.80540, 0.77840, 0.78840
0.78920, 0.79800, 0.77800, 0.77850
0.77900, 0.78410, 0.77570, 0.78340
0.78400, 0.79080, 0.78090, 0.78980
0.78950, 0.79390, 0.77150, 0.77260
0.77360, 0.77730, 0.76930, 0.77480
0.77430, 0.78250, 0.77210, 0.77620
0.77580, 0.78750, 0.77040, 0.78690
0.78680, 0.79280, 0.78410, 0.79160
0.79100, 0.79490, 0.78080, 0.78140
0.78100, 0.78260, 0.76770, 0.78010
0.78060, 0.79740, 0.77930, 0.79560
0.79440, 0.80900, 0.79320, 0.80440
0.80540, 0.81240, 0.80270, 0.80800
0.80950, 0.82110, 0.80640, 0.81610
0.81600, 0.83380, 0.81490, 0.83340
0.83330, 0.83910, 0.82810, 0.83700
0.83730, 0.83790, 0.82330, 0.82970
0.82830, 0.83310, 0.81690, 0.82120
0.82110, 0.83350, 0.82020, 0.83110
0.83150, 0.83510, 0.82010, 0.82260
0.82430, 0.82670, 0.81740, 0.81760
0.81850, 0.83280, 0.81620, 0.83280
0.83250, 0.84750, 0.83070, 0.84470
0.84400, 0.84460, 0.83310, 0.84190
0.83950, 0.84930, 0.83940, 0.84690
0.84750, 0.85220, 0.83540, 0.84910
0.84840, 0.86100, 0.84840, 0.85790
0.85760, 0.87160, 0.85640, 0.87070
0.87070, 0.88340, 0.86910, 0.88010
0.88000, 0.88710, 0.85080, 0.85150
0.85030, 0.86150, 0.84440, 0.85440
0.85290, 0.86610, 0.83990, 0.84350
0.84500, 0.85040, 0.76730, 0.79710
0.79640, 0.82720, 0.78900, 0.82690
0.82890, 0.83340, 0.80500, 0.81840
0.81570, 0.83100, 0.81520, 0.82630
0.82590, 0.84370, 0.81720, 0.84170
0.84160, 0.87030, 0.82740, 0.86630
0.86620, 0.88870, 0.86100, 0.88770
0.88800, 0.90060, 0.87940, 0.89730
0.89900, 0.90600, 0.89110, 0.90440
0.90470, 0.90780, 0.88160, 0.88990
0.88860, 0.91870, 0.87510, 0.91830
0.91910, 0.93440, 0.91080, 0.92330
0.92100, 0.94010, 0.91000, 0.91130
0.90510, 0.90880, 0.87520, 0.89220
0.89610, 0.89960, 0.86520, 0.87720
0.88030, 0.89200, 0.86680, 0.88380
0.88290, 0.88550, 0.86590, 0.87580
0.87380, 0.89080, 0.86020, 0.86030
0.86230, 0.86970, 0.85520, 0.86660
0.86770, 0.87920, 0.86700, 0.87570
0.87670, 0.88520, 0.86990, 0.87190
0.87140, 0.89750, 0.86830, 0.89060
0.88920, 0.90180, 0.87000, 0.87840
0.87870, 0.88540, 0.85110, 0.87900
0.87790, 0.90470, 0.87670, 0.90380
0.90300, 0.91010, 0.88730, 0.89500
0.89560, 0.90980, 0.89230, 0.90880
0.90800, 0.92500, 0.90690, 0.92330
0.92370, 0.94970, 0.92160, 0.93060
0.93280, 0.94210, 0.92180, 0.92630
0.92640, 0.94700, 0.91480, 0.93670
0.93760, 0.94470, 0.89530, 0.90170
0.90110, 0.92530, 0.89770, 0.91680
0.91610, 0.92280, 0.90300, 0.92250
0.92180, 0.93460, 0.91770, 0.92740
0.92640, 0.94010, 0.92050, 0.93420
0.93220, 0.95410, 0.92900, 0.93310
0.93340, 0.94730, 0.92740, 0.93430
0.93560, 0.95070, 0.93390, 0.94300
0.94050, 0.95600, 0.92910, 0.95530
0.95660, 0.96530, 0.95100, 0.95890
0.95910, 0.96390, 0.95120, 0.95560
0.95430, 0.96420, 0.94860, 0.96230
0.96120, 0.96460, 0.93270, 0.93860
0.93930, 0.95680, 0.93680, 0.95330
0.95360, 0.96340, 0.94930, 0.96090
0.96050, 0.96670, 0.95120, 0.96300
0.96260, 0.97170, 0.94760, 0.96620
0.97060, 0.98490, 0.96630, 0.97000
0.97250, 0.97920, 0.95390, 0.95620
0.95520, 0.95940, 0.92850, 0.92900
0.92880, 0.93460, 0.88660, 0.88840
0.88480, 0.89530, 0.85910, 0.86610
0.86630, 0.88130, 0.86250, 0.86640
0.86520, 0.86930, 0.84930, 0.85790
0.85640, 0.85800, 0.80240, 0.81560
0.82670, 0.83520, 0.78990, 0.82370
0.82020, 0.83610, 0.78010, 0.83350
0.83640, 0.85190, 0.82380, 0.83080
0.82800, 0.83290, 0.76980, 0.77370
0.77140, 0.77330, 0.63280, 0.64300
0.67160, 0.72380, 0.64920, 0.68850
0.69520, 0.70630, 0.60490, 0.62170
0.61810, 0.68910, 0.60050, 0.66720
0.66730, 0.70150, 0.65410, 0.67360
0.68540, 0.69840, 0.63390, 0.64810
0.63640, 0.65960, 0.60730, 0.63190
0.63300, 0.66170, 0.62290, 0.65420
0.65290, 0.65370, 0.62890, 0.64610
0.64830, 0.68000, 0.64510, 0.66370
0.66310, 0.71370, 0.66060, 0.67970
0.68320, 0.68930, 0.67550, 0.68380
0.68580, 0.71160, 0.68280, 0.71050
0.71130, 0.72680, 0.69540, 0.70300
0.69890, 0.70010, 0.65360, 0.67160
0.67630, 0.68410, 0.64180, 0.65350
0.65560, 0.67310, 0.63440, 0.63600
0.63600, 0.68020, 0.62480, 0.67490
0.67350, 0.68500, 0.64290, 0.65640
0.65120, 0.65390, 0.63320, 0.64490
0.64450, 0.65550, 0.63400, 0.63860
0.63890, 0.65270, 0.62830, 0.64050
0.63990, 0.66040, 0.63050, 0.65790
0.65410, 0.69440, 0.65260, 0.68650
0.68970, 0.70950, 0.68650, 0.69370
0.68930, 0.72290, 0.67690, 0.71470
0.71530, 0.72090, 0.70320, 0.71890
0.72690, 0.73240, 0.71370, 0.72230
0.72440, 0.72490, 0.69530, 0.72270
0.72180, 0.73840, 0.69890, 0.73000
0.73000, 0.77070, 0.73000, 0.76840
0.76840, 0.77120, 0.74660, 0.74880
0.74840, 0.78670, 0.74490, 0.78260
0.78040, 0.80160, 0.77020, 0.80060
0.80410, 0.82640, 0.78740, 0.79300
0.79520, 0.82370, 0.78270, 0.81210
0.80860, 0.81180, 0.78490, 0.80590
0.80470, 0.80870, 0.77890, 0.80770
0.80690, 0.81550, 0.79000, 0.79670
0.79470, 0.80380, 0.77230, 0.77850
0.77870, 0.80720, 0.77020, 0.80220
0.80040, 0.82220, 0.79990, 0.81680
0.81870, 0.83670, 0.81250, 0.83560
0.83540, 0.84720, 0.83380, 0.83700
0.83370, 0.84780, 0.81800, 0.83250
0.82850, 0.83930, 0.81550, 0.83480
0.83620, 0.84710, 0.82390, 0.83960
0.84110, 0.85360, 0.82400, 0.85010
0.85130, 0.86760, 0.85090, 0.86330
0.86200, 0.87750, 0.85440, 0.86720
0.86670, 0.87890, 0.85890, 0.86760
0.86820, 0.88590, 0.85670, 0.86490
0.86660, 0.90900, 0.86450, 0.90330
0.90410, 0.92700, 0.89830, 0.91610
0.91600, 0.93280, 0.91120, 0.92210
0.92010, 0.92770, 0.89450, 0.89940
0.89650, 0.91990, 0.89040, 0.91850
0.92260, 0.93700, 0.91950, 0.93270
0.93360, 0.94060, 0.90610, 0.91440
0.91450, 0.93250, 0.89470, 0.90610
0.91260, 0.93230, 0.90950, 0.91410
0.91300, 0.91950, 0.90140, 0.91260
0.91050, 0.91750, 0.88090, 0.88930
0.89080, 0.89100, 0.87350, 0.88240
0.88460, 0.90080, 0.88230, 0.89710
0.89830, 0.92670, 0.89370, 0.92450
0.92900, 0.93290, 0.91690, 0.92220
0.92070, 0.92790, 0.89820, 0.90050
0.90330, 0.90930, 0.88320, 0.88350
0.88000, 0.89270, 0.85770, 0.86810
0.86740, 0.89200, 0.86130, 0.88750
0.88820, 0.90360, 0.88480, 0.89870
0.90100, 0.90710, 0.88000, 0.89520
0.89570, 0.90930, 0.89350, 0.90740
0.90820, 0.91940, 0.90560, 0.91500
0.91790, 0.92520, 0.90950, 0.91520
0.91540, 0.91980, 0.90010, 0.90400
0.90510, 0.92170, 0.90330, 0.91840
0.91990, 0.93460, 0.91650, 0.93290
0.93820, 0.93880, 0.92230, 0.92390
0.92080, 0.93390, 0.91570, 0.92760
0.92570, 0.93250, 0.91350, 0.92420
0.92270, 0.92750, 0.87080, 0.88810
0.90040, 0.90780, 0.88500, 0.88570
0.88490, 0.88610, 0.80720, 0.83210
0.83160, 0.85510, 0.80660, 0.84720
0.84500, 0.85230, 0.82130, 0.82310
0.81900, 0.85090, 0.80810, 0.85010
0.85280, 0.87300, 0.85060, 0.87180
0.88110, 0.88590, 0.85950, 0.87350
0.87330, 0.87770, 0.83170, 0.84140
0.84040, 0.87910, 0.83170, 0.87730
0.87730, 0.88710, 0.86810, 0.86840
0.86460, 0.89710, 0.86320, 0.89540
0.89520, 0.90690, 0.89030, 0.90410
0.90560, 0.92220, 0.90440, 0.91810
0.91800, 0.92060, 0.89130, 0.89280
0.89160, 0.90790, 0.88410, 0.89390
0.88550, 0.89990, 0.87710, 0.89880
0.90170, 0.91750, 0.88600, 0.91650
0.91480, 0.92770, 0.90920, 0.92640
0.92960, 0.94690, 0.92880, 0.93590
0.93740, 0.96150, 0.93610, 0.95920
0.96080, 0.97490, 0.95590, 0.97190
0.97200, 0.99170, 0.95410, 0.98430
0.98900, 1.00020, 0.97670, 0.99050
0.99240, 0.99570, 0.96620, 0.98260
0.98670, 0.99730, 0.96510, 0.98340
0.98510, 1.01820, 0.98140, 1.01460
1.01470, 1.01730, 0.98250, 0.98460
0.98870, 0.99190, 0.97240, 0.98640
0.98700, 0.99530, 0.96120, 0.96430
0.96790, 0.99380, 0.95370, 0.99270
0.98960, 0.99650, 0.97520, 0.98520
0.98350, 1.00270, 0.98310, 0.98790
0.98780, 1.00650, 0.98620, 1.00440
1.00000, 1.02570, 0.99870, 1.02230
1.01990, 1.02230, 0.99070, 0.99560
0.99230, 1.00190, 0.98040, 0.98850
0.99060, 1.00760, 0.98320, 0.98970
0.98790, 1.00210, 0.98620, 0.99380
0.98860, 1.01990, 0.98660, 1.01370
1.01310, 1.01890, 0.99590, 1.00180
0.99810, 1.01570, 0.99430, 1.01440
1.01350, 1.01780, 0.99660, 1.01760
1.01470, 1.02020, 1.00750, 1.01350
1.01450, 1.01850, 0.99680, 1.01370
1.01430, 1.01520, 0.97040, 0.99550
0.99570, 1.02940, 0.99390, 1.02570
1.02330, 1.03960, 1.02040, 1.03830
1.03970, 1.05810, 1.02880, 1.05610
1.05610, 1.05800, 1.03890, 1.05650
1.05600, 1.07740, 1.04420, 1.07290
1.07370, 1.09770, 1.06770, 1.09660
1.09600, 1.10110, 1.05360, 1.06960
1.07150, 1.08880, 1.05200, 1.05680
1.05700, 1.07100, 1.05050, 1.06560
1.06380, 1.07190, 1.04400, 1.06990
1.07220, 1.07750, 1.05870, 1.07140
1.07110, 1.07670, 1.05260, 1.05350
1.05290, 1.07150, 1.04780, 1.06210
1.05990, 1.06500, 1.04550, 1.04880
1.04790, 1.07890, 1.03900, 1.07670
1.07730, 1.07880, 1.06540, 1.07520
1.07090, 1.07950, 1.05250, 1.06520
1.06270, 1.08750, 1.05600, 1.08540
1.08290, 1.10790, 1.07950, 1.09900
1.10270, 1.10650, 1.03740, 1.04390
1.04240, 1.04450, 0.99260, 1.03550
1.03640, 1.06010, 1.03150, 1.04050
1.03800, 1.05920, 1.03620, 1.05710
1.05850, 1.07640, 1.05600, 1.06410
1.06040, 1.06610, 1.04210, 1.04670
1.04290, 1.04400, 1.01780, 1.03590
1.02990, 1.03150, 0.96680, 0.97810
0.98070, 0.99850, 0.96210, 0.96590
0.96560, 0.98790, 0.93870, 0.97670
0.97510, 1.03450, 0.97500, 1.03380
1.03240, 1.03770, 1.01170, 1.03730
1.03310, 1.07530, 1.03140, 1.06990
1.06990, 1.07150, 1.02020, 1.03730
1.04080, 1.04260, 1.00520, 1.02750
1.03420, 1.03430, 0.99640, 1.00060
0.99960, 1.00130, 0.96640, 0.97090
0.98200, 1.03290, 0.97890, 1.02130
1.02530, 1.03800, 1.00480, 1.02110
1.02070, 1.02150, 0.98610, 0.99810
0.99870, 1.02190, 0.98830, 1.01420
1.01450, 1.02680, 1.00440, 1.02110
1.02220, 1.03860, 1.01900, 1.02280
1.02000, 1.03780, 1.01440, 1.03240
1.02870, 1.04880, 1.02530, 1.04830
1.04780, 1.06880, 1.04280, 1.06550
1.06370, 1.07930, 1.05260, 1.07680
1.07520, 1.08440, 1.06400, 1.06730
1.06860, 1.07990, 1.06290, 1.07050
1.07700, 1.08150, 1.05970, 1.06930
1.07040, 1.08560, 1.06500, 1.07310
1.07400, 1.07450, 1.05090, 1.05750
1.05570, 1.05970, 1.04230, 1.05880
1.05900, 1.06370, 1.03360, 1.04640
1.04620, 1.05580, 1.03040, 1.03430
1.04480, 1.04630, 1.02430, 1.03100
1.02960, 1.04520, 1.02250, 1.03710
1.03710, 1.04180, 1.03040, 1.03760
1.03680, 1.04740, 1.02460, 1.04690
1.04560, 1.04690, 1.01690, 1.01770
1.01520, 1.02200, 1.00170, 1.00170
1.00110, 1.00350, 0.97940, 0.98440
0.98370, 0.99340, 0.96890, 0.97560
0.98130, 0.98970, 0.95810, 0.96940
0.96980, 1.00020, 0.96270, 0.99140
0.99850, 1.00900, 0.98500, 1.00790
1.01140, 1.02240, 1.00080, 1.00630
1.00430, 1.02570, 0.99690, 1.02370
1.02610, 1.03290, 1.01790, 1.02100
1.01960, 1.02810, 1.01000, 1.02250
1.02470, 1.04440, 1.02020, 1.03760
1.03560, 1.04860, 1.01680, 1.04820
1.04680, 1.05780, 1.04340, 1.05670
1.05740, 1.06110, 1.04960, 1.05750
1.05570, 1.05720, 1.04090, 1.04170
1.04290, 1.05430, 1.03740, 1.04030
1.04210, 1.04240, 1.02750, 1.03200
1.02940, 1.03990, 1.01650, 1.03830
1.03660, 1.06230, 1.03210, 1.05490
1.05550, 1.05550, 1.03660, 1.04550
1.04490, 1.04720, 1.03270, 1.03770
1.03660, 1.04010, 1.01500, 1.01840
1.01640, 1.02920, 1.01480, 1.02310
1.02500, 1.04090, 1.02000, 1.03290
1.03190, 1.03950, 1.02340, 1.03720
1.03480, 1.04140, 1.03240, 1.03360
1.03410, 1.04780, 1.03330, 1.03840
1.03920, 1.04570, 1.02860, 1.03370
1.03490, 1.04690, 1.03360, 1.04590
1.04570, 1.04880, 1.04000, 1.04260
1.04260, 1.05140, 1.03920, 1.04850
1.04830, 1.05840, 1.04600, 1.05640
1.05560, 1.05720, 1.03930, 1.03980
1.04030, 1.04140, 1.03430, 1.03710
1.03720, 1.05250, 1.03630, 1.04780
1.05080, 1.05970, 1.04660, 1.05340
1.05310, 1.05780, 1.04840, 1.05080
1.04990, 1.05770, 1.04010, 1.04220
1.04150, 1.04750, 1.03590, 1.04030
1.04160, 1.04560, 1.02540, 1.03160
1.03070, 1.03730, 1.02250, 1.03030
1.02800, 1.03660, 1.02190, 1.03190
1.02900, 1.03260, 1.01800, 1.02010
1.01970, 1.02990, 1.01140, 1.02340
1.02040, 1.04120, 1.02020, 1.04070
1.03570, 1.04580, 1.03420, 1.04420
1.04450, 1.04950, 1.03950, 1.04180
1.04100, 1.04950, 1.03530, 1.03830
1.03690, 1.05800, 1.03460, 1.05070
1.05010, 1.05220, 1.02670, 1.02750
1.02730, 1.03380, 1.02190, 1.02780
1.02870, 1.03830, 1.02200, 1.03160
1.03040, 1.03060, 0.99590, 1.00230
1.00080, 1.00090, 0.97100, 0.97280
0.97570, 0.98410, 0.95920, 0.96450
0.96500, 0.96960, 0.95260, 0.95700
0.96020, 0.97900, 0.94270, 0.94950
0.93980, 0.96560, 0.93240, 0.95700
0.95680, 0.96390, 0.91610, 0.92090
0.92330, 0.93430, 0.91120, 0.91350
0.91300, 0.92510, 0.90350, 0.90640
0.90510, 0.93040, 0.89970, 0.90470
0.90780, 0.92900, 0.90340, 0.91710
0.91760, 0.93170, 0.91270, 0.92640
0.92550, 0.92850, 0.88690, 0.89010
0.89080, 0.92130, 0.88460, 0.91950
0.91790, 0.92190, 0.90560, 0.91820
0.91850, 0.92310, 0.89300, 0.90240
0.90260, 0.90680, 0.88900, 0.89040
0.89310, 0.92150, 0.89220, 0.91830
0.91990, 0.93520, 0.91650, 0.92440
0.93450, 0.95270, 0.92830, 0.93960
0.93750, 0.94550, 0.92960, 0.93150
0.93050, 0.94570, 0.92790, 0.94290
0.94310, 0.94830, 0.93860, 0.94680
0.94310, 0.96750, 0.94300, 0.96750
0.96620, 0.97560, 0.95700, 0.95840
0.95850, 0.96210, 0.94200, 0.94360
0.94430, 0.95410, 0.93510, 0.93830
0.93790, 0.93890, 0.92670, 0.93680
0.93720, 0.94460, 0.91420, 0.91700
0.91660, 0.92020, 0.90540, 0.91080
0.91170, 0.91660, 0.89880, 0.91010
0.91120, 0.91650, 0.89080, 0.89630
0.89460, 0.89680, 0.88190, 0.89180
0.89200, 0.89560, 0.88600, 0.88660
0.88460, 0.90030, 0.88320, 0.89450
0.89480, 0.90030, 0.88630, 0.89940
0.89870, 0.90840, 0.87620, 0.87820
0.87730, 0.88860, 0.86580, 0.86840
0.86910, 0.88240, 0.86750, 0.87530
0.87600, 0.89970, 0.87290, 0.89570
0.89500, 0.90650, 0.89050, 0.90290
0.90480, 0.90790, 0.89350, 0.89750
0.89690, 0.90470, 0.89020, 0.89300
0.89030, 0.91320, 0.88890, 0.90680
0.90520, 0.91020, 0.89220, 0.90300
0.90140, 0.91350, 0.89930, 0.90790
0.90950, 0.92930, 0.90470, 0.92460
0.92500, 0.93060, 0.92040, 0.92900
0.92820, 0.94590, 0.92520, 0.93940
0.93900, 0.94240, 0.93190, 0.93300
0.93300, 0.93760, 0.92500, 0.92780
0.92710, 0.93150, 0.92010, 0.92750
0.92810, 0.93920, 0.92510, 0.93580
0.93560, 0.94070, 0.93250, 0.93610
0.93640, 0.93670, 0.92070, 0.92290
0.92310, 0.93280, 0.92100, 0.93100
0.93070, 0.93570, 0.92280, 0.93330
0.93360, 0.94360, 0.93330, 0.93990
0.94020, 0.94300, 0.93200, 0.93860
0.93770, 0.94430, 0.93530, 0.94220
0.94210, 0.95030, 0.93270, 0.93620
0.93590, 0.94540, 0.93400, 0.93880
0.93810, 0.94090, 0.93280, 0.93930
0.93960, 0.94690, 0.93590, 0.93950
0.93950, 0.94140, 0.92730, 0.93150
0.93100, 0.93720, 0.92370, 0.92750
0.92750, 0.93320, 0.92460, 0.93190
0.93150, 0.93420, 0.92360, 0.93140
0.93060, 0.93720, 0.92700, 0.93350
0.93220, 0.94000, 0.92610, 0.93760
0.93630, 0.93720, 0.90290, 0.90350
0.90110, 0.91110, 0.89190, 0.89240
0.89300, 0.89480, 0.87460, 0.87640
0.87530, 0.88250, 0.86410, 0.86740
0.86750, 0.88970, 0.86510, 0.86870
0.86930, 0.88580, 0.86500, 0.87480
0.87570, 0.88310, 0.87170, 0.87980
0.88020, 0.89090, 0.87540, 0.87950
0.87530, 0.87600, 0.85390, 0.86330
0.86450, 0.87710, 0.85890, 0.87480
0.87730, 0.87940, 0.85650, 0.86700
0.86740, 0.86990, 0.84780, 0.85050
0.84690, 0.85400, 0.83130, 0.83250
0.83080, 0.83740, 0.82130, 0.82400
0.82450, 0.82730, 0.81050, 0.81440
0.81430, 0.81710, 0.80860, 0.81190
0.81220, 0.82140, 0.80760, 0.80890
0.80650, 0.82070, 0.80310, 0.82020
0.82100, 0.82930, 0.80660, 0.82250
0.82180, 0.82420, 0.78790, 0.79140
0.78770, 0.80230, 0.77180, 0.77650
0.77550, 0.78750, 0.76240, 0.77950
0.77590, 0.78400, 0.76420, 0.77660
0.77720, 0.78470, 0.77390, 0.78440
0.78470, 0.79110, 0.77380, 0.78090
0.78050, 0.78590, 0.77040, 0.77130
0.77100, 0.77380, 0.75590, 0.76350
0.76250, 0.78460, 0.75890, 0.77720
0.77950, 0.79370, 0.77430, 0.77480
0.77320, 0.77450, 0.75310, 0.76280
0.76390, 0.77370, 0.75750, 0.76760
0.76680, 0.78410, 0.75510, 0.77810
0.78240, 0.78390, 0.76810, 0.78200
0.78210, 0.80740, 0.77900, 0.78450
0.78310, 0.80290, 0.77880, 0.79330
0.79210, 0.81610, 0.78740, 0.80340
0.80390, 0.80500, 0.78090, 0.78310
0.78240, 0.78380, 0.76160, 0.76420
0.76370, 0.78170, 0.75960, 0.76180
0.76230, 0.77910, 0.76010, 0.77270
0.77480, 0.78470, 0.76420, 0.77720
0.77640, 0.77950, 0.76290, 0.76540
0.76230, 0.77370, 0.75070, 0.75140
0.74740, 0.75310, 0.73700, 0.74430
0.74150, 0.74870, 0.73480, 0.73700
0.73770, 0.74480, 0.72580, 0.72830
0.72710, 0.73650, 0.72330, 0.73000
0.73100, 0.74270, 0.72580, 0.74180
0.74120, 0.74380, 0.72140, 0.73750
0.73760, 0.73870, 0.72830, 0.73130
0.73020, 0.73100, 0.70380, 0.71690
0.71510, 0.71620, 0.69070, 0.69070
0.69240, 0.70980, 0.69110, 0.70900
0.70790, 0.72780, 0.70610, 0.71920
0.71830, 0.71950, 0.69370, 0.70270
0.70260, 0.70830, 0.69350, 0.70510
0.70500, 0.73420, 0.70410, 0.73310
0.73200, 0.73800, 0.71970, 0.72660
0.72550, 0.73060, 0.71810, 0.72140
0.72070, 0.72680, 0.70660, 0.71350
0.71190, 0.72220, 0.70210, 0.70410
0.70260, 0.71570, 0.70140, 0.71260
0.71210, 0.72490, 0.70670, 0.72360
0.72290, 0.72810, 0.71570, 0.71910
0.71910, 0.73830, 0.71690, 0.73370
0.73370, 0.73410, 0.71700, 0.71860
0.72000, 0.72810, 0.70950, 0.71710
0.71690, 0.72790, 0.71530, 0.72710
0.72780, 0.73260, 0.72430, 0.73120
0.72860, 0.72990, 0.69490, 0.69500
0.69690, 0.70470, 0.68250, 0.68590
0.68410, 0.70440, 0.68260, 0.70020
0.70030, 0.71390, 0.69170, 0.70820
0.70800, 0.72410, 0.70010, 0.70630
0.70690, 0.71520, 0.69720, 0.71060
0.71030, 0.71850, 0.70670, 0.71470
0.71550, 0.72570, 0.71160, 0.71250
0.71210, 0.74410, 0.71070, 0.74360
0.74030, 0.75820, 0.73910, 0.75610
0.75480, 0.76790, 0.74130, 0.76000
0.75930, 0.76470, 0.74750, 0.75060
0.75130, 0.77210, 0.74910, 0.76760
0.76680, 0.76760, 0.74900, 0.75510
0.75450, 0.77350, 0.75260, 0.77220
0.76610, 0.78330, 0.76300, 0.77080
0.76970, 0.77640, 0.75470, 0.76040
0.75940, 0.77180, 0.73360, 0.73660
0.73550, 0.74000, 0.72520, 0.72670
0.72520, 0.73650, 0.71740, 0.72210
0.72230, 0.72580, 0.71430, 0.71830
0.71770, 0.73670, 0.71470, 0.73640
0.73680, 0.75030, 0.73130, 0.73750
0.73740, 0.74440, 0.72830, 0.73950
0.74320, 0.76460, 0.73030, 0.74720
0.74190, 0.75010, 0.73230, 0.74960
0.74450, 0.75710, 0.74060, 0.75670
0.75650, 0.76740, 0.75200, 0.75760
0.75940, 0.76050, 0.74410, 0.74630
0.74610, 0.76080, 0.74190, 0.76000
0.75900, 0.76620, 0.74860, 0.76160
0.76150, 0.77540, 0.75960, 0.76490
0.76550, 0.77480, 0.75970, 0.76240
0.76030, 0.76900, 0.75490, 0.75620
0.75580, 0.76140, 0.74880, 0.75700
0.75670, 0.77300, 0.75360, 0.75370
0.75380, 0.75660, 0.74400, 0.74910
0.74790, 0.76730, 0.74770, 0.76210
0.76160, 0.77080, 0.75880, 0.76570
0.76570, 0.76908, 0.75530, 0.75864
0.76025, 0.76474, 0.75063, 0.76152
0.76179, 0.77339, 0.75811, 0.76055
0.76058, 0.77087, 0.75575, 0.75952
0.75939, 0.76969, 0.75829, 0.76688
0.76759, 0.77780, 0.75251, 0.75473
0.75417, 0.75810, 0.73302, 0.73359
0.73298, 0.74679, 0.73110, 0.74302
0.74370, 0.74974, 0.73698, 0.74536
0.74477, 0.75076, 0.74110, 0.74464
0.74433, 0.75244, 0.72660, 0.72937
0.72814, 0.73126, 0.71598, 0.71737
0.71606, 0.72460, 0.71600, 0.71983
0.71913, 0.73565, 0.71616, 0.72944
0.72927, 0.75182, 0.72869, 0.74981
0.74805, 0.75885, 0.74581, 0.75542
0.75504, 0.76089, 0.75111, 0.75456
0.75552, 0.76959, 0.75275, 0.76810
0.76753, 0.76885, 0.76054, 0.76739
0.76767, 0.77320, 0.76178, 0.76649
0.76677, 0.77406, 0.76495, 0.76682
0.76797, 0.77076, 0.75428, 0.75946
0.75869, 0.76325, 0.74910, 0.75403
0.75453, 0.77190, 0.75338, 0.77023
0.76986, 0.77494, 0.76037, 0.76215
0.76356, 0.76793, 0.75872, 0.76261
0.76250, 0.76400, 0.74938, 0.74997
0.74902, 0.75953, 0.74729, 0.75754
0.75734, 0.76104, 0.74910, 0.75419
0.75836, 0.75849, 0.74399, 0.74878
0.74674, 0.75559, 0.73672, 0.74145
0.74105, 0.74243, 0.73286, 0.73856
0.73899, 0.74693, 0.73845, 0.74551
0.74488, 0.75170, 0.74217, 0.74446
0.74366, 0.74755, 0.73707, 0.74402
0.74234, 0.75664, 0.74209, 0.75271
0.75296, 0.76353, 0.75214, 0.76162
0.76151, 0.76290, 0.75341, 0.75673
0.75615, 0.77119, 0.75615, 0.76866
0.76815, 0.76950, 0.75708, 0.76034
0.75976, 0.78337, 0.75862, 0.78265
0.78256, 0.79884, 0.77860, 0.79120
0.79026, 0.80652, 0.78776, 0.79845
0.79755, 0.80425, 0.78910, 0.79278
0.79156, 0.79482, 0.78387, 0.78906
0.78899, 0.79625, 0.78074, 0.79249
0.79243, 0.79539, 0.78661, 0.79310
0.79215, 0.79954, 0.78710, 0.79677
0.79458, 0.81246, 0.79408, 0.80524
0.80561, 0.80582, 0.79552, 0.80006
0.79978, 0.81024, 0.79079, 0.79611
0.79507, 0.79733, 0.77994, 0.78295
0.78350, 0.78746, 0.77327, 0.77757
0.77689, 0.78970, 0.77472, 0.78885
0.78831, 0.78893, 0.78080, 0.78137
0.78199, 0.78341, 0.76248, 0.76759
0.76720, 0.77295, 0.76389, 0.76477
0.76479, 0.77003, 0.76271, 0.76575
0.76506, 0.76653, 0.75356, 0.75621
0.75640, 0.76383, 0.75318, 0.76108
0.76148, 0.76444, 0.75510, 0.76100
0.75908, 0.76534, 0.75010, 0.75082
0.75061, 0.76942, 0.75028, 0.76379
0.76427, 0.77206, 0.76404, 0.77143
0.77199, 0.78247, 0.77121, 0.78007
0.78351, 0.78744, 0.78050, 0.78608
0.78608, 0.79242, 0.78073, 0.79139
0.79008, 0.80384, 0.79008, 0.79831
0.80002, 0.81354, 0.79562, 0.81069
0.80988, 0.81178, 0.79177, 0.79202
0.79117, 0.79535, 0.77588, 0.78117
0.78140, 0.79882, 0.77728, 0.79080
0.79069, 0.79349, 0.77902, 0.78391
0.78372, 0.78930, 0.77124, 0.77613
0.77604, 0.78537, 0.77254, 0.78454
0.78492, 0.79161, 0.77092, 0.77112
0.77130, 0.77853, 0.76720, 0.76944
0.77025, 0.77577, 0.76427, 0.76776
0.76859, 0.77262, 0.76494, 0.76743
0.76769, 0.78096, 0.76518, 0.77600
0.77661, 0.78125, 0.76552, 0.76692
0.76654, 0.76824, 0.75317, 0.75814
0.75760, 0.75819, 0.74723, 0.75381
0.75410, 0.75665, 0.74121, 0.75401
0.75401, 0.75647, 0.74469, 0.75078
0.75200, 0.76050, 0.75025, 0.75471
0.75594, 0.75929, 0.74759, 0.75660
0.75617, 0.76764, 0.75576, 0.75966
0.75882, 0.76234, 0.74385, 0.74413
0.74399, 0.74542, 0.73453, 0.74391
0.74345, 0.74423, 0.73225, 0.74063
0.74059, 0.74438, 0.73100, 0.74250
0.74322, 0.74836, 0.73599, 0.74223
0.74183, 0.74422, 0.73178, 0.74172
0.74188, 0.74642, 0.73593, 0.73999
0.73975, 0.74405, 0.73480, 0.73966
0.73951, 0.74529, 0.72800, 0.72927
0.72747, 0.73188, 0.72021, 0.73151
0.73118, 0.73813, 0.72376, 0.73235
0.73222, 0.73623, 0.71755, 0.71898
0.71893, 0.72354, 0.70984, 0.71015
0.71019, 0.72290, 0.70849, 0.71511
0.71526, 0.73038, 0.71416, 0.72880
0.72613, 0.73151, 0.72020, 0.72154
0.72241, 0.72378, 0.70423, 0.70490
0.70531, 0.71395, 0.70409, 0.71156
0.71109, 0.71594, 0.70886, 0.71191
0.71133, 0.71251, 0.70208, 0.70866
0.70906, 0.72583, 0.70504, 0.71969
0.71902, 0.73024, 0.71824, 0.72239
0.72182, 0.73373, 0.71640, 0.73294
0.73082, 0.73255, 0.72022, 0.72258
0.72263, 0.73443, 0.71990, 0.73126
0.73772, 0.73932, 0.71912, 0.71989
0.71830, 0.72464, 0.71509, 0.71745
0.71715, 0.72033, 0.70262, 0.70315
0.70372, 0.70774, 0.70164, 0.70357
0.70410, 0.71243, 0.65467, 0.71178
0.71137, 0.72348, 0.71089, 0.72155
0.72084, 0.72255, 0.71465, 0.71605
0.71645, 0.71849, 0.70756, 0.71783
0.71749, 0.72951, 0.71376, 0.72472
0.72460, 0.72645, 0.70602, 0.70872
0.70862, 0.71482, 0.70538, 0.71382
0.71343, 0.72067, 0.70697, 0.71255
0.71347, 0.71986, 0.70692, 0.70761
0.71085, 0.71085, 0.70028, 0.70433
0.70354, 0.70977, 0.70263, 0.70815
0.70837, 0.71679, 0.70564, 0.70795
0.70798, 0.71474, 0.70631, 0.70945
0.71171, 0.71317, 0.70523, 0.71033
0.70997, 0.71921, 0.70873, 0.71717
0.71702, 0.72054, 0.71364, 0.71496
0.71467, 0.71517, 0.69879, 0.70359
0.70337, 0.70686, 0.69832, 0.70231
0.69682, 0.70480, 0.69627, 0.69980
0.69882, 0.70014, 0.68645, 0.68651
0.69106, 0.69344, 0.68645, 0.69264
0.69324, 0.69439, 0.68985, 0.69337
0.69351, 0.70220, 0.69248, 0.69996
0.70013, 0.70066, 0.68611, 0.68695
0.68717, 0.69376, 0.68315, 0.69253
0.69297, 0.70223, 0.69288, 0.70200
0.70252, 0.70476, 0.69549, 0.69762
0.69748, 0.70245, 0.69103, 0.70180
0.70183, 0.70818, 0.69961, 0.70421
0.70387, 0.70571, 0.69025, 0.69090
0.69048, 0.69161, 0.67627, 0.67964
0.67908, 0.68217, 0.66765, 0.67831
0.67798, 0.68182, 0.67354, 0.67755
0.67765, 0.67990, 0.67357, 0.67485
0.67358, 0.67878, 0.66892, 0.67357
0.67236, 0.68614, 0.66874, 0.68489
0.68369, 0.68945, 0.68369, 0.68761
0.68611, 0.68837, 0.67600, 0.67633
0.67713, 0.68060, 0.67387, 0.67642
0.67605, 0.67761, 0.66705, 0.67649
0.67524, 0.68103, 0.67101, 0.67909
0.67868, 0.68566, 0.67233, 0.68546
0.68449, 0.68826, 0.68089, 0.68202
0.68222, 0.69295, 0.68106, 0.69121
0.69131, 0.69278, 0.68474, 0.68578
0.68545, 0.68652, 0.67694, 0.68198
0.68123, 0.68345, 0.67802, 0.67833
0.67889, 0.67990, 0.67517, 0.67551
0.67671, 0.68618, 0.67613, 0.68410
0.68304, 0.69378, 0.68000, 0.68722
0.68819, 0.69065, 0.68380, 0.68983
0.68923, 0.69869, 0.68908, 0.69794
0.69781, 0.70317, 0.69300, 0.69446
0.69374, 0.69575, 0.68489, 0.68979
0.68954, 0.69335, 0.68703, 0.68731
0.68709, 0.68884, 0.68172, 0.68238
0.68098, 0.68182, 0.66826, 0.66857
0.66820, 0.67739, 0.66619, 0.66730
0.66632, 0.67501, 0.66632, 0.67124
0.67195, 0.67334, 0.65858, 0.66261
0.65864, 0.66224, 0.64340, 0.65045
0.64717, 0.66573, 0.64717, 0.66392
0.65958, 0.66846, 0.61227, 0.61764
0.62418, 0.62798, 0.55062, 0.57999
0.58026, 0.62004, 0.56992, 0.61642
0.61455, 0.62135, 0.59799, 0.59929
0.60076, 0.63677, 0.59891, 0.63469
0.63427, 0.64447, 0.62638, 0.63614
0.63583, 0.64060, 0.62534, 0.63952
0.63762, 0.65698, 0.63762, 0.64197
0.64068, 0.65480, 0.63727, 0.65298
0.65211, 0.65615, 0.64021, 0.64155
0.64162, 0.66161, 0.64090, 0.65346
0.65300, 0.66832, 0.65197, 0.66675
0.66553, 0.70130, 0.66479, 0.69650
0.69601, 0.70643, 0.67996, 0.68720
0.68368, 0.69759, 0.67755, 0.68338
0.68069, 0.69739, 0.68069, 0.68601
0.68521, 0.69514, 0.68318, 0.69373
0.69245, 0.70002, 0.69212, 0.69462
0.69460, 0.70369, 0.69203, 0.69945
0.69830, 0.71815, 0.69720, 0.71045
0.70836, 0.72263, 0.70836, 0.71409
0.71239, 0.72424, 0.70755, 0.71583
0.71572, 0.71888, 0.71083, 0.71715
0.71586, 0.72748, 0.71349, 0.71579
0.71460, 0.73647, 0.71446, 0.73640
0.73541, 0.74127, 0.72212, 0.72840
0.72812, 0.73237, 0.71912, 0.72806
0.72710, 0.73442, 0.72531, 0.72881
0.72946, 0.73233, 0.70048, 0.70292
0.70259, 0.72082, 0.70237, 0.71621
0.71598, 0.72419, 0.70940, 0.72397
0.72233, 0.72340, 0.70552, 0.70758
0.70663, 0.71573, 0.70199, 0.71360
0.71357, 0.71563, 0.70015, 0.70249
0.70180, 0.72885, 0.69901, 0.72601
0.72715, 0.73392, 0.72206, 0.72681
0.72647, 0.73388, 0.72536, 0.73016
0.72995, 0.73981, 0.72644, 0.73749
0.73797, 0.74487, 0.73368, 0.74255
0.74286, 0.75711, 0.73715, 0.75316
0.75466, 0.76388, 0.75064, 0.76215
0.75823, 0.76058, 0.74611, 0.75981
0.75991, 0.77413, 0.75562, 0.76984
0.76962, 0.78192, 0.76415, 0.77649
0.77511, 0.78046, 0.76653, 0.77011
0.77007, 0.77813, 0.76581, 0.77118
0.77079, 0.77628, 0.75909, 0.76410
0.76216, 0.76780, 0.75629, 0.76765
0.76655, 0.77708, 0.76504, 0.77588
0.77594, 0.78762, 0.77235, 0.78676
0.78690, 0.80062, 0.76912, 0.77028
0.77052, 0.78373, 0.76205, 0.76805
0.76900, 0.77999, 0.76204, 0.77551
0.77554, 0.78484, 0.76984, 0.77449
0.77156, 0.77556, 0.75624, 0.76398
0.76317, 0.76632, 0.75312, 0.76057
0.76021, 0.76762, 0.75871, 0.76180
0.76134, 0.77602, 0.75833, 0.77331
0.77266, 0.78150, 0.76898, 0.77478
0.77393, 0.78171, 0.76952, 0.77102
0.77140, 0.78618, 0.76740, 0.78426
0.78525, 0.78900, 0.76874, 0.77818
0.77743, 0.78127, 0.77097, 0.77292
0.77275, 0.77952, 0.76764, 0.77070
0.77095, 0.77723, 0.76446, 0.77422
0.77302, 0.77748, 0.76874, 0.77017
0.77040, 0.77251, 0.74780, 0.74784
0.74828, 0.76159, 0.74768, 0.75919
0.75767, 0.76009, 0.74431, 0.75243
0.75185, 0.75981, 0.74090, 0.74886
0.74823, 0.75019, 0.73912, 0.73951
0.74000, 0.74022, 0.72885, 0.73620
0.73649, 0.74127, 0.73157, 0.73457
0.73330, 0.74259, 0.73282, 0.73522
0.73488, 0.73882, 0.73150, 0.73679
0.73623, 0.73714, 0.71050, 0.71386
0.71218, 0.73158, 0.71111, 0.73090
0.73028, 0.74772, 0.72836, 0.74480
0.74477, 0.74675, 0.73441, 0.73516
0.73494, 0.73748, 0.72609, 0.72627
0.72607, 0.73156, 0.72193, 0.72595
0.72488, 0.73100, 0.71694, 0.72604
0.72620, 0.73372, 0.72251, 0.73081
0.73053, 0.74391, 0.72913, 0.74190
0.74134, 0.75455, 0.73777, 0.74660
0.74642, 0.75548, 0.74602, 0.75196
0.75097, 0.75351, 0.73590, 0.73925
0.73948, 0.74308, 0.72757, 0.73296
0.73211, 0.73697, 0.72261, 0.72293
0.72306, 0.72726, 0.71113, 0.71121
0.71274, 0.71720, 0.69922, 0.69946
0.69903, 0.71859, 0.69903, 0.71672
0.71633, 0.72227, 0.70892, 0.71254
0.71271, 0.72507, 0.70814, 0.72213
0.72251, 0.72763, 0.72047, 0.72743
0.72621, 0.72762, 0.71290, 0.71807
0.71699, 0.73134, 0.71481, 0.72155
0.72172, 0.72756, 0.71691, 0.71742
0.71705, 0.71867, 0.69666, 0.69948
0.69877, 0.71676, 0.69864, 0.70765
0.70769, 0.72477, 0.70644, 0.71356
0.71290, 0.72269, 0.70853, 0.71775
0.71703, 0.72829, 0.70936, 0.72315
0.71758, 0.73798, 0.71667, 0.73731
0.73695, 0.74401, 0.72443, 0.72929
0.72887, 0.74169, 0.71643, 0.74126
0.74021, 0.75360, 0.73729, 0.75122
0.75056, 0.75390, 0.74550, 0.74944
0.74847, 0.76600, 0.74254, 0.74583
0.74555, 0.74927, 0.73900, 0.73901
0.73890, 0.74573, 0.72338, 0.72425
0.72466, 0.72492, 0.70540, 0.70591
0.70688, 0.72651, 0.70293, 0.70690
0.70642, 0.70672, 0.68279, 0.69389
0.69210, 0.70723, 0.68712, 0.70447
0.70442, 0.71659, 0.70345, 0.71571
0.71573, 0.72820, 0.71398, 0.72067
0.72092, 0.72447, 0.70365, 0.70420
0.70366, 0.70682, 0.68495, 0.69355
0.69155, 0.69950, 0.68681, 0.69416
0.69412, 0.69636, 0.67628, 0.68140
0.68082, 0.68939, 0.67607, 0.68516
0.68434, 0.68531, 0.66805, 0.67911
0.67887, 0.69763, 0.67874, 0.69236
0.69202, 0.70308, 0.68759, 0.69916
0.69717, 0.70461, 0.68685, 0.69096
0.69012, 0.71359, 0.68970, 0.71209
0.71154, 0.71240, 0.68582, 0.68719
0.68700, 0.70081, 0.68552, 0.68895
0.68777, 0.69552, 0.67702, 0.68061
0.67805, 0.68763, 0.66982, 0.68445
0.68321, 0.69152, 0.66691, 0.67163
0.67127, 0.67464, 0.65104, 0.65277
0.65149, 0.65366, 0.63622, 0.63967
0.63998, 0.65464, 0.63534, 0.63590
0.63626, 0.63793, 0.61693, 0.62016
0.62060, 0.63919, 0.62016, 0.63782
0.63967, 0.65211, 0.62715, 0.64106
0.63980, 0.64913, 0.62713, 0.64672
0.64241, 0.67161, 0.63854, 0.67064
0.66987, 0.67968, 0.66333, 0.66685
0.66650, 0.67799, 0.65839, 0.67425
0.67207, 0.68436, 0.66394, 0.67930
0.67896, 0.68500, 0.66677, 0.67962
0.67852, 0.68924, 0.66746, 0.66868
0.67043, 0.67661, 0.66284, 0.67144
0.67203, 0.68199, 0.67046, 0.68161
0.68018, 0.68860, 0.66870, 0.68755
0.68774, 0.69933, 0.68589, 0.69746
0.69681, 0.70625, 0.68709, 0.69674
0.69619, 0.71415, 0.69588, 0.71082
0.70975, 0.71566, 0.69181, 0.69214
0.68962, 0.70104, 0.68547, 0.69187
0.69171, 0.70282, 0.68107, 0.68769
0.68689, 0.69199, 0.67176, 0.67248
0.67265, 0.67828, 0.66941, 0.67678
0.67533, 0.67688, 0.65633, 0.65813
0.66014, 0.67240, 0.65889, 0.66918
0.67141, 0.67580, 0.66241, 0.66425
0.66505, 0.67370, 0.66330, 0.66849
0.66830, 0.67924, 0.66400, 0.66609
0.66502, 0.68046, 0.66184, 0.67089
0.66990, 0.67709, 0.66769, 0.66920
0.66900, 0.67047, 0.65725, 0.66142
0.66089, 0.67560, 0.66066, 0.67521
0.67474, 0.68174, 0.66354, 0.66404
0.66441, 0.67087, 0.66042, 0.66485
0.66399, 0.66668, 0.64896, 0.65169
0.65182, 0.66377, 0.64574, 0.66038
0.66018, 0.67498, 0.65785, 0.67412
0.67338, 0.68988, 0.67306, 0.68739
0.68762, 0.68815, 0.66619, 0.66745
0.66774, 0.67198, 0.65945, 0.66585
0.66598, 0.67045, 0.65982, 0.66889
0.66804, 0.68941, 0.66227, 0.68369
0.68303, 0.68458, 0.67216, 0.67301
0.67271, 0.68203, 0.66217, 0.66456
0.66435, 0.67385, 0.65133, 0.65677
0.65716, 0.66157, 0.64851, 0.64936
0.64914, 0.64914, 0.64914, 0.64914