0.76745, 0.77063, 0.76721, 0.76776
0.76859, 0.76947, 0.76494, 0.76605
0.76560, 0.77067, 0.76518, 0.76836
0.76833, 0.77212, 0.76626, 0.77159
0.77126, 0.77262, 0.76738, 0.76842
0.76839, 0.76993, 0.76574, 0.76743
0.76769, 0.77107, 0.76518, 0.77006
0.76941, 0.77677, 0.76933, 0.77619
0.77619, 0.77727, 0.77393, 0.77576
0.77546, 0.77714, 0.77379, 0.77551
0.77538, 0.78096, 0.77522, 0.77600
0.77661, 0.77831, 0.77520, 0.77809
0.77800, 0.77910, 0.77599, 0.77693
0.77684, 0.77975, 0.77441, 0.77826
0.77833, 0.78125, 0.77188, 0.77289
0.77271, 0.77317, 0.76552, 0.76692
0.76654, 0.76824, 0.75991, 0.76036
0.76037, 0.76204, 0.75783, 0.76025
0.76026, 0.76059, 0.75517, 0.75639
0.75637, 0.75886, 0.75468, 0.75521
0.75525, 0.75836, 0.75317, 0.75814
0.75760, 0.75819, 0.75250, 0.75290
0.75286, 0.75461, 0.74723, 0.74880
0.74878, 0.75371, 0.74751, 0.74916
0.74913, 0.75425, 0.74851, 0.75315
0.75299, 0.75602, 0.74919, 0.75381
0.75410, 0.75426, 0.74929, 0.75162
0.75122, 0.75277, 0.74335, 0.74516
0.74510, 0.74723, 0.74121, 0.74592
0.74545, 0.75394, 0.74484, 0.75331
0.75284, 0.75665, 0.75224, 0.75401
0.75401, 0.75647, 0.75245, 0.75249
0.75227, 0.75373, 0.74476, 0.74717
0.74683, 0.75225, 0.74469, 0.75147
0.75126, 0.75472, 0.74974, 0.75094
0.75067, 0.75277, 0.74881, 0.75078
0.75200, 0.75861, 0.75025, 0.75819
0.75787, 0.76050, 0.75658, 0.75771
0.75732, 0.75826, 0.75222, 0.75586
0.75565, 0.75823, 0.75418, 0.75770
0.75749, 0.75898, 0.75424, 0.75471
0.75594, 0.75807, 0.75395, 0.75455
0.75448, 0.75524, 0.74978, 0.75058
0.75046, 0.75835, 0.74759, 0.75774
0.75753, 0.75929, 0.75524, 0.75675
0.75658, 0.75731, 0.75137, 0.75660
0.75617, 0.76660, 0.75576, 0.76475
0.76473, 0.76558, 0.75945, 0.76158
0.76158, 0.76764, 0.76119, 0.76672
0.76672, 0.76728, 0.76121, 0.76225
0.76230, 0.76270, 0.75605, 0.75966
0.75882, 0.76214, 0.75882, 0.76104
0.76101, 0.76234, 0.75654, 0.75741
0.75741, 0.76087, 0.75290, 0.75795
0.75786, 0.75823, 0.74757, 0.74761
0.74765, 0.74803, 0.74385, 0.74413
0.74399, 0.74542, 0.74132, 0.74231
0.74227, 0.74267, 0.73471, 0.73821
0.73821, 0.74086, 0.73665, 0.73681
0.73681, 0.73936, 0.73453, 0.73776
0.73776, 0.74435, 0.73728, 0.74391
0.74345, 0.74423, 0.73961, 0.74124
0.74124, 0.74229, 0.73797, 0.73916
0.73915, 0.74069, 0.73225, 0.73399
0.73399, 0.73620, 0.73296, 0.73535
0.73535, 0.74092, 0.73354, 0.74063
0.74059, 0.74080, 0.73100, 0.73396
0.73396, 0.74041, 0.73142, 0.73855
0.73854, 0.74242, 0.73742, 0.73820
0.73820, 0.74079, 0.73611, 0.73873
0.73873, 0.74438, 0.73758, 0.74250
0.74322, 0.74835, 0.74278, 0.74649
0.74649, 0.74836, 0.74301, 0.74600
0.74599, 0.74599, 0.73636, 0.73670
0.73666, 0.74193, 0.73599, 0.74075
0.74075, 0.74233, 0.73679, 0.74223
0.74183, 0.74422, 0.74088, 0.74204
0.74204, 0.74381, 0.73755, 0.73876
0.73876, 0.74075, 0.73430, 0.73974
0.73974, 0.74419, 0.73223, 0.73546
0.73546, 0.74311, 0.73178, 0.74172
0.74188, 0.74373, 0.73713, 0.73802
0.73801, 0.74339, 0.73593, 0.74162
0.74168, 0.74642, 0.73918, 0.74547
0.74547, 0.74628, 0.73718, 0.73766
0.73763, 0.74144, 0.73698, 0.73999
0.73975, 0.74131, 0.73854, 0.74074
0.74070, 0.74405, 0.74023, 0.74276
0.74262, 0.74289, 0.73896, 0.74037
0.74038, 0.74111, 0.73549, 0.73621
0.73615, 0.74113, 0.73480, 0.73966
0.73951, 0.74053, 0.73739, 0.73870
0.73862, 0.74394, 0.73812, 0.74192
0.74192, 0.74391, 0.73830, 0.74329
0.74182, 0.74529, 0.73734, 0.73736
0.73738, 0.73795, 0.72800, 0.72927
0.72747, 0.72997, 0.72563, 0.72722
0.72717, 0.72831, 0.72239, 0.72376
0.72377, 0.72475, 0.72021, 0.72392
0.72391, 0.72865, 0.72138, 0.72611
0.72611, 0.73188, 0.72524, 0.73151
0.73118, 0.73434, 0.72957, 0.73383
0.73363, 0.73813, 0.73326, 0.73648
0.73601, 0.73700, 0.73334, 0.73514
0.73505, 0.73563, 0.72404, 0.72492
0.72491, 0.73442, 0.72376, 0.73235
0.73222, 0.73563, 0.73071, 0.73461
0.73488, 0.73623, 0.73211, 0.73362
0.73362, 0.73487, 0.72746, 0.73092
0.73099, 0.73143, 0.72492, 0.72631
0.72631, 0.72673, 0.71755, 0.71898
0.71893, 0.72233, 0.71656, 0.72129
0.72134, 0.72354, 0.71571, 0.71772
0.71772, 0.72184, 0.71442, 0.71950
0.71947, 0.72108, 0.71659, 0.71965
0.71968, 0.72013, 0.70984, 0.71015
0.71019, 0.71315, 0.70989, 0.71129
0.71126, 0.71284, 0.70849, 0.71208
0.71208, 0.71824, 0.70932, 0.71712
0.71671, 0.72290, 0.71655, 0.71902
0.71902, 0.72161, 0.71503, 0.71511
0.71526, 0.71961, 0.71416, 0.71779
0.71750, 0.72232, 0.71438, 0.72185
0.72170, 0.72748, 0.72097, 0.72650
0.72649, 0.72926, 0.72535, 0.72906
0.72908, 0.73038, 0.72625, 0.72880
0.72613, 0.72814, 0.72505, 0.72505
0.72522, 0.72628, 0.72358, 0.72486
0.72483, 0.73151, 0.72405, 0.72584
0.72583, 0.72682, 0.72051, 0.72058
0.72058, 0.72412, 0.72020, 0.72154
0.72241, 0.72315, 0.72068, 0.72238
0.72198, 0.72378, 0.71620, 0.71870
0.71840, 0.71965, 0.71018, 0.71022
0.71024, 0.71116, 0.70653, 0.70778
0.70766, 0.70869, 0.70423, 0.70490
0.70531, 0.70811, 0.70409, 0.70775
0.70773, 0.71055, 0.70539, 0.71023
0.71016, 0.71303, 0.70431, 0.70441
0.70448, 0.71291, 0.70448, 0.71226
0.71224, 0.71395, 0.71017, 0.71156
0.71109, 0.71486, 0.70986, 0.71313
0.71307, 0.71509, 0.71116, 0.71416
0.71406, 0.71594, 0.71061, 0.71079
0.71078, 0.71507, 0.70970, 0.70988
0.70965, 0.71500, 0.70886, 0.71191
0.71133, 0.71251, 0.70758, 0.70818
0.70798, 0.70907, 0.70550, 0.70862
0.70862, 0.71060, 0.70597, 0.70610
0.70597, 0.70993, 0.70561, 0.70788
0.70788, 0.71039, 0.70208, 0.70866
0.70906, 0.71084, 0.70504, 0.70600
0.70603, 0.71220, 0.70565, 0.71006
0.71034, 0.71065, 0.70677, 0.70749
0.70760, 0.72123, 0.70739, 0.72004
0.71997, 0.72583, 0.71823, 0.71969
0.71902, 0.72175, 0.71824, 0.72098
0.72092, 0.72462, 0.72049, 0.72439
0.72434, 0.72997, 0.72125, 0.72748
0.72738, 0.73024, 0.72468, 0.72570
0.72552, 0.72702, 0.72189, 0.72239
0.72182, 0.72373, 0.71724, 0.71728
0.71718, 0.72240, 0.71640, 0.72185
0.72171, 0.72535, 0.71878, 0.72325
0.72235, 0.72979, 0.72235, 0.72762
0.72747, 0.73373, 0.72500, 0.73294
0.73082, 0.73255, 0.72770, 0.72927
0.72921, 0.73002, 0.72114, 0.72150
0.72129, 0.72769, 0.72022, 0.72633
0.72608, 0.72678, 0.72340, 0.72517
0.72530, 0.72561, 0.72185, 0.72258
0.72263, 0.72761, 0.72124, 0.72170
0.72192, 0.72689, 0.71990, 0.72253
0.72210, 0.73277, 0.72210, 0.73059
0.73031, 0.73443, 0.72949, 0.73178
0.73174, 0.73259, 0.72841, 0.73126
0.73772, 0.73931, 0.73461, 0.73578
0.73544, 0.73932, 0.73257, 0.73392
0.73358, 0.73556, 0.72596, 0.72696
0.72645, 0.72730, 0.71912, 0.72336
0.72265, 0.72414, 0.71979, 0.71989
0.71830, 0.72265, 0.71776, 0.71885
0.71894, 0.72247, 0.71813, 0.72021
0.72042, 0.72377, 0.71937, 0.72194
0.72170, 0.72464, 0.72120, 0.72248
0.72245, 0.72281, 0.71509, 0.71745
0.71715, 0.71868, 0.71682, 0.71759
0.71792, 0.72033, 0.71650, 0.71833
0.71772, 0.72003, 0.70870, 0.71066
0.71065, 0.71486, 0.70859, 0.71104
0.71034, 0.71230, 0.70262, 0.70315
0.70372, 0.70687, 0.70334, 0.70573
0.70558, 0.70711, 0.70499, 0.70672
0.70662, 0.70774, 0.70164, 0.70283
0.70280, 0.70688, 0.70251, 0.70357
0.70410, 0.70709, 0.70325, 0.70462
0.70325, 0.70373, 0.69813, 0.69848
0.69838, 0.70191, 0.65467, 0.70046
0.70044, 0.71243, 0.69932, 0.71178
0.71137, 0.71494, 0.71089, 0.71479
0.71463, 0.71492, 0.71161, 0.71392
0.71373, 0.71936, 0.71337, 0.71704
0.71680, 0.71974, 0.71458, 0.71852
0.71842, 0.72348, 0.71818, 0.72155
0.72084, 0.72175, 0.71752, 0.71960
0.71948, 0.72255, 0.71797, 0.72025
0.71986, 0.72119, 0.71615, 0.71682
0.71658, 0.72212, 0.71465, 0.71920
0.71913, 0.72147, 0.71604, 0.71605
0.71645, 0.71817, 0.71397, 0.71579
0.71563, 0.71601, 0.71157, 0.71204
0.71209, 0.71438, 0.71174, 0.71402
0.71402, 0.71664, 0.70806, 0.70915
0.70903, 0.71849, 0.70756, 0.71783
0.71749, 0.72036, 0.71603, 0.71643
0.71638, 0.71759, 0.71376, 0.71554
0.71538, 0.72727, 0.71486, 0.72476
0.72466, 0.72951, 0.72416, 0.72745
0.72733, 0.72841, 0.72365, 0.72472
0.72460, 0.72538, 0.72111, 0.72249
0.72248, 0.72645, 0.71934, 0.72345
0.72309, 0.72453, 0.71033, 0.71073
0.71039, 0.71173, 0.70891, 0.71031
0.70993, 0.71036, 0.70602, 0.70872
0.70862, 0.71077, 0.70568, 0.70612
0.70612, 0.71024, 0.70538, 0.70949
0.70946, 0.71358, 0.70858, 0.70878
0.70870, 0.71313, 0.70712, 0.71044
0.71049, 0.71482, 0.70791, 0.71382
0.71343, 0.71604, 0.71243, 0.71294
0.71294, 0.71736, 0.71032, 0.71639
0.71643, 0.71827, 0.71409, 0.71631
0.71626, 0.72067, 0.70697, 0.70893
0.70881, 0.71501, 0.70823, 0.71255
0.71347, 0.71841, 0.71301, 0.71685
0.71648, 0.71944, 0.71418, 0.71877
0.71803, 0.71986, 0.71270, 0.71402
0.71359, 0.71664, 0.70898, 0.70918
0.70908, 0.71215, 0.70692, 0.70761
0.71085, 0.71085, 0.70749, 0.70908
0.70907, 0.70960, 0.70584, 0.70840
0.70818, 0.70918, 0.70209, 0.70321
0.70312, 0.70513, 0.70048, 0.70148
0.70141, 0.70520, 0.70028, 0.70433
0.70354, 0.70765, 0.70263, 0.70699
0.70684, 0.70916, 0.70568, 0.70786
0.70794, 0.70977, 0.70487, 0.70913
0.70919, 0.70974, 0.70409, 0.70640
0.70653, 0.70969, 0.70615, 0.70815
0.70837, 0.71196, 0.70780, 0.70998
0.71000, 0.71105, 0.70846, 0.70866
0.70867, 0.71497, 0.70564, 0.71250
0.71264, 0.71679, 0.70896, 0.71115
0.71114, 0.71170, 0.70753, 0.70795
0.70798, 0.71166, 0.70651, 0.71090
0.71104, 0.71474, 0.71078, 0.71347
0.71350, 0.71416, 0.70684, 0.70871
0.70863, 0.71058, 0.70631, 0.70739
0.70767, 0.71046, 0.70742, 0.70945
0.71171, 0.71315, 0.71036, 0.71124
0.71077, 0.71291, 0.70523, 0.70706
0.70682, 0.71296, 0.70542, 0.71122
0.71124, 0.71271, 0.70974, 0.71135
0.71112, 0.71317, 0.70920, 0.71033
0.70997, 0.71306, 0.70873, 0.71254
0.71253, 0.71520, 0.71188, 0.71258
0.71232, 0.71746, 0.71091, 0.71702
0.71697, 0.71709, 0.71163, 0.71222
0.71201, 0.71921, 0.71158, 0.71717
0.71702, 0.71821, 0.71635, 0.71723
0.71719, 0.71789, 0.71394, 0.71747
0.71705, 0.72054, 0.71515, 0.71777
0.71775, 0.71975, 0.71364, 0.71477
0.71477, 0.71581, 0.71415, 0.71496
0.71467, 0.71517, 0.71281, 0.71353
0.71353, 0.71393, 0.70807, 0.71013
0.71011, 0.71019, 0.70040, 0.70131
0.70131, 0.70226, 0.69879, 0.70155
0.70148, 0.70611, 0.70052, 0.70359
0.70337, 0.70606, 0.70337, 0.70557
0.70522, 0.70686, 0.70306, 0.70505
0.70505, 0.70608, 0.70070, 0.70152
0.70106, 0.70290, 0.69948, 0.69988
0.69984, 0.70242, 0.69832, 0.70231
0.69682, 0.70024, 0.69627, 0.69977
0.69957, 0.70480, 0.69763, 0.70103
0.70101, 0.70265, 0.69857, 0.69880
0.69879, 0.69977, 0.69647, 0.69876
0.69876, 0.70184, 0.69777, 0.69980
0.69882, 0.70014, 0.69406, 0.69434
0.69434, 0.69593, 0.69346, 0.69436
0.69436, 0.69474, 0.69146, 0.69274
0.69272, 0.69327, 0.68862, 0.68904
0.68903, 0.68971, 0.68645, 0.68651
0.69106, 0.69339, 0.68897, 0.69074
0.69049, 0.69288, 0.68660, 0.68840
0.68840, 0.68964, 0.68710, 0.68800
0.68793, 0.69001, 0.68645, 0.68995
0.68990, 0.69344, 0.68809, 0.69264
0.69324, 0.69383, 0.69127, 0.69159
0.69159, 0.69356, 0.69141, 0.69226
0.69224, 0.69314, 0.69039, 0.69158
0.69158, 0.69366, 0.68985, 0.69119
0.69115, 0.69439, 0.69007, 0.69337
0.69351, 0.69823, 0.69248, 0.69760
0.69760, 0.70038, 0.69554, 0.69911
0.69910, 0.70072, 0.69623, 0.69678
0.69678, 0.69942, 0.69622, 0.69767
0.69767, 0.70220, 0.69638, 0.69996
0.70013, 0.70066, 0.69569, 0.69596
0.69576, 0.69664, 0.69468, 0.69602
0.69599, 0.69633, 0.69250, 0.69282
0.69277, 0.69374, 0.69011, 0.69149
0.69144, 0.69180, 0.68611, 0.68695
0.68717, 0.68844, 0.68485, 0.68520
0.68519, 0.68817, 0.68315, 0.68762
0.68760, 0.69090, 0.68548, 0.68834
0.68834, 0.69356, 0.68770, 0.69225
0.69225, 0.69376, 0.69031, 0.69253
0.69297, 0.69684, 0.69288, 0.69631
0.69607, 0.69781, 0.69415, 0.69613
0.69613, 0.69946, 0.69489, 0.69849
0.69847, 0.70089, 0.69827, 0.70083
0.70078, 0.70223, 0.69980, 0.70200
0.70252, 0.70336, 0.69559, 0.69638
0.69634, 0.70002, 0.69549, 0.69938
0.69935, 0.70391, 0.69852, 0.70301
0.70302, 0.70476, 0.70154, 0.70222
0.70218, 0.70286, 0.69572, 0.69762
0.69748, 0.69941, 0.69668, 0.69737
0.69731, 0.69750, 0.69203, 0.69287
0.69283, 0.69689, 0.69103, 0.69600
0.69600, 0.69878, 0.69538, 0.69755
0.69755, 0.70245, 0.69709, 0.70180
0.70183, 0.70397, 0.70118, 0.70393
0.70389, 0.70436, 0.70101, 0.70107
0.70107, 0.70246, 0.69961, 0.70092
0.70083, 0.70764, 0.70036, 0.70750
0.70750, 0.70818, 0.70373, 0.70421
0.70387, 0.70571, 0.70308, 0.70353
0.70340, 0.70355, 0.69959, 0.70045
0.70030, 0.70078, 0.69724, 0.69783
0.69781, 0.69840, 0.69422, 0.69528
0.69527, 0.69550, 0.69025, 0.69090
0.69048, 0.69161, 0.68945, 0.69011
0.69009, 0.69082, 0.68684, 0.68723
0.68720, 0.68991, 0.68316, 0.68470
0.68470, 0.68677, 0.67950, 0.68018
0.68015, 0.68187, 0.67627, 0.67964
0.67908, 0.68039, 0.67478, 0.67568
0.67539, 0.68006, 0.67498, 0.67579
0.67579, 0.67827, 0.66765, 0.67592
0.67592, 0.68217, 0.67457, 0.68011
0.68006, 0.68193, 0.67779, 0.67831
0.67798, 0.67956, 0.67448, 0.67492
0.67471, 0.68182, 0.67451, 0.67960
0.67960, 0.68088, 0.67354, 0.67478
0.67460, 0.67904, 0.67447, 0.67768
0.67764, 0.67950, 0.67705, 0.67755
0.67765, 0.67887, 0.67617, 0.67637
0.67623, 0.67948, 0.67544, 0.67771
0.67766, 0.67990, 0.67728, 0.67803
0.67803, 0.67871, 0.67507, 0.67554
0.67553, 0.67776, 0.67357, 0.67485
0.67358, 0.67878, 0.66892, 0.67756
0.67756, 0.67796, 0.67463, 0.67519
0.67517, 0.67621, 0.67322, 0.67329
0.67327, 0.67529, 0.67167, 0.67287
0.67278, 0.67399, 0.67057, 0.67357
0.67236, 0.67345, 0.67098, 0.67149
0.67132, 0.67635, 0.66874, 0.67620
0.67619, 0.68006, 0.67543, 0.67970
0.67953, 0.68297, 0.67935, 0.68139
0.68139, 0.68614, 0.68067, 0.68489
0.68369, 0.68757, 0.68369, 0.68637
0.68589, 0.68699, 0.68487, 0.68604
0.68604, 0.68847, 0.68484, 0.68630
0.68626, 0.68945, 0.68600, 0.68644
0.68644, 0.68904, 0.68587, 0.68761
0.68611, 0.68837, 0.68537, 0.68654
0.68648, 0.68696, 0.68303, 0.68658
0.68653, 0.68689, 0.68121, 0.68288
0.68287, 0.68313, 0.67800, 0.67930
0.67930, 0.68087, 0.67600, 0.67633
0.67713, 0.67813, 0.67641, 0.67720
0.67718, 0.68060, 0.67650, 0.67986
0.67980, 0.68037, 0.67387, 0.67496
0.67496, 0.67806, 0.67458, 0.67477
0.67472, 0.67791, 0.67432, 0.67642
0.67605, 0.67703, 0.67409, 0.67497
0.67496, 0.67761, 0.66715, 0.67036
0.67036, 0.67185, 0.66705, 0.67068
0.67055, 0.67528, 0.67021, 0.67412
0.67412, 0.67737, 0.67384, 0.67649
0.67524, 0.67650, 0.67294, 0.67319
0.67305, 0.67569, 0.67229, 0.67273
0.67265, 0.67499, 0.67223, 0.67237
0.67224, 0.67742, 0.67101, 0.67612
0.67599, 0.68103, 0.67529, 0.67909
0.67868, 0.68013, 0.67509, 0.67767
0.67729, 0.67885, 0.67423, 0.67566
0.67518, 0.67653, 0.67233, 0.67591
0.67541, 0.68329, 0.67503, 0.68253
0.68248, 0.68566, 0.68211, 0.68546
0.68449, 0.68802, 0.68395, 0.68672
0.68661, 0.68826, 0.68502, 0.68573
0.68548, 0.68621, 0.68336, 0.68538
0.68515, 0.68575, 0.68106, 0.68172
0.68161, 0.68362, 0.68089, 0.68202
0.68222, 0.68452, 0.68106, 0.68374
0.68376, 0.68716, 0.68352, 0.68613
0.68619, 0.69018, 0.68484, 0.68993
0.69005, 0.69295, 0.68830, 0.68913
0.68916, 0.69212, 0.68837, 0.69121
0.69131, 0.69249, 0.68769, 0.68854
0.68806, 0.69278, 0.68763, 0.68929
0.68940, 0.69073, 0.68687, 0.68844
0.68821, 0.69132, 0.68614, 0.68987
0.68950, 0.69061, 0.68474, 0.68578
0.68545, 0.68652, 0.68467, 0.68496
0.68482, 0.68570, 0.68312, 0.68405
0.68389, 0.68569, 0.68210, 0.68374
0.68368, 0.68409, 0.67694, 0.67855
0.67841, 0.68219, 0.67804, 0.68198
0.68123, 0.68221, 0.67986, 0.68080
0.68045, 0.68345, 0.67849, 0.68286
0.68274, 0.68308, 0.67898, 0.68008
0.67995, 0.68138, 0.67830, 0.67870
0.67856, 0.68032, 0.67802, 0.67833
0.67889, 0.67990, 0.67678, 0.67769
0.67776, 0.67953, 0.67677, 0.67870
0.67850, 0.67909, 0.67718, 0.67740
0.67740, 0.67776, 0.67589, 0.67688
0.67679, 0.67793, 0.67517, 0.67551
0.67671, 0.68258, 0.67613, 0.68187
0.68165, 0.68618, 0.68148, 0.68476
0.68447, 0.68549, 0.68128, 0.68480
0.68452, 0.68547, 0.68205, 0.68313
0.68315, 0.68570, 0.68232, 0.68410
0.68304, 0.68381, 0.68200, 0.68261
0.68259, 0.68372, 0.68000, 0.68121
0.68056, 0.68891, 0.68042, 0.68767
0.68741, 0.69129, 0.68673, 0.69065
0.69277, 0.69378, 0.68635, 0.68722
0.68819, 0.68977, 0.68681, 0.68839
0.68820, 0.68849, 0.68380, 0.68512
0.68502, 0.68642, 0.68386, 0.68528
0.68514, 0.68882, 0.68482, 0.68846
0.68846, 0.69065, 0.68826, 0.68983
0.68923, 0.69285, 0.68908, 0.69220
0.69223, 0.69300, 0.69122, 0.69225
0.69297, 0.69495, 0.69216, 0.69463
0.69414, 0.69869, 0.69408, 0.69794
0.69781, 0.70042, 0.69777, 0.69940
0.69929, 0.70317, 0.69929, 0.70230
0.70003, 0.70062, 0.69783, 0.69896
0.69873, 0.69913, 0.69300, 0.69446
0.69374, 0.69575, 0.69251, 0.69412
0.69377, 0.69419, 0.68588, 0.68681
0.68633, 0.68852, 0.68489, 0.68670
0.68651, 0.68804, 0.68500, 0.68578
0.68566, 0.69109, 0.68505, 0.68979
0.68954, 0.69196, 0.68935, 0.69030
0.68995, 0.69095, 0.68849, 0.69031
0.68988, 0.69165, 0.68771, 0.69059
0.69008, 0.69335, 0.68875, 0.68962
0.68966, 0.69110, 0.68703, 0.68731
0.68709, 0.68884, 0.68550, 0.68745
0.68706, 0.68803, 0.68423, 0.68444
0.68437, 0.68560, 0.68266, 0.68436
0.68426, 0.68786, 0.68291, 0.68476
0.68451, 0.68570, 0.68172, 0.68238
0.68098, 0.68182, 0.67517, 0.67595
0.67580, 0.67648, 0.67368, 0.67623
0.67599, 0.67770, 0.67350, 0.67515
0.67495, 0.67550, 0.66999, 0.67219
0.67177, 0.67296, 0.66826, 0.66857
0.66820, 0.67068, 0.66820, 0.66918
0.66889, 0.67416, 0.66784, 0.67388
0.67361, 0.67739, 0.67235, 0.67458
0.67434, 0.67648, 0.67267, 0.67302
0.67269, 0.67364, 0.66619, 0.66730
0.66632, 0.67073, 0.66632, 0.66842
0.66829, 0.67367, 0.66806, 0.67137
0.67117, 0.67501, 0.67117, 0.67370
0.67353, 0.67451, 0.67068, 0.67191
0.67159, 0.67315, 0.67092, 0.67124
0.67195, 0.67334, 0.67114, 0.67124
0.67129, 0.67157, 0.66735, 0.66878
0.66832, 0.67076, 0.66653, 0.66780
0.66683, 0.66943, 0.66102, 0.66127
0.66134, 0.66389, 0.65858, 0.66261
0.65864, 0.66197, 0.65863, 0.66038
0.66006, 0.66224, 0.65862, 0.66011
0.65973, 0.66069, 0.65425, 0.65446
0.65416, 0.65920, 0.65416, 0.65688
0.65661, 0.65852, 0.64340, 0.65045
0.64717, 0.65684, 0.64717, 0.65419
0.65303, 0.66457, 0.65093, 0.65835
0.65800, 0.66277, 0.65771, 0.66255
0.66210, 0.66366, 0.65838, 0.66174
0.66107, 0.66573, 0.65850, 0.66392
0.65958, 0.66846, 0.62995, 0.65864
0.65905, 0.66130, 0.64623, 0.64865
0.64989, 0.65394, 0.64820, 0.64866
0.64863, 0.64923, 0.62121, 0.63090
0.62881, 0.63256, 0.61227, 0.61764
0.62418, 0.62798, 0.60784, 0.61030
0.61038, 0.61490, 0.59587, 0.60114
0.60119, 0.60285, 0.57014, 0.57837
0.57793, 0.59643, 0.55062, 0.57357
0.57362, 0.59863, 0.56631, 0.57999
0.58026, 0.58455, 0.56992, 0.58203
0.58156, 0.59825, 0.58123, 0.59684
0.59526, 0.60733, 0.59302, 0.59559
0.59559, 0.60872, 0.58700, 0.60421
0.60373, 0.62004, 0.60223, 0.61642
0.61455, 0.61840, 0.61115, 0.61673
0.61666, 0.62135, 0.60708, 0.61423
0.61339, 0.61852, 0.60385, 0.60745
0.60615, 0.61190, 0.60069, 0.60650
0.60553, 0.60752, 0.59799, 0.59929
0.60076, 0.61060, 0.59891, 0.60869
0.60849, 0.62082, 0.60750, 0.61716
0.61626, 0.62459, 0.61155, 0.62320
0.62217, 0.63631, 0.61950, 0.63378
0.63348, 0.63677, 0.63126, 0.63469
0.63427, 0.64093, 0.63255, 0.63841
0.63850, 0.64447, 0.63735, 0.64429
0.64333, 0.64436, 0.62841, 0.63209
0.63122, 0.63338, 0.62638, 0.63193
0.63181, 0.63851, 0.63142, 0.63614
0.63583, 0.63973, 0.63326, 0.63374
0.63348, 0.63467, 0.62534, 0.62835
0.62749, 0.63529, 0.62749, 0.63220
0.63173, 0.64060, 0.62829, 0.63695
0.63637, 0.63962, 0.63370, 0.63952
0.63762, 0.64719, 0.63762, 0.64612
0.64606, 0.65141, 0.64342, 0.64931
0.64869, 0.65544, 0.64858, 0.65535
0.65547, 0.65698, 0.64901, 0.65087
0.65048, 0.65108, 0.64097, 0.64197
0.64068, 0.64348, 0.63727, 0.64247
0.64186, 0.64762, 0.64168, 0.64329
0.64297, 0.64529, 0.63936, 0.64039
0.63936, 0.65061, 0.63783, 0.64948
0.64905, 0.65480, 0.64905, 0.65298
0.65211, 0.65615, 0.64564, 0.64913
0.64853, 0.65363, 0.64321, 0.64699
0.64648, 0.65241, 0.64383, 0.64563
0.64511, 0.64682, 0.64034, 0.64599
0.64581, 0.64736, 0.64021, 0.64155
0.64162, 0.65274, 0.64090, 0.65230
0.65212, 0.65849, 0.65097, 0.65368
0.65323, 0.66161, 0.65252, 0.66000
0.65899, 0.65981, 0.65488, 0.65681
0.65627, 0.65723, 0.65059, 0.65346
0.65300, 0.65503, 0.65197, 0.65454
0.65390, 0.66751, 0.65377, 0.66544
0.66470, 0.66803, 0.65670, 0.66239
0.66159, 0.66674, 0.65881, 0.66380
0.66321, 0.66832, 0.66100, 0.66675
0.66553, 0.68034, 0.66479, 0.67971
0.67957, 0.68975, 0.67748, 0.68972
0.68868, 0.69833, 0.68564, 0.69218
0.69148, 0.69876, 0.68820, 0.69428
0.69419, 0.70130, 0.69305, 0.69650
0.69601, 0.70294, 0.69601, 0.70191
0.70160, 0.70429, 0.68982, 0.69631
0.69565, 0.70643, 0.69325, 0.69972
0.69895, 0.70039, 0.68393, 0.68532
0.68415, 0.69116, 0.67996, 0.68720
0.68368, 0.69243, 0.67755, 0.69195
0.69115, 0.69759, 0.68328, 0.68884
0.68771, 0.69216, 0.68514, 0.68831
0.68734, 0.69015, 0.68351, 0.68518
0.68445, 0.69107, 0.68282, 0.68338
0.68069, 0.69217, 0.68069, 0.69094
0.69015, 0.69739, 0.68567, 0.69275
0.69230, 0.69613, 0.68617, 0.68685
0.68647, 0.68919, 0.68464, 0.68862
0.68805, 0.68945, 0.68396, 0.68601
0.68521, 0.68899, 0.68408, 0.68671
0.68597, 0.69112, 0.68318, 0.69044
0.68993, 0.69427, 0.68760, 0.69139
0.69130, 0.69514, 0.69007, 0.69253
0.69176, 0.69469, 0.69129, 0.69373
0.69245, 0.69868, 0.69245, 0.69717
0.69686, 0.69967, 0.69212, 0.69432
0.69399, 0.69856, 0.69264, 0.69822
0.69773, 0.70002, 0.69491, 0.69627
0.69560, 0.69684, 0.69229, 0.69462
0.69460, 0.69922, 0.69380, 0.69384
0.69383, 0.69767, 0.69203, 0.69743
0.69660, 0.70369, 0.69660, 0.70060
0.70000, 0.70118, 0.69624, 0.69713
0.69647, 0.70042, 0.69637, 0.69945
0.69830, 0.70164, 0.69720, 0.70158
0.70086, 0.71462, 0.70086, 0.71218
0.71256, 0.71815, 0.71110, 0.71408
0.71390, 0.71609, 0.70896, 0.70954
0.70959, 0.71246, 0.70629, 0.71045
0.70836, 0.71491, 0.70836, 0.71485
0.71424, 0.71762, 0.71120, 0.71563
0.71497, 0.71961, 0.71482, 0.71852
0.71778, 0.71967, 0.71198, 0.71945
0.71873, 0.72263, 0.71324, 0.71409
0.71239, 0.71488, 0.70755, 0.71230
0.71172, 0.71663, 0.71053, 0.71623
0.71538, 0.72404, 0.71529, 0.71904
0.71896, 0.72386, 0.71733, 0.72354
0.72298, 0.72424, 0.71438, 0.71583
0.71572, 0.71833, 0.71392, 0.71482
0.71425, 0.71888, 0.71342, 0.71425
0.71366, 0.71750, 0.71083, 0.71613
0.71575, 0.71872, 0.71349, 0.71486
0.71461, 0.71743, 0.71312, 0.71715
0.71586, 0.72267, 0.71583, 0.72138
0.72127, 0.72638, 0.72080, 0.72435
0.72322, 0.72748, 0.71784, 0.71831
0.71765, 0.72016, 0.71349, 0.71930
0.71878, 0.72151, 0.71386, 0.71579
0.71460, 0.72031, 0.71446, 0.71604
0.71560, 0.71969, 0.71494, 0.71931
0.71917, 0.72388, 0.71864, 0.72349
0.72276, 0.72897, 0.72159, 0.72562
0.72514, 0.73647, 0.72514, 0.73640
0.73541, 0.74026, 0.73392, 0.73769
0.73722, 0.74127, 0.73584, 0.73731
0.73683, 0.73809, 0.73005, 0.73360
0.73330, 0.73365, 0.72641, 0.72723
0.72657, 0.72977, 0.72212, 0.72840
0.72812, 0.72973, 0.72691, 0.72756
0.72740, 0.73082, 0.72096, 0.72127
0.72079, 0.72867, 0.71912, 0.72824
0.72770, 0.73237, 0.72467, 0.72570
0.72642, 0.73052, 0.72473, 0.72806
0.72710, 0.73026, 0.72632, 0.72874
0.72832, 0.73416, 0.72660, 0.73009
0.72989, 0.73442, 0.72773, 0.73034
0.72990, 0.73145, 0.72531, 0.73088
0.73024, 0.73331, 0.72816, 0.72881
0.72946, 0.73233, 0.71982, 0.72232
0.72148, 0.72343, 0.71535, 0.71679
0.71607, 0.71764, 0.70676, 0.70717
0.70708, 0.70803, 0.70152, 0.70448
0.70458, 0.70859, 0.70048, 0.70292
0.70259, 0.70734, 0.70237, 0.70711
0.70777, 0.71372, 0.70683, 0.71297
0.71281, 0.71744, 0.70993, 0.71631
0.71533, 0.72082, 0.71533, 0.71827
0.71787, 0.71872, 0.71297, 0.71621
0.71598, 0.71923, 0.71546, 0.71812
0.71797, 0.72077, 0.70992, 0.70998
0.71004, 0.71507, 0.70940, 0.71388
0.71335, 0.71692, 0.71222, 0.71663
0.71630, 0.72419, 0.71523, 0.72397
0.72233, 0.72340, 0.72023, 0.72098
0.72018, 0.72101, 0.71493, 0.71595
0.71527, 0.71898, 0.71514, 0.71609
0.71551, 0.71677, 0.70552, 0.70941
0.70914, 0.70968, 0.70697, 0.70758
0.70663, 0.71138, 0.70575, 0.70678
0.70642, 0.70716, 0.70199, 0.70471
0.70466, 0.71361, 0.70454, 0.71155
0.71131, 0.71242, 0.70841, 0.71157
0.71115, 0.71573, 0.71002, 0.71360
0.71357, 0.71456, 0.71021, 0.71163
0.71181, 0.71461, 0.71131, 0.71221
0.71224, 0.71563, 0.70374, 0.70473
0.70454, 0.70751, 0.70015, 0.70296
0.70269, 0.70713, 0.70102, 0.70249
0.70180, 0.70565, 0.69901, 0.70558
0.70519, 0.71738, 0.70270, 0.71648
0.71579, 0.72212, 0.70476, 0.71806
0.71724, 0.72885, 0.71440, 0.72852
0.72768, 0.72864, 0.72379, 0.72601
0.72715, 0.73392, 0.72658, 0.72783
0.72764, 0.72933, 0.72517, 0.72846
0.72790, 0.73173, 0.72592, 0.72779
0.72760, 0.72930, 0.72226, 0.72300
0.72253, 0.72724, 0.72206, 0.72681
0.72647, 0.73259, 0.72617, 0.73206
0.73121, 0.73388, 0.72880, 0.73009
0.72967, 0.73300, 0.72709, 0.73053
0.73013, 0.73047, 0.72536, 0.72837
0.72816, 0.73231, 0.72651, 0.73016
0.72995, 0.73366, 0.72644, 0.72867
0.72839, 0.73666, 0.72822, 0.73604
0.73581, 0.73726, 0.73242, 0.73638
0.73552, 0.73736, 0.73527, 0.73561
0.73516, 0.73981, 0.73513, 0.73749
0.73797, 0.74063, 0.73383, 0.73411
0.73368, 0.73725, 0.73368, 0.73707
0.73626, 0.74190, 0.73505, 0.74139
0.74128, 0.74487, 0.73971, 0.74399
0.74345, 0.74429, 0.74093, 0.74255
0.74286, 0.74527, 0.73715, 0.74183
0.74154, 0.74344, 0.73983, 0.74095
0.74022, 0.74844, 0.74022, 0.74400
0.74402, 0.75390, 0.74209, 0.75375
0.75312, 0.75711, 0.75193, 0.75316
0.75466, 0.75772, 0.75235, 0.75314
0.75272, 0.75707, 0.75064, 0.75558
0.75505, 0.75778, 0.75379, 0.75766
0.75700, 0.76388, 0.75661, 0.76266
0.76205, 0.76270, 0.75818, 0.76215
0.75823, 0.76055, 0.74611, 0.75815
0.75795, 0.75901, 0.75162, 0.75251
0.75197, 0.75908, 0.75159, 0.75772
0.75684, 0.76058, 0.75638, 0.75981
0.75991, 0.76217, 0.75562, 0.75796
0.75748, 0.76240, 0.75741, 0.76085
0.76046, 0.76855, 0.75959, 0.76847
0.76829, 0.77413, 0.76719, 0.76984
0.76962, 0.77398, 0.76415, 0.76652
0.76575, 0.77768, 0.76575, 0.77603
0.77545, 0.78192, 0.77322, 0.78044
0.78010, 0.78165, 0.77247, 0.77661
0.77622, 0.77979, 0.77274, 0.77649
0.77511, 0.77594, 0.76653, 0.76952
0.76910, 0.77765, 0.76859, 0.77732
0.77631, 0.77805, 0.77205, 0.77327
0.77265, 0.78046, 0.77265, 0.77784
0.77763, 0.77877, 0.76806, 0.77011
0.77007, 0.77097, 0.76581, 0.76771
0.76761, 0.77243, 0.76691, 0.76972
0.76926, 0.77599, 0.76892, 0.77449
0.77410, 0.77813, 0.77368, 0.77641
0.77572, 0.77689, 0.77012, 0.77118
0.77079, 0.77466, 0.76819, 0.77115
0.77074, 0.77535, 0.76680, 0.77468
0.77439, 0.77628, 0.76428, 0.76615
0.76586, 0.76970, 0.75909, 0.76768
0.76742, 0.77031, 0.76303, 0.76410
0.76216, 0.76618, 0.76049, 0.76217
0.76166, 0.76608, 0.75629, 0.76083
0.76045, 0.76254, 0.76006, 0.76205
0.76154, 0.76468, 0.75873, 0.75986
0.75961, 0.76780, 0.75820, 0.76765
0.76655, 0.77141, 0.76504, 0.77024
0.76952, 0.77394, 0.76952, 0.77372
0.77341, 0.77552, 0.77165, 0.77196
0.77155, 0.77708, 0.77118, 0.77527
0.77493, 0.77637, 0.77173, 0.77588
0.77594, 0.77878, 0.77578, 0.77795
0.77779, 0.78043, 0.77438, 0.77554
0.77525, 0.77711, 0.77235, 0.77497
0.77483, 0.77887, 0.77302, 0.77693
0.77670, 0.78762, 0.77567, 0.78676
0.78690, 0.79285, 0.78544, 0.79141
0.79102, 0.79340, 0.78795, 0.79109
0.79092, 0.79722, 0.78943, 0.79688
0.79640, 0.80062, 0.78578, 0.78708
0.78719, 0.78824, 0.76912, 0.77028
0.77052, 0.77860, 0.77052, 0.77721
0.77690, 0.78366, 0.77348, 0.78211
0.78140, 0.78373, 0.77695, 0.77745
0.77729, 0.78141, 0.77078, 0.77195
0.77216, 0.77261, 0.76205, 0.76805
0.76900, 0.77215, 0.76353, 0.76446
0.76416, 0.77249, 0.76204, 0.77198
0.77059, 0.77446, 0.76676, 0.77355
0.77277, 0.77929, 0.77224, 0.77848
0.77847, 0.77999, 0.77234, 0.77551
0.77554, 0.77748, 0.77048, 0.77514
0.77512, 0.77566, 0.77097, 0.77408
0.77428, 0.78094, 0.76984, 0.77955
0.77968, 0.78484, 0.77485, 0.77548
0.77552, 0.77713, 0.77167, 0.77449
0.77156, 0.77556, 0.77039, 0.77431
0.77436, 0.77461, 0.76158, 0.76310
0.76292, 0.76331, 0.75774, 0.75840
0.75843, 0.76132, 0.75624, 0.75795
0.75796, 0.76401, 0.75788, 0.76398
0.76317, 0.76549, 0.76142, 0.76302
0.76266, 0.76632, 0.75841, 0.75955
0.75866, 0.76356, 0.75866, 0.75938
0.75922, 0.76190, 0.75312, 0.76162
0.76133, 0.76364, 0.75903, 0.76057
0.76021, 0.76595, 0.75975, 0.76507
0.76434, 0.76675, 0.76048, 0.76630
0.76569, 0.76762, 0.75997, 0.76117
0.76073, 0.76594, 0.76018, 0.76536
0.76434, 0.76604, 0.75871, 0.76180
0.76134, 0.76347, 0.75938, 0.76214
0.76189, 0.76476, 0.75833, 0.76432
0.76412, 0.77370, 0.76337, 0.77219
0.77195, 0.77602, 0.77048, 0.77501
0.77494, 0.77582, 0.77232, 0.77331
0.77266, 0.77837, 0.77052, 0.77567
0.77547, 0.78150, 0.77084, 0.77234
0.77235, 0.77614, 0.76986, 0.77503
0.77528, 0.77637, 0.76898, 0.77063
0.77044, 0.77595, 0.76921, 0.77478
0.77393, 0.78145, 0.77368, 0.78013
0.77946, 0.78028, 0.77607, 0.77675
0.77665, 0.78001, 0.77241, 0.77915
0.77877, 0.78171, 0.77496, 0.77636
0.77624, 0.77833, 0.76952, 0.77102
0.77140, 0.77659, 0.77052, 0.77620
0.77585, 0.77629, 0.76740, 0.77111
0.77031, 0.77541, 0.77030, 0.77465
0.77448, 0.77868, 0.77002, 0.77844
0.77801, 0.78618, 0.77600, 0.78426
0.78525, 0.78900, 0.78266, 0.78266
0.78312, 0.78558, 0.78191, 0.78388
0.78412, 0.78434, 0.77185, 0.77258
0.77240, 0.77454, 0.76874, 0.77278
0.77244, 0.77866, 0.77130, 0.77818
0.77743, 0.77830, 0.77298, 0.77689
0.77596, 0.78127, 0.77596, 0.77895
0.77904, 0.77966, 0.77097, 0.77247
0.77248, 0.77806, 0.77153, 0.77722
0.77724, 0.77818, 0.77182, 0.77292
0.77275, 0.77568, 0.77048, 0.77515
0.77498, 0.77755, 0.77320, 0.77521
0.77490, 0.77952, 0.77302, 0.77399
0.77346, 0.77566, 0.77222, 0.77403
0.77373, 0.77463, 0.76764, 0.77070
0.77095, 0.77405, 0.76997, 0.77282
0.77293, 0.77685, 0.77277, 0.77502
0.77493, 0.77723, 0.77143, 0.77506
0.77502, 0.77529, 0.76446, 0.76593
0.76522, 0.77443, 0.76501, 0.77422
0.77302, 0.77648, 0.77213, 0.77549
0.77567, 0.77627, 0.77309, 0.77358
0.77312, 0.77613, 0.77234, 0.77312
0.77278, 0.77628, 0.77148, 0.77509
0.77501, 0.77748, 0.76874, 0.77017
0.77040, 0.77251, 0.76928, 0.77108
0.77083, 0.77158, 0.76734, 0.76858
0.76832, 0.77148, 0.76058, 0.76089
0.76055, 0.76448, 0.75390, 0.75506
0.75497, 0.75603, 0.74780, 0.74784
0.74828, 0.75454, 0.74768, 0.75423
0.75293, 0.75635, 0.74932, 0.75545
0.75496, 0.75982, 0.75370, 0.75755
0.75711, 0.75909, 0.75647, 0.75804
0.75802, 0.76159, 0.75788, 0.75919
0.75767, 0.76009, 0.75538, 0.75641
0.75643, 0.75697, 0.75066, 0.75093
0.75093, 0.75263, 0.74912, 0.74983
0.74947, 0.75070, 0.74595, 0.74698
0.74651, 0.75322, 0.74431, 0.75243
0.75185, 0.75364, 0.75081, 0.75242
0.75270, 0.75981, 0.74798, 0.74916
0.74917, 0.75330, 0.74618, 0.74809
0.74851, 0.74878, 0.74156, 0.74301
0.74263, 0.74931, 0.74090, 0.74886
0.74823, 0.74949, 0.74475, 0.74795
0.74786, 0.75019, 0.74255, 0.74442
0.74429, 0.74851, 0.74302, 0.74820
0.74796, 0.74864, 0.74098, 0.74205
0.74202, 0.74419, 0.73912, 0.73951
0.74000, 0.74022, 0.73210, 0.73442
0.73401, 0.73563, 0.72987, 0.73286
0.73287, 0.73617, 0.72885, 0.73571
0.73568, 0.73966, 0.73384, 0.73807
0.73783, 0.73960, 0.73540, 0.73620
0.73649, 0.73897, 0.73297, 0.73791
0.73766, 0.73878, 0.73361, 0.73562
0.73541, 0.73804, 0.73157, 0.73724
0.73655, 0.74127, 0.73584, 0.73922
0.73908, 0.74037, 0.73302, 0.73457
0.73330, 0.73811, 0.73282, 0.73612
0.73607, 0.74074, 0.73566, 0.73924
0.73912, 0.74259, 0.73692, 0.73802
0.73793, 0.74150, 0.73729, 0.74002
0.73995, 0.74053, 0.73456, 0.73522
0.73488, 0.73629, 0.73273, 0.73276
0.73274, 0.73550, 0.73150, 0.73461
0.73452, 0.73882, 0.73224, 0.73716
0.73709, 0.73753, 0.73310, 0.73352
0.73338, 0.73805, 0.73287, 0.73679
0.73623, 0.73714, 0.73185, 0.73341
0.73332, 0.73401, 0.72415, 0.72524
0.72515, 0.72687, 0.72278, 0.72350
0.72337, 0.72413, 0.71415, 0.71473
0.71468, 0.71554, 0.71050, 0.71386
0.71218, 0.72168, 0.71111, 0.72107
0.72097, 0.72701, 0.71998, 0.72565
0.72565, 0.72793, 0.72363, 0.72744
0.72737, 0.72788, 0.72334, 0.72361
0.72356, 0.73158, 0.72212, 0.73090
0.73028, 0.73175, 0.72836, 0.72943
0.72937, 0.73406, 0.72872, 0.73132
0.73130, 0.73829, 0.73070, 0.73655
0.73638, 0.74085, 0.73549, 0.74013
0.74005, 0.74772, 0.73928, 0.74480
0.74477, 0.74534, 0.74255, 0.74331
0.74330, 0.74675, 0.73738, 0.73870
0.73855, 0.74031, 0.73441, 0.73654
0.73645, 0.73935, 0.73461, 0.73679
0.73669, 0.74089, 0.73470, 0.73516
0.73494, 0.73748, 0.73353, 0.73697
0.73690, 0.73725, 0.73125, 0.73197
0.73186, 0.73382, 0.73003, 0.73319
0.73311, 0.73460, 0.72731, 0.72921
0.72919, 0.73207, 0.72609, 0.72627
0.72607, 0.72674, 0.72193, 0.72509
0.72501, 0.72821, 0.72209, 0.72322
0.72307, 0.72954, 0.72202, 0.72366
0.72363, 0.73146, 0.72220, 0.72951
0.72939, 0.73156, 0.72351, 0.72595
0.72488, 0.72930, 0.72449, 0.72850
0.72836, 0.73100, 0.72247, 0.72386
0.72320, 0.72633, 0.71694, 0.71738
0.71736, 0.72563, 0.71703, 0.72236
0.72242, 0.72757, 0.71909, 0.72604
0.72620, 0.73030, 0.72503, 0.72878
0.72868, 0.73001, 0.72480, 0.72890
0.72884, 0.72920, 0.72251, 0.72728
0.72719, 0.73235, 0.72666, 0.73107
0.73103, 0.73372, 0.72873, 0.73081
0.73053, 0.73719, 0.72913, 0.73461
0.73455, 0.73836, 0.73313, 0.73509
0.73497, 0.73810, 0.73226, 0.73785
0.73776, 0.74259, 0.73709, 0.74148
0.74143, 0.74391, 0.74025, 0.74190
0.74134, 0.74361, 0.73777, 0.74111
0.74104, 0.74846, 0.74068, 0.74736
0.74726, 0.75219, 0.74642, 0.75147
0.75137, 0.75455, 0.74575, 0.74645
0.74646, 0.75113, 0.74528, 0.74660
0.74642, 0.75043, 0.74602, 0.74900
0.74885, 0.75246, 0.74832, 0.75009
0.75000, 0.75349, 0.74864, 0.75180
0.75168, 0.75548, 0.74787, 0.75434
0.75427, 0.75545, 0.74995, 0.75196
0.75097, 0.75351, 0.74852, 0.75205
0.75203, 0.75307, 0.74195, 0.74285
0.74288, 0.74577, 0.74114, 0.74491
0.74486, 0.74697, 0.73819, 0.73984
0.73985, 0.74114, 0.73590, 0.73925
0.73948, 0.74305, 0.73833, 0.74232
0.74228, 0.74308, 0.73598, 0.73782
0.73784, 0.73925, 0.73232, 0.73251
0.73249, 0.73403, 0.72863, 0.72887
0.72879, 0.73343, 0.72757, 0.73296
0.73211, 0.73697, 0.73211, 0.73463
0.73460, 0.73669, 0.72914, 0.72998
0.72984, 0.73041, 0.72577, 0.72647
0.72646, 0.72922, 0.72488, 0.72754
0.72749, 0.72903, 0.72261, 0.72293
0.72306, 0.72726, 0.72200, 0.72226
0.72226, 0.72354, 0.72058, 0.72253
0.72254, 0.72268, 0.71829, 0.71933
0.71931, 0.72084, 0.71792, 0.71862
0.71864, 0.71890, 0.71113, 0.71121
0.71274, 0.71588, 0.71129, 0.71418
0.71414, 0.71696, 0.70619, 0.71276
0.71270, 0.71720, 0.70939, 0.71047
0.71039, 0.71187, 0.70836, 0.70911
0.70906, 0.70951, 0.69922, 0.69946
0.69903, 0.70536, 0.69903, 0.70506
0.70464, 0.71220, 0.70388, 0.71181
0.71151, 0.71830, 0.71135, 0.71697
0.71671, 0.71859, 0.71348, 0.71456
0.71444, 0.71817, 0.71311, 0.71672
0.71633, 0.71755, 0.71097, 0.71328
0.71229, 0.71347, 0.70892, 0.71029
0.71004, 0.71765, 0.70912, 0.71726
0.71714, 0.72227, 0.71447, 0.71831
0.71825, 0.71832, 0.71218, 0.71254
0.71271, 0.71318, 0.70814, 0.71088
0.71086, 0.71553, 0.70979, 0.71516
0.71518, 0.72194, 0.71198, 0.72133
0.72128, 0.72507, 0.71930, 0.72417
0.72416, 0.72429, 0.72205, 0.72213
0.72251, 0.72441, 0.72047, 0.72393
0.72388, 0.72632, 0.72181, 0.72279
0.72262, 0.72716, 0.72120, 0.72476
0.72471, 0.72748, 0.72408, 0.72493
0.72489, 0.72763, 0.72424, 0.72743
0.72621, 0.72762, 0.71832, 0.71895
0.71884, 0.72477, 0.71842, 0.72387
0.72379, 0.72715, 0.72146, 0.72209
0.72202, 0.72218, 0.71448, 0.71620
0.71616, 0.71867, 0.71290, 0.71807
0.71699, 0.72016, 0.71481, 0.71735
0.71725, 0.72125, 0.71542, 0.72092
0.72093, 0.72917, 0.71995, 0.72834
0.72829, 0.73134, 0.72725, 0.72790
0.72790, 0.72927, 0.71974, 0.72155
0.72172, 0.72286, 0.71948, 0.72086
0.72084, 0.72270, 0.71691, 0.71849
0.71843, 0.72374, 0.71760, 0.72113
0.72105, 0.72756, 0.72072, 0.72247
0.72243, 0.72281, 0.71707, 0.71742
0.71705, 0.71867, 0.70897, 0.71442
0.71421, 0.71748, 0.71205, 0.71506
0.71489, 0.71804, 0.70948, 0.71147
0.71141, 0.71204, 0.70229, 0.70332
0.70322, 0.70449, 0.69666, 0.69948
0.69877, 0.70758, 0.69864, 0.70664
0.70656, 0.71295, 0.70326, 0.71284
0.71274, 0.71581, 0.71173, 0.71359
0.71352, 0.71676, 0.71087, 0.71385
0.71380, 0.71507, 0.70508, 0.70765
0.70769, 0.71295, 0.70644, 0.71219
0.71226, 0.71458, 0.71057, 0.71456
0.71450, 0.71937, 0.71408, 0.71805
0.71795, 0.72477, 0.71462, 0.71667
0.71654, 0.71841, 0.71076, 0.71356
0.71290, 0.71495, 0.70853, 0.71270
0.71261, 0.71555, 0.71007, 0.71515
0.71503, 0.72040, 0.71427, 0.71950
0.71940, 0.72164, 0.71486, 0.71869
0.71861, 0.72269, 0.71639, 0.71775
0.71703, 0.72216, 0.71661, 0.71884
0.71882, 0.72326, 0.71709, 0.72170
0.72169, 0.72829, 0.72165, 0.72309
0.72298, 0.72316, 0.70936, 0.71614
0.71613, 0.72369, 0.71388, 0.72315
0.71758, 0.72648, 0.71667, 0.72639
0.72632, 0.72887, 0.72371, 0.72523
0.72482, 0.73057, 0.72426, 0.72958
0.72955, 0.73468, 0.72753, 0.73271
0.73267, 0.73798, 0.72995, 0.73731
0.73695, 0.74401, 0.73106, 0.73132
0.73129, 0.73472, 0.72443, 0.72707
0.72689, 0.73362, 0.72622, 0.73194
0.73187, 0.73665, 0.72866, 0.73583
0.73559, 0.73661, 0.72814, 0.72929
0.72887, 0.72979, 0.71853, 0.71900
0.71875, 0.72265, 0.71643, 0.71934
0.71933, 0.72959, 0.71797, 0.72878
0.72871, 0.73922, 0.72814, 0.73741
0.73736, 0.74169, 0.73595, 0.74126
0.74021, 0.74237, 0.73729, 0.73947
0.73940, 0.74705, 0.73748, 0.74637
0.74638, 0.75063, 0.74493, 0.74968
0.74965, 0.75270, 0.74653, 0.75095
0.75097, 0.75360, 0.74940, 0.75122
0.75056, 0.75390, 0.74656, 0.74913
0.74902, 0.75179, 0.74550, 0.75079
0.75067, 0.75357, 0.75014, 0.75100
0.75095, 0.75246, 0.74696, 0.74810
0.74804, 0.75237, 0.74716, 0.74944
0.74847, 0.75556, 0.74821, 0.75451
0.75442, 0.76600, 0.75349, 0.75753
0.75746, 0.75923, 0.74846, 0.75092
0.75087, 0.75181, 0.74660, 0.74791
0.74788, 0.74917, 0.74254, 0.74583
0.74555, 0.74642, 0.74128, 0.74177
0.74166, 0.74927, 0.73985, 0.74523
0.74517, 0.74739, 0.73909, 0.74527
0.74520, 0.74676, 0.73963, 0.74159
0.74159, 0.74173, 0.73900, 0.73901
0.73890, 0.74025, 0.73417, 0.73491
0.73480, 0.73990, 0.73420, 0.73761
0.73751, 0.74566, 0.73713, 0.74508
0.74496, 0.74573, 0.73640, 0.73690
0.73686, 0.73752, 0.72338, 0.72425
0.72466, 0.72492, 0.71340, 0.71798
0.71796, 0.72277, 0.71181, 0.71218
0.71212, 0.71898, 0.71003, 0.71265
0.71253, 0.71612, 0.70540, 0.70984
0.70954, 0.71790, 0.70581, 0.70591
0.70688, 0.70812, 0.70293, 0.70519
0.70507, 0.71466, 0.70451, 0.70934
0.70935, 0.72643, 0.70877, 0.72545
0.72545, 0.72651, 0.70763, 0.71127
0.71115, 0.71344, 0.70574, 0.70690
0.70642, 0.70672, 0.69442, 0.69478
0.69477, 0.69853, 0.69099, 0.69375
0.69367, 0.70526, 0.69265, 0.69390
0.69373, 0.69522, 0.68279, 0.68542
0.68540, 0.69400, 0.68511, 0.69389
0.69210, 0.69816, 0.68712, 0.69682
0.69676, 0.70397, 0.69643, 0.70280
0.70266, 0.70456, 0.69489, 0.69512
0.69512, 0.70716, 0.69498, 0.70475
0.70465, 0.70723, 0.70013, 0.70447
0.70442, 0.71259, 0.70392, 0.71086
0.71076, 0.71121, 0.70557, 0.71066
0.71077, 0.71180, 0.70345, 0.70870
0.70864, 0.71088, 0.70560, 0.70980
0.70960, 0.71659, 0.70884, 0.71571
0.71573, 0.71990, 0.71508, 0.71960
0.71955, 0.72027, 0.71487, 0.71767
0.71752, 0.72292, 0.71545, 0.71774
0.71764, 0.72686, 0.71398, 0.72659
0.72652, 0.72820, 0.72007, 0.72067
0.72092, 0.72308, 0.71859, 0.71935
0.71925, 0.72447, 0.71562, 0.72321
0.72310, 0.72334, 0.71747, 0.71906
0.71891, 0.71965, 0.70927, 0.70960
0.70956, 0.71372, 0.70365, 0.70420
0.70366, 0.70427, 0.69102, 0.69252
0.69244, 0.69694, 0.68495, 0.68712
0.68706, 0.70233, 0.68658, 0.70013
0.70013, 0.70682, 0.69425, 0.70464
0.70456, 0.70502, 0.68964, 0.69355
0.69155, 0.69950, 0.69150, 0.69496
0.69494, 0.69930, 0.69338, 0.69720
0.69710, 0.69710, 0.68805, 0.69246
0.69240, 0.69269, 0.68681, 0.68928
0.68905, 0.69567, 0.68812, 0.69416
0.69412, 0.69578, 0.69061, 0.69220
0.69218, 0.69636, 0.69043, 0.69056
0.69052, 0.69190, 0.68608, 0.68781
0.68776, 0.69183, 0.68528, 0.69025
0.69017, 0.69023, 0.67628, 0.68140
0.68082, 0.68878, 0.67927, 0.68633
0.68629, 0.68939, 0.67607, 0.67982
0.67975, 0.68251, 0.67610, 0.67792
0.67782, 0.68476, 0.67634, 0.68412
0.68400, 0.68733, 0.67907, 0.68516
0.68434, 0.68531, 0.67135, 0.67345
0.67342, 0.67778, 0.67099, 0.67576
0.67568, 0.68026, 0.67245, 0.67562
0.67559, 0.67874, 0.66805, 0.67485
0.67469, 0.68052, 0.67182, 0.67911
0.67887, 0.68535, 0.67874, 0.68124
0.68120, 0.69116, 0.68016, 0.68984
0.68968, 0.69295, 0.68721, 0.68870
0.68860, 0.69348, 0.68580, 0.69340
0.69329, 0.69763, 0.68922, 0.69236
0.69202, 0.69645, 0.68759, 0.69560
0.69554, 0.69821, 0.69208, 0.69349
0.69349, 0.70115, 0.69108, 0.69938
0.69939, 0.70127, 0.69539, 0.69927
0.69898, 0.70308, 0.69098, 0.69916
0.69717, 0.70461, 0.69673, 0.70252
0.70242, 0.70312, 0.69114, 0.69180
0.69179, 0.69550, 0.68853, 0.69488
0.69487, 0.69890, 0.69341, 0.69664
0.69663, 0.69738, 0.68685, 0.69096
0.69012, 0.70083, 0.68970, 0.69825
0.69818, 0.69935, 0.69521, 0.69616
0.69615, 0.71081, 0.69457, 0.70774
0.70773, 0.71359, 0.70622, 0.71059
0.71050, 0.71273, 0.70838, 0.71209
0.71154, 0.71240, 0.70102, 0.70217
0.70212, 0.70391, 0.69901, 0.70244
0.70231, 0.70254, 0.69100, 0.69347
0.69341, 0.69691, 0.68980, 0.69134
0.69121, 0.69187, 0.68582, 0.68719
0.68700, 0.69279, 0.68598, 0.68769
0.68757, 0.69626, 0.68552, 0.69277
0.69274, 0.69300, 0.68782, 0.69087
0.69066, 0.69903, 0.69005, 0.69779
0.69777, 0.70081, 0.68874, 0.68895
0.68777, 0.69252, 0.68400, 0.69001
0.69001, 0.69552, 0.68447, 0.68520
0.68516, 0.69031, 0.68344, 0.68418
0.68415, 0.68448, 0.67702, 0.67880
0.67869, 0.68541, 0.67786, 0.68061
0.67805, 0.68029, 0.67719, 0.67972
0.67967, 0.68314, 0.67270, 0.67348
0.67343, 0.67684, 0.66982, 0.67670
0.67670, 0.67725, 0.67122, 0.67492
0.67490, 0.68763, 0.67457, 0.68445
0.68321, 0.68987, 0.68233, 0.68862
0.68865, 0.69152, 0.67258, 0.67307
0.67297, 0.67594, 0.67042, 0.67454
0.67457, 0.67693, 0.66952, 0.66977
0.66972, 0.67232, 0.66691, 0.67163
0.67127, 0.67332, 0.66711, 0.67242
0.67244, 0.67464, 0.66756, 0.66878
0.66878, 0.67039, 0.66205, 0.66309
0.66301, 0.66700, 0.65729, 0.66415
0.66411, 0.66548, 0.65104, 0.65277
0.65149, 0.65366, 0.64369, 0.64546
0.64537, 0.65119, 0.64131, 0.64328
0.64320, 0.65299, 0.63622, 0.65215
0.65206, 0.65239, 0.64346, 0.64959
0.64960, 0.65228, 0.63902, 0.63967
0.63998, 0.65212, 0.63998, 0.65155
0.65154, 0.65464, 0.64485, 0.65015
0.65011, 0.65252, 0.64158, 0.64886
0.64887, 0.65399, 0.63883, 0.64088
0.64076, 0.64315, 0.63534, 0.63590
0.63626, 0.63793, 0.62737, 0.62975
0.62979, 0.63450, 0.62464, 0.62718
0.62713, 0.62978, 0.62344, 0.62743
0.62746, 0.63157, 0.61693, 0.62968
0.62963, 0.63460, 0.61932, 0.62016
0.62060, 0.63111, 0.62016, 0.62918
0.62910, 0.63389, 0.62647, 0.63096
0.63078, 0.63243, 0.62503, 0.62690
0.62671, 0.63552, 0.62275, 0.62810
0.62795, 0.63919, 0.62092, 0.63782
0.63967, 0.64103, 0.62715, 0.63103
0.63105, 0.64113, 0.62966, 0.63934
0.63879, 0.65103, 0.63622, 0.64959
0.64954, 0.65211, 0.64248, 0.64535
0.64526, 0.64786, 0.63882, 0.64106
0.63980, 0.64270, 0.63673, 0.63940
0.63940, 0.64629, 0.63762, 0.63933
0.63934, 0.64913, 0.63468, 0.63502
0.63505, 0.63710, 0.62713, 0.62901
0.62886, 0.64819, 0.62840, 0.64672
0.64241, 0.64898, 0.64056, 0.64777
0.64772, 0.65503, 0.64433, 0.65027
0.65028, 0.65213, 0.64135, 0.64304
0.64295, 0.66304, 0.63854, 0.66190
0.66167, 0.67161, 0.65769, 0.67064
0.66987, 0.67228, 0.66628, 0.66991
0.66983, 0.67968, 0.66847, 0.67572
0.67571, 0.67920, 0.67186, 0.67386
0.67369, 0.67502, 0.66333, 0.66902
0.66834, 0.67295, 0.66604, 0.66685
0.66650, 0.66821, 0.65839, 0.66027
0.65988, 0.66507, 0.65988, 0.66457
0.66453, 0.67377, 0.66332, 0.67309
0.67304, 0.67773, 0.67208, 0.67645
0.67637, 0.67799, 0.67198, 0.67425
0.67207, 0.67272, 0.66411, 0.66504
0.66495, 0.67480, 0.66394, 0.66871
0.66866, 0.68002, 0.66692, 0.67855
0.67844, 0.68436, 0.67794, 0.68128
0.68118, 0.68354, 0.67417, 0.67930
0.67896, 0.68500, 0.66863, 0.66961
0.66964, 0.67435, 0.66800, 0.66871
0.66863, 0.67412, 0.66677, 0.67223
0.67216, 0.67801, 0.66976, 0.67696
0.67689, 0.68127, 0.67403, 0.67962
0.67852, 0.67969, 0.67280, 0.67467
0.67465, 0.68924, 0.67392, 0.68537
0.68528, 0.68807, 0.68094, 0.68618
0.68616, 0.68688, 0.66758, 0.66982
0.66985, 0.67350, 0.66746, 0.66868
0.67043, 0.67318, 0.66818, 0.66984
0.66983, 0.67433, 0.66284, 0.66793
0.66785, 0.67272, 0.66556, 0.67062
0.67049, 0.67661, 0.66493, 0.66683
0.66682, 0.67239, 0.66594, 0.67144
0.67203, 0.67264, 0.67046, 0.67250
0.67241, 0.67749, 0.67191, 0.67329
0.67314, 0.68003, 0.67181, 0.67386
0.67375, 0.67864, 0.67097, 0.67770
0.67760, 0.68199, 0.67517, 0.68161
0.68018, 0.68184, 0.67883, 0.67971
0.67970, 0.68336, 0.66870, 0.67267
0.67256, 0.68855, 0.67161, 0.68368
0.68355, 0.68444, 0.67342, 0.67495
0.67497, 0.68860, 0.67212, 0.68755
0.68774, 0.69490, 0.68737, 0.69112
0.69108, 0.69271, 0.68589, 0.68918
0.68895, 0.69246, 0.68723, 0.69053
0.69042, 0.69839, 0.68729, 0.69663
0.69658, 0.69933, 0.69144, 0.69746
0.69681, 0.70181, 0.69398, 0.69518
0.69519, 0.69963, 0.69289, 0.69884
0.69857, 0.70625, 0.69346, 0.69403
0.69403, 0.69469, 0.68709, 0.69087
0.69088, 0.69727, 0.69053, 0.69674
0.69619, 0.70390, 0.69588, 0.70272
0.70269, 0.70570, 0.69926, 0.70468
0.70450, 0.71217, 0.70314, 0.71049
0.71042, 0.71415, 0.70783, 0.71140
0.71122, 0.71286, 0.70815, 0.71082
0.70975, 0.71193, 0.70502, 0.70592
0.70584, 0.70640, 0.69829, 0.70535
0.70534, 0.71440, 0.70356, 0.71354
0.71351, 0.71566, 0.70678, 0.70755
0.70746, 0.70795, 0.69181, 0.69214
0.68962, 0.69476, 0.68547, 0.68820
0.68816, 0.69876, 0.68792, 0.69585
0.69570, 0.69952, 0.69179, 0.69225
0.69228, 0.70104, 0.69201, 0.69339
0.69339, 0.69592, 0.69081, 0.69187
0.69171, 0.69726, 0.68894, 0.69654
0.69656, 0.70282, 0.69205, 0.69864
0.69858, 0.69879, 0.68639, 0.69034
0.69023, 0.69351, 0.68391, 0.68772
0.68757, 0.68834, 0.68107, 0.68769
0.68689, 0.69199, 0.68616, 0.69092
0.69075, 0.69189, 0.68466, 0.68538
0.68529, 0.68638, 0.67938, 0.68063
0.68044, 0.68409, 0.67806, 0.68060
0.68052, 0.68231, 0.67176, 0.67248
0.67265, 0.67439, 0.66972, 0.67383
0.67368, 0.67568, 0.67029, 0.67279
0.67278, 0.67828, 0.66941, 0.67576
0.67572, 0.67651, 0.67056, 0.67284
0.67282, 0.67739, 0.67238, 0.67678
0.67533, 0.67688, 0.67155, 0.67308
0.67286, 0.67471, 0.65801, 0.65869
0.65857, 0.66281, 0.65671, 0.65877
0.65874, 0.66353, 0.65752, 0.65889
0.65889, 0.66392, 0.65633, 0.65813
0.66014, 0.67160, 0.65997, 0.66645
0.66645, 0.66951, 0.66308, 0.66795
0.66799, 0.67106, 0.65889, 0.66124
0.66123, 0.66672, 0.66105, 0.66524
0.66517, 0.67240, 0.66495, 0.66918
0.67141, 0.67291, 0.66649, 0.67157
0.67157, 0.67258, 0.66487, 0.66692
0.66690, 0.67580, 0.66604, 0.66821
0.66818, 0.67543, 0.66688, 0.66861
0.66861, 0.66934, 0.66241, 0.66425
0.66505, 0.66651, 0.66330, 0.66484
0.66484, 0.67094, 0.66437, 0.67054
0.67052, 0.67122, 0.66605, 0.66835
0.66832, 0.67173, 0.66605, 0.67107
0.67095, 0.67370, 0.66693, 0.66849
0.66830, 0.67891, 0.66500, 0.67852
0.67821, 0.67924, 0.67197, 0.67516
0.67513, 0.67788, 0.66759, 0.67205
0.67192, 0.67244, 0.66522, 0.66707
0.66707, 0.66904, 0.66400, 0.66609
0.66502, 0.66792, 0.66184, 0.66413
0.66385, 0.66788, 0.66317, 0.66528
0.66517, 0.67225, 0.66474, 0.66924
0.66911, 0.67959, 0.66843, 0.67832
0.67821, 0.68046, 0.66942, 0.67089
0.66990, 0.67182, 0.66800, 0.67009
0.66995, 0.67465, 0.66914, 0.67267
0.67248, 0.67405, 0.66892, 0.67125
0.67119, 0.67709, 0.66960, 0.67412
0.67413, 0.67447, 0.66769, 0.66920
0.66900, 0.66968, 0.66648, 0.66940
0.66933, 0.67047, 0.66135, 0.66245
0.66244, 0.66382, 0.65907, 0.66029
0.66017, 0.66345, 0.65945, 0.66290
0.66279, 0.66413, 0.65725, 0.66142
0.66089, 0.66671, 0.66066, 0.66294
0.66283, 0.67162, 0.66198, 0.66621
0.66615, 0.67023, 0.66484, 0.66734
0.66723, 0.67054, 0.66394, 0.66921
0.66919, 0.67560, 0.66881, 0.67521
0.67474, 0.68026, 0.67391, 0.67796
0.67794, 0.67859, 0.67456, 0.67607
0.67607, 0.68174, 0.67432, 0.67775
0.67765, 0.67951, 0.66882, 0.67007
0.67006, 0.67053, 0.66354, 0.66404
0.66441, 0.67078, 0.66407, 0.66986
0.66965, 0.67087, 0.66504, 0.66538
0.66537, 0.66723, 0.66282, 0.66579
0.66583, 0.66667, 0.66042, 0.66220
0.66199, 0.66741, 0.66122, 0.66485
0.66399, 0.66668, 0.66264, 0.66507
0.66499, 0.66610, 0.66065, 0.66090
0.66088, 0.66144, 0.65289, 0.65423
0.65425, 0.65448, 0.64976, 0.65037
0.64993, 0.65433, 0.64896, 0.65169
0.65182, 0.65533, 0.65177, 0.65384
0.65379, 0.65583, 0.65021, 0.65171
0.65160, 0.65376, 0.64574, 0.65025
0.65010, 0.65806, 0.64836, 0.65716
0.65703, 0.66377, 0.65644, 0.66038
0.66018, 0.66365, 0.65785, 0.66167
0.66172, 0.66843, 0.66089, 0.66704
0.66695, 0.67164, 0.66408, 0.66510
0.66513, 0.67172, 0.66499, 0.67133
0.67103, 0.67498, 0.66919, 0.67412
0.67338, 0.67724, 0.67306, 0.67496
0.67481, 0.68062, 0.67371, 0.67653
0.67637, 0.68347, 0.67546, 0.67969
0.67963, 0.68918, 0.67650, 0.68817
0.68813, 0.68988, 0.68541, 0.68739
0.68762, 0.68815, 0.68332, 0.68482
0.68469, 0.68541, 0.67521, 0.67863
0.67860, 0.68037, 0.67400, 0.67958
0.67948, 0.68052, 0.67437, 0.67555
0.67540, 0.67666, 0.66619, 0.66745
0.66774, 0.66929, 0.66667, 0.66736
0.66717, 0.67198, 0.66650, 0.66846
0.66832, 0.66883, 0.65960, 0.65993
0.66002, 0.66394, 0.65945, 0.66160
0.66156, 0.66705, 0.66024, 0.66585
0.66598, 0.66908, 0.66361, 0.66702
0.66688, 0.67045, 0.66406, 0.66904
0.66887, 0.66977, 0.66523, 0.66532
0.66530, 0.66869, 0.65982, 0.66239
0.66238, 0.66997, 0.66188, 0.66889
0.66804, 0.66948, 0.66227, 0.66744
0.66724, 0.66940, 0.66500, 0.66846
0.66833, 0.67951, 0.66799, 0.67879
0.67862, 0.68938, 0.67797, 0.68879
0.68855, 0.68941, 0.68296, 0.68369
0.68303, 0.68392, 0.67867, 0.68160
0.68158, 0.68363, 0.67883, 0.68100
0.68082, 0.68192, 0.67493, 0.67692
0.67669, 0.68458, 0.67629, 0.67779
0.67769, 0.67868, 0.67216, 0.67301
0.67271, 0.67553, 0.67142, 0.67387
0.67354, 0.67937, 0.67244, 0.67906
0.67859, 0.67917, 0.67282, 0.67591
0.67577, 0.68203, 0.66973, 0.67065
0.67053, 0.67126, 0.66217, 0.66456
0.66435, 0.67385, 0.66433, 0.67171
0.67162, 0.67225, 0.66012, 0.66119
0.66113, 0.66288, 0.65260, 0.65359
0.65351, 0.65676, 0.65133, 0.65499
0.65481, 0.66086, 0.65362, 0.65677
0.65716, 0.65920, 0.65544, 0.65740
0.65727, 0.65751, 0.64956, 0.65419
0.65413, 0.65704, 0.65190, 0.65276
0.65270, 0.66157, 0.65138, 0.65143
0.65147, 0.65327, 0.64851, 0.64936
0.64914, 0.65021, 0.64531, 0.64864
0.64832, 0.65210, 0.64506, 0.64535
0.64537, 0.64796, 0.64149, 0.64229
0.64218, 0.64496, 0.63636, 0.64023
0.64035, 0.64035, 0.64035, 0.64035