0.74214, 0.74228, 0.73851, 0.73914
0.73817, 0.74098, 0.73718, 0.73976
0.73908, 0.75053, 0.73838, 0.74862
0.74823, 0.75293, 0.74457, 0.75268
0.75238, 0.75598, 0.75108, 0.75538
0.75558, 0.75676, 0.74974, 0.75023
0.74996, 0.75458, 0.74820, 0.75288
0.75256, 0.76006, 0.75185, 0.75954
0.75954, 0.76287, 0.75793, 0.76167
0.76135, 0.76582, 0.76059, 0.76430
0.76403, 0.76675, 0.76214, 0.76238
0.76277, 0.76473, 0.76078, 0.76386
0.76348, 0.77158, 0.76296, 0.76969
0.76948, 0.77036, 0.76378, 0.76705
0.76678, 0.76988, 0.76624, 0.76654
0.76642, 0.77013, 0.76380, 0.76380
0.76362, 0.76528, 0.76047, 0.76110
0.76117, 0.76489, 0.76094, 0.76276
0.76265, 0.76576, 0.76202, 0.76508
0.76521, 0.76871, 0.76346, 0.76824
0.76835, 0.77005, 0.76707, 0.76993
0.76905, 0.77357, 0.76845, 0.77114
0.77129, 0.77595, 0.76922, 0.77554
0.77534, 0.77736, 0.77425, 0.77563
0.77219, 0.77800, 0.77219, 0.77654
0.77583, 0.77930, 0.77453, 0.77794
0.77811, 0.78083, 0.77700, 0.77811
0.77815, 0.77843, 0.77074, 0.77336
0.77319, 0.78311, 0.77279, 0.78155
0.78100, 0.78648, 0.78012, 0.78536
0.78532, 0.78672, 0.78109, 0.78124
0.78150, 0.78326, 0.77985, 0.78072
0.78075, 0.78237, 0.77601, 0.77762
0.77741, 0.78327, 0.77651, 0.78253
0.78262, 0.78547, 0.78087, 0.78186
0.78169, 0.78215, 0.77168, 0.77402
0.77392, 0.77996, 0.77381, 0.77965
0.77938, 0.78179, 0.77390, 0.77438
0.77424, 0.77675, 0.76677, 0.77550
0.77538, 0.77554, 0.76531, 0.76955
0.76946, 0.77025, 0.76250, 0.76268
0.76392, 0.76665, 0.76287, 0.76448
0.76433, 0.76608, 0.75658, 0.76142
0.76138, 0.77095, 0.75866, 0.76806
0.76778, 0.76908, 0.75730, 0.76105
0.76048, 0.76444, 0.76012, 0.76227
0.76251, 0.76523, 0.76109, 0.76383
0.76384, 0.76480, 0.75676, 0.75949
0.75950, 0.76830, 0.75851, 0.76217
0.76213, 0.76213, 0.75343, 0.75570
0.75567, 0.76234, 0.75334, 0.76186
0.75610, 0.76125, 0.75610, 0.75883
0.75883, 0.76031, 0.75608, 0.75824
0.75824, 0.75998, 0.75706, 0.75915
0.75914, 0.76460, 0.75719, 0.76053
0.76043, 0.76095, 0.75359, 0.75548
0.75453, 0.75778, 0.75160, 0.75378
0.75377, 0.75433, 0.74774, 0.74833
0.74833, 0.75090, 0.74745, 0.74821
0.74819, 0.75007, 0.74405, 0.74448
0.74448, 0.74631, 0.73963, 0.74433
0.74365, 0.74477, 0.74057, 0.74237
0.74213, 0.74564, 0.74140, 0.74458
0.74447, 0.75021, 0.74305, 0.74714
0.74708, 0.75348, 0.74658, 0.75264
0.75261, 0.75604, 0.74802, 0.75358
0.75291, 0.75527, 0.75118, 0.75348
0.75348, 0.75658, 0.75268, 0.75534
0.75533, 0.75615, 0.75358, 0.75529
0.75476, 0.75706, 0.75429, 0.75634
0.75632, 0.75773, 0.75295, 0.75603
0.75538, 0.75749, 0.75357, 0.75631
0.75628, 0.75796, 0.75497, 0.75632
0.75630, 0.75897, 0.75373, 0.75407
0.75405, 0.76207, 0.75292, 0.76185
0.76178, 0.76322, 0.76020, 0.76138
0.76028, 0.76210, 0.75796, 0.75878
0.75878, 0.75956, 0.75530, 0.75788
0.75788, 0.75896, 0.75369, 0.75863
0.75858, 0.75893, 0.75242, 0.75315
0.75314, 0.75830, 0.75156, 0.75508
0.75454, 0.75577, 0.75333, 0.75355
0.75355, 0.75596, 0.75325, 0.75536
0.75531, 0.76107, 0.75452, 0.76013
0.76011, 0.76247, 0.75869, 0.76034
0.76028, 0.76406, 0.75970, 0.76143
0.76101, 0.76194, 0.75808, 0.75811
0.75809, 0.76247, 0.75435, 0.76094
0.76091, 0.76519, 0.76034, 0.76319
0.76318, 0.76530, 0.76174, 0.76423
0.76403, 0.76614, 0.76332, 0.76535
0.76355, 0.76682, 0.76343, 0.76632
0.76625, 0.76777, 0.76147, 0.76254
0.76254, 0.76356, 0.75984, 0.76258
0.76254, 0.76450, 0.75916, 0.76145
0.76141, 0.76241, 0.75696, 0.75733
0.75411, 0.75836, 0.75373, 0.75596
0.75594, 0.76130, 0.75435, 0.76129
0.76129, 0.76303, 0.75455, 0.75617
0.75612, 0.75831, 0.75481, 0.75743
0.75739, 0.76250, 0.75658, 0.76187
0.76148, 0.76261, 0.75944, 0.76006
0.75959, 0.76013, 0.75498, 0.75502
0.75508, 0.75656, 0.75224, 0.75626
0.75587, 0.75654, 0.75235, 0.75370
0.75365, 0.75495, 0.75200, 0.75473
0.75529, 0.75722, 0.75242, 0.75549
0.75523, 0.75696, 0.75406, 0.75520
0.75520, 0.75686, 0.75013, 0.75163
0.75160, 0.75216, 0.74594, 0.74677
0.74671, 0.74697, 0.74055, 0.74242
0.74093, 0.74373, 0.73954, 0.73977
0.73977, 0.74126, 0.73832, 0.73870
0.73867, 0.74004, 0.73541, 0.73740
0.73738, 0.73751, 0.73153, 0.73417
0.73413, 0.73687, 0.73271, 0.73608
0.73511, 0.74116, 0.73487, 0.74070
0.74066, 0.74539, 0.73943, 0.74408
0.74406, 0.74781, 0.74383, 0.74640
0.74637, 0.74688, 0.74206, 0.74304
0.74303, 0.74338, 0.74070, 0.74198
0.74141, 0.74243, 0.73758, 0.73804
0.73782, 0.74362, 0.73681, 0.74300
0.74324, 0.74994, 0.74231, 0.74860
0.74859, 0.74941, 0.74274, 0.74316
0.74316, 0.74348, 0.73828, 0.74152
0.74091, 0.74529, 0.74028, 0.74477
0.74474, 0.74629, 0.74190, 0.74505
0.74504, 0.74851, 0.74139, 0.74164
0.74163, 0.75088, 0.73988, 0.74929
0.74928, 0.76051, 0.74792, 0.76022
0.76230, 0.76979, 0.76128, 0.76750
0.76742, 0.76950, 0.76568, 0.76730
0.76705, 0.77197, 0.76605, 0.77085
0.77085, 0.77112, 0.76670, 0.76728
0.76708, 0.77020, 0.76568, 0.76648
0.76571, 0.76689, 0.76250, 0.76574
0.76569, 0.76749, 0.76477, 0.76592
0.76588, 0.76684, 0.75762, 0.75767
0.75767, 0.76204, 0.75513, 0.75911
0.75904, 0.76262, 0.75883, 0.76123
0.75987, 0.76247, 0.75525, 0.75950
0.75949, 0.76655, 0.75949, 0.76585
0.76578, 0.76650, 0.76303, 0.76412
0.76411, 0.76450, 0.76040, 0.76091
0.76087, 0.76452, 0.75893, 0.76014
0.75949, 0.76270, 0.75865, 0.76017
0.75992, 0.76134, 0.75837, 0.76038
0.76040, 0.76929, 0.75985, 0.76428
0.76428, 0.76728, 0.76270, 0.76493
0.76492, 0.76510, 0.75983, 0.76073
0.76133, 0.76440, 0.76085, 0.76288
0.76290, 0.76678, 0.76178, 0.76647
0.76646, 0.76739, 0.76456, 0.76598
0.76593, 0.76799, 0.76406, 0.76589
0.76594, 0.76727, 0.76215, 0.76554
0.76574, 0.76865, 0.76488, 0.76610
0.76594, 0.76673, 0.76325, 0.76372
0.76344, 0.76466, 0.76094, 0.76450
0.76386, 0.76701, 0.76104, 0.76490
0.76439, 0.76551, 0.76003, 0.76107
0.76077, 0.76507, 0.76062, 0.76298
0.76295, 0.76485, 0.76018, 0.76078
0.76026, 0.76396, 0.75866, 0.75970
0.75986, 0.76465, 0.75884, 0.76402
0.76344, 0.76563, 0.75899, 0.76005
0.75945, 0.76077, 0.75240, 0.75448
0.75417, 0.75478, 0.74712, 0.74745
0.74766, 0.75176, 0.74692, 0.75161
0.75158, 0.75467, 0.75014, 0.75350
0.75360, 0.75644, 0.75158, 0.75259
0.75327, 0.75631, 0.75310, 0.75357
0.75270, 0.75457, 0.74996, 0.75085
0.75091, 0.75133, 0.74785, 0.74837
0.74832, 0.75187, 0.74722, 0.74959
0.74919, 0.75231, 0.74785, 0.75140
0.75422, 0.75878, 0.75224, 0.75648
0.75548, 0.75650, 0.75182, 0.75197
0.75169, 0.75287, 0.74502, 0.74674
0.74671, 0.74682, 0.73756, 0.74193
0.74145, 0.74825, 0.74055, 0.74283
0.74232, 0.74371, 0.73756, 0.73884
0.73899, 0.74194, 0.73522, 0.74155
0.74160, 0.74532, 0.74093, 0.74400
0.74399, 0.74497, 0.74134, 0.74414
0.74390, 0.74632, 0.74245, 0.74532
0.74375, 0.74623, 0.73941, 0.74063
0.74042, 0.74153, 0.73525, 0.73729
0.73617, 0.74009, 0.73543, 0.73801
0.73717, 0.73834, 0.72766, 0.73154
0.73112, 0.73454, 0.73018, 0.73152
0.73102, 0.73307, 0.72537, 0.72707
0.72551, 0.73408, 0.72547, 0.73334
0.73319, 0.73338, 0.72126, 0.72527
0.72521, 0.72587, 0.71771, 0.72131
0.72055, 0.72448, 0.72007, 0.72139
0.72280, 0.73014, 0.71981, 0.72877
0.72903, 0.73466, 0.72235, 0.73158
0.73135, 0.73758, 0.73048, 0.73740
0.73667, 0.73831, 0.73310, 0.73653
0.73646, 0.73973, 0.73595, 0.73926
0.73876, 0.74209, 0.73558, 0.73742
0.73744, 0.74429, 0.73463, 0.74379
0.74335, 0.74562, 0.74052, 0.74140
0.74142, 0.74241, 0.73821, 0.73859
0.73821, 0.74534, 0.73803, 0.74436
0.74428, 0.74847, 0.74303, 0.74704
0.74674, 0.75009, 0.74499, 0.74864
0.74839, 0.75178, 0.74768, 0.75014
0.74877, 0.75100, 0.74877, 0.74955
0.74954, 0.75031, 0.74625, 0.74670
0.74663, 0.75021, 0.74401, 0.74540
0.74530, 0.74708, 0.74403, 0.74589
0.74592, 0.75149, 0.74508, 0.75129
0.75085, 0.75168, 0.74622, 0.74792
0.74774, 0.75106, 0.74664, 0.74952
0.74918, 0.75812, 0.74843, 0.75566
0.75594, 0.75787, 0.75430, 0.75779
0.75712, 0.76101, 0.75473, 0.75965
0.75863, 0.76211, 0.75863, 0.76099
0.76086, 0.76437, 0.76021, 0.76167
0.76154, 0.76183, 0.75748, 0.75873
0.75828, 0.75878, 0.75174, 0.75319
0.75283, 0.75658, 0.75163, 0.75300
0.75313, 0.76057, 0.75189, 0.75483
0.75429, 0.76124, 0.75389, 0.76018
0.76002, 0.76220, 0.75864, 0.76126
0.76122, 0.76213, 0.75440, 0.75593
0.75574, 0.75965, 0.75525, 0.75854
0.75747, 0.75927, 0.75725, 0.75806
0.75806, 0.75910, 0.75423, 0.75766
0.75764, 0.76040, 0.75671, 0.75952
0.75936, 0.76081, 0.75662, 0.75667
0.75629, 0.76164, 0.75588, 0.76135
0.76054, 0.76184, 0.75795, 0.75861
0.75865, 0.75963, 0.75580, 0.75936
0.75867, 0.76186, 0.75779, 0.76109
0.76110, 0.76155, 0.75313, 0.75757
0.75763, 0.76171, 0.75045, 0.75091
0.75112, 0.75382, 0.74923, 0.75067
0.75059, 0.75322, 0.74936, 0.75226
0.75174, 0.75234, 0.74590, 0.74775
0.74716, 0.75332, 0.74572, 0.75159
0.75139, 0.75307, 0.74953, 0.75095
0.75119, 0.75465, 0.75039, 0.75416
0.75412, 0.75483, 0.75157, 0.75450
0.75443, 0.75565, 0.75224, 0.75443
0.75439, 0.75495, 0.75247, 0.75271
0.75281, 0.75489, 0.74974, 0.75118
0.75123, 0.75286, 0.74915, 0.75071
0.75058, 0.75450, 0.74958, 0.74990
0.74988, 0.75047, 0.74480, 0.74488
0.74512, 0.74690, 0.73974, 0.74204
0.74186, 0.74533, 0.73943, 0.73963
0.74000, 0.74172, 0.73830, 0.73976
0.74000, 0.74384, 0.73982, 0.74283
0.74274, 0.74421, 0.73947, 0.74109
0.74108, 0.74382, 0.73904, 0.74044
0.74044, 0.74676, 0.74007, 0.74518
0.74494, 0.75134, 0.74332, 0.75061
0.75010, 0.75098, 0.74665, 0.74843
0.74790, 0.75062, 0.74618, 0.74780
0.74772, 0.74915, 0.74594, 0.74844
0.74810, 0.74905, 0.74621, 0.74708
0.74634, 0.75087, 0.74618, 0.75026
0.74990, 0.75241, 0.74899, 0.75000
0.74976, 0.75312, 0.74915, 0.75255
0.75264, 0.75293, 0.74896, 0.74954
0.74862, 0.75247, 0.74830, 0.75213
0.75205, 0.75425, 0.74904, 0.75112
0.75094, 0.75489, 0.74912, 0.75479
0.75468, 0.75965, 0.75354, 0.75767
0.75725, 0.75934, 0.75537, 0.75880
0.75893, 0.75947, 0.75681, 0.75681
0.75699, 0.76149, 0.75646, 0.76088
0.76042, 0.76330, 0.75887, 0.75988
0.75996, 0.76014, 0.75293, 0.75608
0.75572, 0.75720, 0.75482, 0.75662
0.75632, 0.75884, 0.75579, 0.75763
0.75763, 0.75905, 0.75596, 0.75765
0.75762, 0.76122, 0.75596, 0.76107
0.76122, 0.76207, 0.75492, 0.75738
0.75681, 0.75892, 0.75543, 0.75658
0.75608, 0.75926, 0.75552, 0.75723
0.75722, 0.75739, 0.75294, 0.75682
0.75669, 0.75908, 0.75531, 0.75655
0.75640, 0.75763, 0.75416, 0.75707
0.75659, 0.75758, 0.75022, 0.75326
0.75301, 0.75647, 0.75132, 0.75400
0.75370, 0.75388, 0.74586, 0.74620
0.74631, 0.74996, 0.74515, 0.74906
0.74909, 0.75162, 0.74635, 0.75060
0.75012, 0.75301, 0.74943, 0.75013
0.75002, 0.75253, 0.74755, 0.75063
0.75048, 0.75358, 0.75021, 0.75094
0.75077, 0.75480, 0.75026, 0.75425
0.75407, 0.75495, 0.75071, 0.75127
0.75128, 0.75155, 0.74328, 0.74476
0.74460, 0.74637, 0.74330, 0.74500
0.74431, 0.74842, 0.74431, 0.74668
0.74625, 0.74929, 0.74483, 0.74671
0.74648, 0.74688, 0.74342, 0.74574
0.74500, 0.74851, 0.74419, 0.74650
0.74621, 0.74668, 0.73933, 0.74013
0.73997, 0.74244, 0.73631, 0.73834
0.73837, 0.74140, 0.73734, 0.74058
0.74015, 0.74222, 0.73653, 0.74121
0.74115, 0.74300, 0.73860, 0.74185
0.74155, 0.74483, 0.74093, 0.74424
0.74398, 0.74756, 0.74398, 0.74600
0.74570, 0.74936, 0.74502, 0.74700
0.74651, 0.74913, 0.74497, 0.74604
0.74599, 0.74769, 0.74471, 0.74579
0.74555, 0.74803, 0.74379, 0.74431
0.74419, 0.74619, 0.74346, 0.74473
0.74474, 0.74776, 0.74238, 0.74759
0.74753, 0.74889, 0.74462, 0.74841
0.74844, 0.74912, 0.74182, 0.74419
0.74378, 0.74609, 0.73819, 0.73823
0.73818, 0.74160, 0.73575, 0.73741
0.73681, 0.74168, 0.73526, 0.74090
0.74018, 0.74582, 0.73940, 0.74500
0.74470, 0.74738, 0.74383, 0.74566
0.74561, 0.74686, 0.74353, 0.74548
0.74546, 0.75212, 0.74546, 0.75206
0.75167, 0.75376, 0.75032, 0.75252
0.75214, 0.75581, 0.75042, 0.75515
0.75536, 0.75614, 0.75368, 0.75457
0.75380, 0.75885, 0.75360, 0.75835
0.75836, 0.76117, 0.75694, 0.75893
0.75830, 0.75944, 0.75575, 0.75667
0.75659, 0.75754, 0.75362, 0.75641
0.75592, 0.75832, 0.75418, 0.75786
0.75752, 0.75944, 0.75403, 0.75514
0.75519, 0.75608, 0.75328, 0.75445
0.75412, 0.75865, 0.75337, 0.75478
0.75460, 0.75877, 0.75445, 0.75643
0.75599, 0.75743, 0.75251, 0.75335
0.75276, 0.75530, 0.74979, 0.75154
0.75159, 0.75328, 0.74777, 0.74853
0.74820, 0.75068, 0.74699, 0.75001
0.74957, 0.75164, 0.74908, 0.74939
0.74912, 0.75449, 0.74847, 0.75273
0.75257, 0.75486, 0.75197, 0.75435
0.75375, 0.75481, 0.75214, 0.75330
0.75294, 0.75354, 0.75058, 0.75291
0.75244, 0.75556, 0.75188, 0.75346
0.75327, 0.75499, 0.74747, 0.74965
0.74901, 0.74975, 0.74197, 0.74393
0.74400, 0.74428, 0.73565, 0.73656
0.73633, 0.74057, 0.73426, 0.73537
0.73468, 0.73731, 0.72652, 0.73316
0.73315, 0.73735, 0.73203, 0.73676
0.73654, 0.73774, 0.73263, 0.73576
0.73661, 0.73717, 0.73122, 0.73184
0.73151, 0.74003, 0.72697, 0.73848
0.73827, 0.73906, 0.72959, 0.73078
0.73041, 0.73414, 0.72931, 0.73336
0.73317, 0.73824, 0.73269, 0.73723
0.73617, 0.74060, 0.73550, 0.73673
0.73627, 0.73705, 0.73382, 0.73399
0.73398, 0.73982, 0.73338, 0.73910
0.73864, 0.74133, 0.73718, 0.73943
0.73904, 0.74167, 0.73152, 0.73368
0.73140, 0.73958, 0.72968, 0.73865
0.73748, 0.74264, 0.73710, 0.73858
0.73785, 0.73898, 0.73646, 0.73744
0.73738, 0.74248, 0.73601, 0.74232
0.74232, 0.74619, 0.74144, 0.74315
0.74233, 0.74456, 0.74208, 0.74305
0.74268, 0.74453, 0.73868, 0.73964
0.73987, 0.74196, 0.73782, 0.74177
0.74139, 0.74642, 0.74028, 0.74525
0.74479, 0.75144, 0.74453, 0.74987
0.74881, 0.75418, 0.74878, 0.75325
0.75299, 0.75482, 0.75082, 0.75415
0.75389, 0.75636, 0.75142, 0.75251
0.75205, 0.75424, 0.74848, 0.74965
0.74948, 0.75016, 0.74494, 0.74508
0.74656, 0.75008, 0.74548, 0.74967
0.74966, 0.75122, 0.74805, 0.74968
0.74967, 0.75168, 0.74867, 0.75055
0.75039, 0.75079, 0.74521, 0.74859
0.74768, 0.74920, 0.74548, 0.74655
0.74767, 0.74790, 0.74371, 0.74647
0.74613, 0.74810, 0.74307, 0.74414
0.74367, 0.74858, 0.74289, 0.74771
0.74712, 0.75067, 0.74611, 0.74903
0.74870, 0.75042, 0.74658, 0.74853
0.74811, 0.75433, 0.74776, 0.75374
0.75271, 0.75490, 0.75028, 0.75092
0.75091, 0.75701, 0.74806, 0.74807
0.74791, 0.75283, 0.74665, 0.74916
0.74914, 0.75072, 0.74530, 0.74765
0.74603, 0.74873, 0.74539, 0.74739
0.74704, 0.74890, 0.74332, 0.74532
0.74503, 0.74826, 0.74442, 0.74671
0.74588, 0.75047, 0.74350, 0.75001
0.75001, 0.75692, 0.74917, 0.75512
0.75486, 0.75648, 0.75222, 0.75355
0.75397, 0.75690, 0.75278, 0.75668
0.75656, 0.75684, 0.75224, 0.75365
0.75332, 0.75509, 0.75028, 0.75200
0.75179, 0.75279, 0.74954, 0.74958
0.74939, 0.75373, 0.74911, 0.75312
0.75306, 0.75614, 0.75221, 0.75590
0.75523, 0.75819, 0.75471, 0.75785
0.75723, 0.75934, 0.75650, 0.75901
0.75861, 0.76179, 0.75799, 0.76128
0.76117, 0.76373, 0.76060, 0.76169
0.76192, 0.76307, 0.75859, 0.75931
0.75939, 0.75968, 0.75086, 0.75174
0.75144, 0.75173, 0.74849, 0.74916
0.74925, 0.75081, 0.74870, 0.74909
0.74938, 0.75173, 0.74938, 0.75092
0.75112, 0.75570, 0.75041, 0.75444
0.75450, 0.75514, 0.75167, 0.75292
0.75233, 0.75706, 0.75174, 0.75508
0.75497, 0.75591, 0.75223, 0.75367
0.75308, 0.75438, 0.75059, 0.75066
0.75063, 0.75273, 0.74970, 0.75014
0.74999, 0.75081, 0.74571, 0.74688
0.74672, 0.74751, 0.74402, 0.74581
0.74548, 0.74916, 0.74542, 0.74814
0.74748, 0.75020, 0.74662, 0.74936
0.74781, 0.75121, 0.74624, 0.74648
0.74652, 0.74790, 0.74289, 0.74489
0.74462, 0.74799, 0.74248, 0.74756
0.74740, 0.75062, 0.74642, 0.74961
0.75008, 0.75070, 0.74831, 0.74941
0.74896, 0.75165, 0.74825, 0.75153
0.75106, 0.75348, 0.75094, 0.75248
0.75186, 0.75223, 0.75074, 0.75180
0.75143, 0.75343, 0.75114, 0.75241
0.75271, 0.75366, 0.74477, 0.74483
0.74469, 0.74614, 0.74096, 0.74242
0.74229, 0.74998, 0.74141, 0.74904
0.74774, 0.75169, 0.74774, 0.74918
0.74848, 0.75064, 0.74626, 0.74709
0.74642, 0.74780, 0.74600, 0.74609
0.74635, 0.74683, 0.74305, 0.74392
0.74380, 0.74790, 0.74303, 0.74613
0.74577, 0.74899, 0.74436, 0.74689
0.74522, 0.74922, 0.74420, 0.74702
0.74579, 0.74931, 0.74571, 0.74651
0.74557, 0.74704, 0.74414, 0.74465
0.74450, 0.74874, 0.74414, 0.74747
0.74722, 0.74807, 0.74440, 0.74544
0.74422, 0.74751, 0.74419, 0.74737
0.74612, 0.74762, 0.74466, 0.74666
0.74628, 0.74718, 0.74489, 0.74507
0.74545, 0.74893, 0.74502, 0.74828
0.74744, 0.74890, 0.74359, 0.74471
0.74451, 0.74613, 0.74078, 0.74156
0.74138, 0.74758, 0.74025, 0.74504
0.74687, 0.74904, 0.74593, 0.74770
0.74745, 0.75042, 0.74568, 0.74744
0.74678, 0.74864, 0.74630, 0.74646
0.74599, 0.74876, 0.74498, 0.74599
0.74580, 0.74813, 0.74342, 0.74678
0.74631, 0.74759, 0.74227, 0.74540
0.74528, 0.74855, 0.74446, 0.74520
0.74433, 0.74585, 0.74290, 0.74357
0.74360, 0.74393, 0.73956, 0.74052
0.74036, 0.74127, 0.73678, 0.73901
0.73876, 0.74021, 0.73708, 0.73998
0.73949, 0.74248, 0.73921, 0.74044
0.74026, 0.74281, 0.74018, 0.74147
0.74116, 0.74235, 0.73976, 0.74104
0.74097, 0.74402, 0.73650, 0.73679
0.73629, 0.73885, 0.73457, 0.73811
0.73787, 0.73955, 0.73770, 0.73841
0.73695, 0.73814, 0.73368, 0.73477
0.73423, 0.73967, 0.73306, 0.73953
0.73949, 0.74067, 0.73715, 0.73736
0.73682, 0.73771, 0.73193, 0.73385
0.73316, 0.73521, 0.72720, 0.72777
0.72707, 0.73048, 0.72524, 0.72709
0.72668, 0.73137, 0.72598, 0.72994
0.72952, 0.73325, 0.72797, 0.73285
0.73256, 0.73436, 0.73230, 0.73365
0.73359, 0.73533, 0.73150, 0.73458
0.73333, 0.73610, 0.73304, 0.73397
0.73321, 0.73634, 0.73321, 0.73437
0.73376, 0.73853, 0.73370, 0.73833
0.73769, 0.73926, 0.73581, 0.73822
0.73724, 0.74127, 0.73716, 0.74065
0.74001, 0.74245, 0.74001, 0.74100
0.74100, 0.74197, 0.73872, 0.74143
0.74135, 0.74445, 0.74120, 0.74414
0.74352, 0.74431, 0.74048, 0.74223
0.74233, 0.74268, 0.73796, 0.73941
0.73877, 0.73961, 0.73569, 0.73644
0.73628, 0.73773, 0.73370, 0.73495
0.73499, 0.73644, 0.73106, 0.73259
0.73230, 0.73291, 0.72218, 0.72228
0.72214, 0.72403, 0.71466, 0.72044
0.71626, 0.72494, 0.71367, 0.71994
0.71857, 0.71966, 0.71222, 0.71427
0.71361, 0.71845, 0.71124, 0.71480
0.71460, 0.71498, 0.70469, 0.70469
0.70475, 0.70691, 0.69407, 0.69859
0.68555, 0.68790, 0.66632, 0.67528
0.67580, 0.68839, 0.67416, 0.68412
0.68393, 0.68510, 0.67840, 0.68122
0.68131, 0.69167, 0.67479, 0.67889
0.67880, 0.69074, 0.67662, 0.68846
0.68747, 0.68890, 0.67423, 0.67425
0.67470, 0.68274, 0.67366, 0.67649
0.67629, 0.67682, 0.66362, 0.66670
0.66639, 0.68253, 0.66038, 0.68087
0.68100, 0.69230, 0.67955, 0.68556
0.68543, 0.68590, 0.67457, 0.67782
0.67771, 0.68031, 0.67055, 0.67872
0.67875, 0.68984, 0.67797, 0.68699
0.68711, 0.69006, 0.68190, 0.68523
0.68561, 0.68650, 0.67863, 0.67955
0.67887, 0.68187, 0.67437, 0.67694
0.67600, 0.68684, 0.67273, 0.68346
0.68243, 0.68381, 0.67647, 0.68001
0.67970, 0.68975, 0.67923, 0.68831
0.68756, 0.69366, 0.68603, 0.68682
0.68561, 0.69408, 0.68429, 0.69330
0.69304, 0.69576, 0.69149, 0.69282
0.69216, 0.69429, 0.68984, 0.69403
0.69242, 0.69453, 0.68851, 0.69126
0.69124, 0.69277, 0.68987, 0.69135
0.69271, 0.69804, 0.68940, 0.69576
0.69577, 0.69700, 0.68986, 0.69184
0.69082, 0.69185, 0.68281, 0.68341
0.68322, 0.68845, 0.68235, 0.68840
0.68868, 0.69111, 0.68709, 0.69042
0.68948, 0.69058, 0.68384, 0.68388
0.68429, 0.68627, 0.68041, 0.68208
0.68118, 0.68730, 0.68108, 0.68610
0.68529, 0.69510, 0.68494, 0.69325
0.69281, 0.69567, 0.68842, 0.68958
0.68893, 0.69561, 0.68893, 0.69471
0.69470, 0.69842, 0.69362, 0.69618
0.69615, 0.70231, 0.69579, 0.70155
0.70140, 0.70323, 0.69194, 0.69232
0.69155, 0.69315, 0.68028, 0.68200
0.68210, 0.68641, 0.68072, 0.68502
0.68415, 0.69420, 0.68415, 0.69240
0.69186, 0.69416, 0.68856, 0.68903
0.68900, 0.69865, 0.68771, 0.69644
0.69598, 0.69795, 0.69488, 0.69714
0.69681, 0.69875, 0.69258, 0.69400
0.69349, 0.69470, 0.68849, 0.68852
0.68849, 0.69204, 0.68820, 0.68956
0.68882, 0.69369, 0.68827, 0.69269
0.69259, 0.69379, 0.68833, 0.68844
0.68871, 0.69904, 0.68800, 0.69666
0.69649, 0.70095, 0.69601, 0.69670
0.69561, 0.69768, 0.69326, 0.69397
0.69366, 0.69702, 0.69278, 0.69531
0.69488, 0.69631, 0.69149, 0.69300
0.69372, 0.69596, 0.69296, 0.69384
0.69494, 0.70152, 0.69424, 0.70094
0.70031, 0.70669, 0.69952, 0.70403
0.70396, 0.70538, 0.69931, 0.70038
0.69994, 0.70159, 0.69456, 0.69762
0.69668, 0.70916, 0.69640, 0.70788
0.70729, 0.71285, 0.70729, 0.71178
0.71152, 0.71369, 0.71023, 0.71211
0.71220, 0.71270, 0.70671, 0.70770
0.70688, 0.72028, 0.70688, 0.71688
0.71474, 0.71898, 0.71339, 0.71548
0.71498, 0.71641, 0.70590, 0.70873
0.70775, 0.71017, 0.70311, 0.70359
0.70393, 0.70459, 0.69056, 0.69255
0.69253, 0.70230, 0.69104, 0.70098
0.70011, 0.70055, 0.69502, 0.69904
0.69875, 0.70349, 0.69736, 0.70235
0.70112, 0.70306, 0.69878, 0.69921
0.69893, 0.70193, 0.69752, 0.69949
0.69869, 0.70243, 0.69827, 0.69950
0.69594, 0.70092, 0.69594, 0.70055
0.69962, 0.70173, 0.69686, 0.69725
0.69597, 0.69876, 0.69484, 0.69492
0.69466, 0.69706, 0.69397, 0.69509
0.69460, 0.69565, 0.69147, 0.69242
0.69223, 0.69630, 0.69133, 0.69591
0.69560, 0.69805, 0.69345, 0.69774
0.69689, 0.69909, 0.69519, 0.69594
0.69544, 0.69679, 0.69358, 0.69670
0.69626, 0.69814, 0.69565, 0.69653
0.69624, 0.69751, 0.69269, 0.69565
0.69571, 0.69617, 0.69235, 0.69264
0.69251, 0.69515, 0.69176, 0.69437
0.69417, 0.69542, 0.69137, 0.69181
0.69176, 0.69318, 0.69011, 0.69201
0.69255, 0.69575, 0.69142, 0.69189
0.69145, 0.69227, 0.68863, 0.69022
0.68918, 0.70006, 0.68918, 0.69891
0.69862, 0.70020, 0.69581, 0.69657
0.69619, 0.69690, 0.69051, 0.69099
0.69159, 0.69482, 0.69085, 0.69358
0.69363, 0.69802, 0.69299, 0.69316
0.69270, 0.69410, 0.69163, 0.69267
0.69204, 0.69445, 0.68937, 0.69009
0.69022, 0.69069, 0.68573, 0.68589
0.68537, 0.68969, 0.68455, 0.68866
0.68843, 0.69000, 0.68346, 0.68589
0.68601, 0.68746, 0.68272, 0.68424
0.68372, 0.68431, 0.67587, 0.67697
0.67593, 0.68315, 0.67455, 0.68061
0.68087, 0.68847, 0.68056, 0.68520
0.68411, 0.68679, 0.68143, 0.68551
0.68507, 0.68705, 0.68253, 0.68476
0.68388, 0.68625, 0.68261, 0.68332
0.68294, 0.68603, 0.68133, 0.68154
0.68080, 0.68646, 0.68080, 0.68569
0.68541, 0.69047, 0.68489, 0.68919
0.68846, 0.69014, 0.68653, 0.68826
0.68762, 0.68978, 0.68647, 0.68758
0.68741, 0.68889, 0.68496, 0.68496
0.68563, 0.68681, 0.68473, 0.68592
0.68529, 0.68857, 0.68410, 0.68613
0.68558, 0.69322, 0.68520, 0.69177
0.69216, 0.69268, 0.68770, 0.68811
0.68735, 0.69230, 0.68735, 0.69147
0.69073, 0.69352, 0.68810, 0.68979
0.68912, 0.68991, 0.68719, 0.68889
0.68831, 0.69154, 0.68831, 0.69077
0.68977, 0.69381, 0.68921, 0.69227
0.69154, 0.69300, 0.68913, 0.68997
0.68964, 0.69364, 0.68920, 0.69243
0.69159, 0.69690, 0.69159, 0.69572
0.69511, 0.69886, 0.69485, 0.69782
0.69712, 0.69891, 0.69170, 0.69267
0.69155, 0.69963, 0.69155, 0.69905
0.69911, 0.70010, 0.69572, 0.69890
0.69868, 0.70078, 0.69309, 0.69309
0.69282, 0.69472, 0.69214, 0.69385
0.69329, 0.69399, 0.68817, 0.69000
0.68963, 0.69177, 0.68865, 0.68949
0.68871, 0.69066, 0.68754, 0.68934
0.68886, 0.68989, 0.68792, 0.68855
0.68804, 0.69165, 0.68711, 0.68992
0.68942, 0.69100, 0.68808, 0.68982
0.68923, 0.69114, 0.68899, 0.68985
0.68886, 0.69203, 0.68675, 0.68725
0.68624, 0.69144, 0.68590, 0.69129
0.69068, 0.69242, 0.68928, 0.69004
0.68994, 0.69415, 0.68849, 0.69351
0.69296, 0.69458, 0.69239, 0.69375
0.69272, 0.69476, 0.69050, 0.69118
0.69099, 0.69166, 0.68585, 0.68635
0.68607, 0.69243, 0.68597, 0.69087
0.69092, 0.69248, 0.68924, 0.69109
0.69096, 0.69250, 0.68922, 0.69032
0.69031, 0.69154, 0.68890, 0.69005
0.68944, 0.69054, 0.68835, 0.68904
0.68890, 0.69181, 0.68799, 0.69171
0.69102, 0.69504, 0.69031, 0.69481
0.69441, 0.69533, 0.69228, 0.69309
0.69285, 0.69464, 0.69244, 0.69327
0.69251, 0.69690, 0.69212, 0.69615
0.69517, 0.69753, 0.69342, 0.69434
0.69399, 0.69473, 0.68938, 0.69116
0.69100, 0.69446, 0.69037, 0.69327
0.69257, 0.69510, 0.68986, 0.68992
0.68942, 0.69179, 0.68790, 0.69084
0.69019, 0.69241, 0.68784, 0.68854
0.68838, 0.69102, 0.68725, 0.69035
0.69007, 0.69140, 0.68761, 0.68859
0.68793, 0.68858, 0.68594, 0.68699
0.68699, 0.69037, 0.68693, 0.68925
0.68900, 0.68982, 0.68262, 0.68317
0.68329, 0.68790, 0.68170, 0.68692
0.68697, 0.68888, 0.68505, 0.68739
0.68720, 0.69548, 0.68587, 0.69535
0.69387, 0.69716, 0.69261, 0.69395
0.69388, 0.69621, 0.68903, 0.69431
0.69302, 0.69622, 0.69084, 0.69276
0.69247, 0.69319, 0.68785, 0.68901
0.68779, 0.70394, 0.68779, 0.70221
0.70126, 0.70442, 0.70062, 0.70185
0.70105, 0.70496, 0.70058, 0.70167
0.70129, 0.70192, 0.69561, 0.69609
0.69529, 0.69707, 0.69304, 0.69465
0.69384, 0.69938, 0.69364, 0.69778
0.69735, 0.69806, 0.69333, 0.69531
0.69467, 0.69803, 0.69465, 0.69591
0.69589, 0.69810, 0.69538, 0.69627
0.69622, 0.69861, 0.69524, 0.69549
0.69539, 0.69797, 0.69456, 0.69699
0.69673, 0.70121, 0.69669, 0.70075
0.70047, 0.70227, 0.69797, 0.69809
0.69755, 0.69891, 0.69570, 0.69604
0.69548, 0.69877, 0.69532, 0.69535
0.69509, 0.70012, 0.69458, 0.69837
0.69716, 0.69995, 0.69444, 0.69555
0.69448, 0.69726, 0.69154, 0.69231
0.69174, 0.69383, 0.68937, 0.69219
0.69273, 0.69791, 0.69118, 0.69735
0.69633, 0.69772, 0.69332, 0.69579
0.69476, 0.69678, 0.69266, 0.69321
0.69291, 0.69638, 0.69269, 0.69363
0.69302, 0.69841, 0.69272, 0.69501
0.69488, 0.69809, 0.69447, 0.69651
0.69596, 0.69706, 0.69322, 0.69442
0.69370, 0.69789, 0.69370, 0.69699
0.69656, 0.69740, 0.69211, 0.69441
0.69394, 0.69657, 0.69383, 0.69471
0.69412, 0.69509, 0.68951, 0.69057
0.69085, 0.69177, 0.68681, 0.68853
0.68851, 0.68989, 0.68614, 0.68865
0.68830, 0.69233, 0.68806, 0.69129
0.69037, 0.69523, 0.69028, 0.69490
0.69089, 0.69427, 0.69057, 0.69153
0.69078, 0.69291, 0.68910, 0.68931
0.68901, 0.69282, 0.68878, 0.69099
0.69022, 0.69464, 0.68958, 0.69333
0.69329, 0.69620, 0.68854, 0.68919
0.68834, 0.69367, 0.68832, 0.69303
0.69278, 0.69524, 0.69044, 0.69267
0.69219, 0.69849, 0.69190, 0.69753
0.69655, 0.69939, 0.69510, 0.69723
0.69652, 0.69762, 0.69413, 0.69615
0.69571, 0.69868, 0.69560, 0.69699
0.69693, 0.69988, 0.69600, 0.69867
0.69819, 0.70312, 0.69775, 0.70215
0.70197, 0.70241, 0.69698, 0.69951
0.69818, 0.69989, 0.69640, 0.69708
0.69763, 0.70024, 0.69570, 0.69765
0.69706, 0.70554, 0.69628, 0.70401
0.70310, 0.70478, 0.69991, 0.69999
0.69935, 0.70037, 0.69385, 0.69483
0.69507, 0.69833, 0.69439, 0.69663
0.69630, 0.69914, 0.69540, 0.69813
0.69761, 0.69854, 0.69327, 0.69369
0.69350, 0.69424, 0.69048, 0.69237
0.69201, 0.69797, 0.69073, 0.69675
0.69547, 0.70019, 0.69476, 0.69747
0.69735, 0.70228, 0.69734, 0.70173
0.70165, 0.70440, 0.70132, 0.70296
0.70311, 0.70601, 0.70245, 0.70509
0.70422, 0.70595, 0.70328, 0.70431
0.70383, 0.70589, 0.70357, 0.70537
0.70444, 0.70611, 0.70005, 0.70285
0.70207, 0.70300, 0.70055, 0.70068
0.70016, 0.70264, 0.70016, 0.70019
0.69988, 0.70283, 0.69901, 0.70254
0.70206, 0.70458, 0.70133, 0.70368
0.70343, 0.70478, 0.70215, 0.70320
0.70246, 0.70792, 0.70226, 0.70747
0.70682, 0.70794, 0.70464, 0.70642
0.70573, 0.71102, 0.70496, 0.71020
0.70941, 0.71337, 0.70849, 0.70992
0.70945, 0.71950, 0.70933, 0.71881
0.71745, 0.72495, 0.71705, 0.72427
0.72418, 0.72724, 0.71720, 0.71762
0.71691, 0.71870, 0.71162, 0.71244
0.71280, 0.72363, 0.71195, 0.72315
0.72322, 0.72611, 0.72172, 0.72336
0.72284, 0.72790, 0.72284, 0.72672
0.72610, 0.73576, 0.72547, 0.73288
0.73234, 0.73617, 0.72859, 0.73540
0.73347, 0.73964, 0.73328, 0.73939
0.73785, 0.74076, 0.73343, 0.73343
0.73359, 0.73721, 0.73282, 0.73638
0.73587, 0.73807, 0.73454, 0.73729
0.73749, 0.74571, 0.73634, 0.74471
0.74398, 0.74750, 0.74196, 0.74264
0.74292, 0.74399, 0.74097, 0.74287
0.74278, 0.74546, 0.74154, 0.74326
0.74312, 0.74725, 0.74090, 0.74197
0.74220, 0.74452, 0.74110, 0.74282
0.74181, 0.74445, 0.73632, 0.73675
0.73658, 0.74497, 0.73628, 0.74193
0.74216, 0.74597, 0.74121, 0.74325
0.74340, 0.74591, 0.74190, 0.74507
0.74519, 0.74909, 0.74495, 0.74625
0.74620, 0.74710, 0.74295, 0.74583
0.74454, 0.74878, 0.74453, 0.74569
0.74511, 0.75248, 0.74494, 0.75108
0.75044, 0.75275, 0.74849, 0.75017
0.75048, 0.75175, 0.74796, 0.74850
0.74894, 0.75139, 0.74662, 0.74730
0.74671, 0.74863, 0.73984, 0.74030
0.74020, 0.74102, 0.73429, 0.73691
0.73651, 0.73748, 0.73396, 0.73554
0.73494, 0.73897, 0.73302, 0.73757
0.73724, 0.73848, 0.73341, 0.73365
0.73448, 0.73560, 0.73157, 0.73414
0.73411, 0.73786, 0.73239, 0.73694
0.73626, 0.73923, 0.73440, 0.73470
0.73539, 0.73631, 0.73326, 0.73512
0.73445, 0.73629, 0.72922, 0.73022
0.72924, 0.73258, 0.72553, 0.72567
0.72598, 0.73594, 0.72509, 0.73358
0.73349, 0.73630, 0.73135, 0.73309
0.73283, 0.73512, 0.73094, 0.73204
0.73184, 0.73847, 0.73108, 0.73750
0.73646, 0.73896, 0.73529, 0.73645
0.73599, 0.74015, 0.73588, 0.73834
0.73761, 0.74131, 0.73697, 0.73988
0.73921, 0.74408, 0.73862, 0.74254
0.74128, 0.74410, 0.74012, 0.74198
0.74111, 0.74400, 0.73963, 0.74145
0.74197, 0.74607, 0.74122, 0.74415
0.74360, 0.74752, 0.74145, 0.74667
0.74648, 0.74708, 0.74039, 0.74240
0.74324, 0.74519, 0.74113, 0.74436
0.74405, 0.74766, 0.74348, 0.74646
0.74635, 0.75217, 0.74561, 0.74870
0.74902, 0.75013, 0.74298, 0.74464
0.74475, 0.74702, 0.74238, 0.74433
0.74349, 0.74854, 0.74294, 0.74807
0.74823, 0.74943, 0.74321, 0.74408
0.74335, 0.74836, 0.74276, 0.74457
0.74504, 0.74666, 0.74213, 0.74394
0.74356, 0.74693, 0.74079, 0.74387
0.74379, 0.74491, 0.74222, 0.74436
0.74359, 0.74455, 0.74138, 0.74163
0.74125, 0.74295, 0.73939, 0.74016
0.73975, 0.74588, 0.73955, 0.74305
0.74276, 0.74617, 0.74232, 0.74506
0.74516, 0.74660, 0.74369, 0.74437
0.74489, 0.74753, 0.74242, 0.74310
0.74296, 0.74677, 0.74230, 0.74583
0.74529, 0.74782, 0.74463, 0.74590
0.74593, 0.74698, 0.74303, 0.74303
0.74438, 0.74478, 0.74236, 0.74254
0.74227, 0.74327, 0.73981, 0.73988
0.74019, 0.74172, 0.73917, 0.73939
0.73899, 0.74215, 0.73883, 0.73932
0.73884, 0.74145, 0.73755, 0.73799
0.73852, 0.74120, 0.73773, 0.74016
0.74006, 0.74128, 0.73613, 0.73694
0.73673, 0.74136, 0.73612, 0.73981
0.73934, 0.74401, 0.73888, 0.74247
0.74139, 0.74465, 0.73900, 0.74001
0.73960, 0.74311, 0.73860, 0.74224
0.74191, 0.74640, 0.74164, 0.74590
0.74494, 0.74785, 0.74478, 0.74592
0.74543, 0.74803, 0.74432, 0.74471
0.74419, 0.74635, 0.74397, 0.74520
0.74604, 0.74700, 0.74425, 0.74513
0.74474, 0.74631, 0.74247, 0.74254
0.74199, 0.74831, 0.74169, 0.74604
0.74482, 0.74744, 0.74370, 0.74373
0.74334, 0.74763, 0.74291, 0.74639
0.74693, 0.74800, 0.74504, 0.74634
0.74653, 0.74818, 0.73957, 0.74184
0.74079, 0.74404, 0.73947, 0.74121
0.73995, 0.74156, 0.72782, 0.72978
0.72967, 0.73419, 0.72879, 0.73360
0.73369, 0.73507, 0.73165, 0.73450
0.73445, 0.73501, 0.73090, 0.73379
0.73329, 0.73699, 0.73043, 0.73043
0.73039, 0.73193, 0.72775, 0.72840
0.72843, 0.73179, 0.72741, 0.72842
0.72845, 0.72920, 0.71725, 0.72010
0.71906, 0.72672, 0.71858, 0.72630
0.72600, 0.73275, 0.72408, 0.73018
0.72954, 0.73280, 0.72764, 0.73135
0.73055, 0.73332, 0.73039, 0.73174
0.73128, 0.73199, 0.72885, 0.72964
0.72919, 0.73051, 0.72538, 0.72554
0.72533, 0.72849, 0.72443, 0.72662
0.72640, 0.72910, 0.72591, 0.72774
0.72736, 0.72922, 0.72552, 0.72601
0.72436, 0.72704, 0.72322, 0.72373
0.72360, 0.72474, 0.71859, 0.72110
0.72096, 0.72353, 0.71889, 0.72242
0.72238, 0.72682, 0.72177, 0.72519
0.72516, 0.72882, 0.72473, 0.72857
0.72778, 0.73199, 0.72767, 0.73165
0.73138, 0.73703, 0.73014, 0.73686
0.73678, 0.73756, 0.73578, 0.73688
0.73689, 0.73837, 0.73590, 0.73713
0.73698, 0.73772, 0.73089, 0.73114
0.73080, 0.73153, 0.72401, 0.72546
0.72537, 0.72591, 0.72115, 0.72451
0.72435, 0.72760, 0.72313, 0.72394
0.72399, 0.72506, 0.71572, 0.71597
0.71592, 0.71630, 0.70870, 0.71486
0.71408, 0.72161, 0.71342, 0.72108
0.72105, 0.72511, 0.72036, 0.72495
0.72462, 0.72577, 0.72285, 0.72558
0.72551, 0.72813, 0.72308, 0.72366
0.72346, 0.72469, 0.72179, 0.72202
0.72134, 0.72855, 0.72089, 0.72743
0.72708, 0.72785, 0.72205, 0.72534
0.72530, 0.72924, 0.72412, 0.72542
0.72535, 0.72930, 0.72410, 0.72833
0.72831, 0.73105, 0.72727, 0.72926
0.72857, 0.73171, 0.72816, 0.72985
0.72972, 0.73032, 0.72577, 0.72699
0.72696, 0.72851, 0.72299, 0.72631
0.72618, 0.72659, 0.72245, 0.72381
0.72374, 0.72897, 0.72286, 0.72340
0.72308, 0.72943, 0.72297, 0.72931
0.72900, 0.72970, 0.72424, 0.72473
0.72445, 0.72842, 0.72210, 0.72827
0.72818, 0.73301, 0.72692, 0.73122
0.73118, 0.73355, 0.72937, 0.72983
0.72945, 0.73052, 0.72024, 0.72355
0.72337, 0.72756, 0.71810, 0.72075
0.72037, 0.72655, 0.71871, 0.72477
0.72459, 0.73088, 0.72373, 0.73025
0.73016, 0.73129, 0.72634, 0.73018
0.73007, 0.73508, 0.72939, 0.73290
0.73285, 0.73581, 0.73034, 0.73265
0.73256, 0.73347, 0.73097, 0.73247
0.73228, 0.73819, 0.73158, 0.73448
0.73440, 0.73679, 0.73025, 0.73595
0.73497, 0.73791, 0.73267, 0.73424
0.73420, 0.73939, 0.73338, 0.73785
0.73767, 0.73820, 0.73376, 0.73643
0.73637, 0.74072, 0.73531, 0.74006
0.73972, 0.74412, 0.73882, 0.74309
0.74206, 0.74543, 0.74194, 0.74319
0.74311, 0.74817, 0.74150, 0.74651
0.74638, 0.74663, 0.74217, 0.74247
0.74228, 0.74717, 0.74171, 0.74650
0.74638, 0.74891, 0.74469, 0.74644
0.74617, 0.74790, 0.74442, 0.74616
0.74612, 0.74733, 0.74327, 0.74636
0.74624, 0.74940, 0.74483, 0.74589
0.74573, 0.74741, 0.74154, 0.74219
0.74210, 0.74412, 0.73978, 0.74046
0.73993, 0.74406, 0.73993, 0.74267
0.74261, 0.74530, 0.74118, 0.74223
0.74220, 0.74585, 0.73749, 0.74258
0.74255, 0.74421, 0.73790, 0.73856
0.73847, 0.74036, 0.73591, 0.73877
0.73888, 0.74051, 0.73380, 0.73380
0.73388, 0.73774, 0.73321, 0.73613
0.73630, 0.73722, 0.73319, 0.73551
0.73548, 0.73750, 0.73161, 0.73223
0.73218, 0.73650, 0.73145, 0.73207
0.73203, 0.73578, 0.73193, 0.73413
0.73396, 0.73582, 0.73140, 0.73237
0.73226, 0.73782, 0.73091, 0.73456
0.73453, 0.73541, 0.73057, 0.73183
0.73172, 0.73423, 0.73108, 0.73339
0.73337, 0.73943, 0.73234, 0.73926
0.73913, 0.74126, 0.73799, 0.74037
0.74030, 0.74232, 0.73548, 0.73598
0.73583, 0.73687, 0.73205, 0.73439
0.73430, 0.73635, 0.73150, 0.73379
0.73353, 0.73581, 0.73273, 0.73447
0.73354, 0.73734, 0.73041, 0.73649
0.73633, 0.73914, 0.73498, 0.73733
0.73722, 0.74006, 0.73630, 0.73938
0.73939, 0.73968, 0.72037, 0.72081
0.72286, 0.72811, 0.72252, 0.72431
0.72413, 0.72468, 0.71647, 0.71831
0.71832, 0.72328, 0.71667, 0.71791
0.71763, 0.72118, 0.71554, 0.71861
0.71856, 0.72145, 0.71351, 0.71402
0.71470, 0.72605, 0.71441, 0.72527
0.72457, 0.73301, 0.72438, 0.73149
0.73131, 0.73288, 0.72647, 0.72738
0.72624, 0.72926, 0.72556, 0.72634
0.72619, 0.72832, 0.72297, 0.72300
0.72319, 0.72610, 0.71901, 0.71975
0.71966, 0.72142, 0.71617, 0.71818
0.71710, 0.72041, 0.71624, 0.72021
0.72012, 0.72475, 0.71806, 0.71956
0.71928, 0.71962, 0.71576, 0.71632
0.71668, 0.71712, 0.70961, 0.71166
0.71126, 0.71561, 0.71027, 0.71506
0.71496, 0.71676, 0.71339, 0.71619
0.71610, 0.71876, 0.71503, 0.71674
0.71600, 0.71740, 0.71451, 0.71696
0.71665, 0.71824, 0.71501, 0.71754
0.71738, 0.71774, 0.71455, 0.71553
0.71534, 0.71728, 0.71276, 0.71481
0.71476, 0.71761, 0.71382, 0.71721
0.71707, 0.72181, 0.71620, 0.72020
0.72085, 0.72204, 0.71867, 0.72072
0.72053, 0.72224, 0.71922, 0.72104
0.72082, 0.72168, 0.71871, 0.71877
0.71867, 0.72454, 0.71684, 0.72372
0.72359, 0.72724, 0.72295, 0.72612
0.72572, 0.73155, 0.72554, 0.73137
0.73134, 0.73502, 0.73031, 0.73438
0.73428, 0.73679, 0.72987, 0.73095
0.73086, 0.73229, 0.72771, 0.72781
0.72774, 0.73053, 0.72656, 0.72807
0.72731, 0.73120, 0.72672, 0.73022
0.73001, 0.73331, 0.72911, 0.73291
0.73286, 0.73469, 0.73110, 0.73151
0.73155, 0.73628, 0.73095, 0.73355
0.73343, 0.73345, 0.72432, 0.72442
0.72391, 0.72773, 0.71951, 0.72321
0.72306, 0.72911, 0.72219, 0.72676
0.72645, 0.73301, 0.72559, 0.72966
0.72933, 0.73544, 0.72655, 0.73058
0.73047, 0.73159, 0.72765, 0.72904
0.72842, 0.73354, 0.72815, 0.72937
0.72928, 0.72990, 0.72474, 0.72604
0.72592, 0.72664, 0.72317, 0.72511
0.72494, 0.72692, 0.72356, 0.72583
0.72566, 0.72642, 0.72239, 0.72492
0.72475, 0.72947, 0.72441, 0.72889
0.72888, 0.72995, 0.72623, 0.72813
0.72782, 0.72955, 0.72628, 0.72928
0.72924, 0.73178, 0.72706, 0.72720
0.72709, 0.73092, 0.72499, 0.72554
0.72539, 0.72796, 0.72259, 0.72632
0.72619, 0.72888, 0.72419, 0.72741
0.72728, 0.73042, 0.72579, 0.72654
0.72630, 0.72675, 0.72357, 0.72383
0.72373, 0.72714, 0.72159, 0.72181
0.72191, 0.72330, 0.71761, 0.71799
0.71779, 0.72483, 0.71692, 0.72156
0.72132, 0.72511, 0.72003, 0.72094
0.72073, 0.72292, 0.71704, 0.72183
0.72173, 0.72909, 0.72128, 0.72845
0.72478, 0.72729, 0.72131, 0.72330
0.72323, 0.72633, 0.72041, 0.72099
0.72075, 0.72890, 0.71988, 0.72839
0.72835, 0.73085, 0.72346, 0.72347
0.72346, 0.72480, 0.71856, 0.71959
0.71961, 0.72824, 0.71883, 0.72187
0.72180, 0.72426, 0.72004, 0.72067
0.72029, 0.72467, 0.71948, 0.72334
0.72319, 0.72943, 0.72144, 0.72833
0.72801, 0.73534, 0.72690, 0.73297
0.73236, 0.73470, 0.73035, 0.73133
0.73135, 0.73758, 0.72880, 0.73666
0.73665, 0.74170, 0.73563, 0.74098
0.74078, 0.74342, 0.73862, 0.74175
0.74180, 0.74395, 0.73812, 0.73899
0.73784, 0.74159, 0.73671, 0.74096
0.74107, 0.74416, 0.73881, 0.74116
0.74109, 0.74392, 0.73957, 0.73981
0.74021, 0.74424, 0.73996, 0.74229
0.74221, 0.74648, 0.73799, 0.74553
0.74441, 0.75108, 0.74252, 0.74640
0.74619, 0.74993, 0.74280, 0.74422
0.74420, 0.74506, 0.73842, 0.73946
0.73928, 0.73981, 0.73590, 0.73770
0.73759, 0.74180, 0.73620, 0.73944
0.73885, 0.74266, 0.73813, 0.74194
0.74182, 0.74726, 0.74092, 0.74401
0.74394, 0.74756, 0.74331, 0.74364
0.74363, 0.74407, 0.73952, 0.74183
0.74153, 0.74344, 0.74045, 0.74269
0.74094, 0.74344, 0.73657, 0.73685
0.73677, 0.73900, 0.73575, 0.73773
0.73767, 0.74396, 0.73653, 0.74388
0.74344, 0.74965, 0.74228, 0.74751
0.74737, 0.74882, 0.74566, 0.74705
0.74632, 0.74910, 0.74533, 0.74897
0.74854, 0.75468, 0.74695, 0.75466
0.75439, 0.75972, 0.75328, 0.75897
0.75881, 0.76198, 0.75688, 0.75753
0.75747, 0.75858, 0.75164, 0.75224
0.75140, 0.75381, 0.74798, 0.75318
0.75295, 0.75573, 0.74706, 0.75047
0.75023, 0.75676, 0.74934, 0.75586
0.75545, 0.75956, 0.75381, 0.75884
0.75865, 0.76450, 0.75585, 0.75702
0.75549, 0.75963, 0.75417, 0.75901
0.75884, 0.76265, 0.75616, 0.76231
0.76210, 0.76839, 0.76101, 0.76333
0.76296, 0.77036, 0.76179, 0.76716
0.76715, 0.76934, 0.76327, 0.76577
0.76431, 0.76891, 0.76301, 0.76352
0.76345, 0.76744, 0.76122, 0.76426
0.76410, 0.76588, 0.76151, 0.76468
0.76463, 0.77005, 0.76273, 0.76858
0.76851, 0.77630, 0.76811, 0.77607
0.77411, 0.78053, 0.77251, 0.77961
0.77934, 0.78109, 0.77191, 0.77555
0.77534, 0.77876, 0.76637, 0.76638
0.76624, 0.76889, 0.75722, 0.75854
0.75781, 0.76168, 0.75628, 0.75921
0.75813, 0.76085, 0.75300, 0.75594
0.75586, 0.75589, 0.74561, 0.74910
0.74886, 0.75131, 0.74635, 0.75045
0.75016, 0.75198, 0.74723, 0.75070
0.75063, 0.75337, 0.74916, 0.75236
0.75071, 0.75763, 0.75033, 0.75638
0.75590, 0.75984, 0.75466, 0.75807
0.75778, 0.76429, 0.75676, 0.76079
0.76052, 0.76271, 0.75595, 0.76165
0.76148, 0.76626, 0.76044, 0.76427
0.76340, 0.77321, 0.76336, 0.77131
0.77129, 0.77668, 0.77060, 0.77591
0.77566, 0.77981, 0.77464, 0.77910
0.77882, 0.77980, 0.77107, 0.77170
0.77159, 0.77474, 0.76869, 0.77218
0.77232, 0.77604, 0.77071, 0.77299
0.77285, 0.77515, 0.76482, 0.77279
0.77284, 0.77411, 0.76938, 0.77099
0.77089, 0.77444, 0.74508, 0.74636
0.74565, 0.74962, 0.73942, 0.74410
0.74389, 0.74615, 0.74032, 0.74506
0.74503, 0.74864, 0.74415, 0.74794
0.74751, 0.74760, 0.74076, 0.74223
0.74217, 0.74556, 0.73754, 0.73978
0.73926, 0.74364, 0.73565, 0.74321
0.74131, 0.74505, 0.74057, 0.74263
0.74245, 0.74623, 0.74166, 0.74347
0.74327, 0.74373, 0.73780, 0.74008
0.74020, 0.74341, 0.73866, 0.74148
0.74145, 0.74608, 0.73855, 0.74463
0.74512, 0.74782, 0.74272, 0.74716
0.74688, 0.74810, 0.74023, 0.74298
0.74280, 0.74676, 0.74091, 0.74433
0.74397, 0.75116, 0.74256, 0.75093
0.75053, 0.75539, 0.74771, 0.75443
0.75322, 0.75616, 0.75261, 0.75571
0.75555, 0.75644, 0.75240, 0.75354
0.75344, 0.75835, 0.74977, 0.75404
0.75373, 0.75679, 0.74650, 0.74984
0.74937, 0.75249, 0.74690, 0.74935
0.74952, 0.75577, 0.74858, 0.75262
0.75265, 0.75390, 0.74642, 0.75271
0.75242, 0.75579, 0.75121, 0.75375
0.75353, 0.75563, 0.74964, 0.75111
0.75099, 0.75258, 0.74397, 0.74408
0.74430, 0.75152, 0.74306, 0.75079
0.75051, 0.75256, 0.74622, 0.74723
0.74697, 0.74952, 0.74570, 0.74805
0.74787, 0.75124, 0.74325, 0.74538
0.74519, 0.74654, 0.74137, 0.74312
0.74246, 0.74451, 0.73897, 0.73985
0.73954, 0.74454, 0.73738, 0.74319
0.74309, 0.75023, 0.74206, 0.74780
0.74769, 0.74894, 0.74205, 0.74218
0.74195, 0.74543, 0.74005, 0.74332
0.74278, 0.74495, 0.74107, 0.74295
0.74296, 0.74325, 0.73881, 0.74005
0.73982, 0.74047, 0.73150, 0.73771
0.73759, 0.73850, 0.73481, 0.73738
0.73725, 0.73948, 0.73591, 0.73685
0.73598, 0.73727, 0.72894, 0.73329
0.73297, 0.74011, 0.73204, 0.73903
0.73893, 0.74075, 0.73626, 0.73679
0.73679, 0.73977, 0.73518, 0.73901
0.73866, 0.74010, 0.73566, 0.73778
0.73699, 0.74045, 0.73581, 0.73874
0.73828, 0.74462, 0.73688, 0.74404
0.74383, 0.74587, 0.74056, 0.74527
0.74510, 0.74663, 0.74392, 0.74518
0.74480, 0.74571, 0.74018, 0.74044
0.74029, 0.74554, 0.73892, 0.74394
0.74371, 0.74849, 0.74274, 0.74405
0.74374, 0.74814, 0.74274, 0.74433
0.74382, 0.74768, 0.73951, 0.74611
0.74595, 0.75019, 0.74414, 0.74728
0.74691, 0.74831, 0.74484, 0.74540
0.74517, 0.75062, 0.74421, 0.74831
0.74792, 0.74870, 0.74358, 0.74402
0.74387, 0.74476, 0.73850, 0.74105
0.74091, 0.74123, 0.73512, 0.73754
0.73444, 0.73766, 0.73219, 0.73446
0.73425, 0.73580, 0.72948, 0.73001
0.72972, 0.73144, 0.72819, 0.73067
0.73043, 0.73170, 0.72463, 0.72657
0.72652, 0.72711, 0.72327, 0.72662
0.72511, 0.72841, 0.72433, 0.72745
0.72740, 0.72898, 0.72062, 0.72118
0.72093, 0.72380, 0.71756, 0.71763
0.71753, 0.73064, 0.71149, 0.72427
0.72389, 0.72607, 0.71937, 0.72165
0.72147, 0.72693, 0.71946, 0.72275
0.72266, 0.72476, 0.71861, 0.72256
0.72232, 0.72285, 0.71387, 0.71708
0.71683, 0.71884, 0.71247, 0.71251
0.71227, 0.71731, 0.71118, 0.71338
0.71213, 0.72884, 0.71199, 0.72824
0.72811, 0.72935, 0.72067, 0.72494
0.72460, 0.72585, 0.71896, 0.72210
0.72188, 0.72256, 0.71871, 0.72043
0.72011, 0.72600, 0.71823, 0.72359
0.72278, 0.72865, 0.72250, 0.72543
0.72530, 0.72581, 0.72084, 0.72257
0.72250, 0.72561, 0.71928, 0.72177
0.72155, 0.72805, 0.72006, 0.72805
0.72737, 0.72841, 0.72256, 0.72415
0.72373, 0.72687, 0.72321, 0.72600
0.72592, 0.72686, 0.72175, 0.72370
0.72341, 0.72998, 0.72280, 0.72976
0.72954, 0.73338, 0.72821, 0.72834
0.72839, 0.73376, 0.72786, 0.73102
0.72945, 0.73332, 0.72686, 0.72992
0.72984, 0.73170, 0.72822, 0.73081
0.73062, 0.73199, 0.72399, 0.72745
0.72702, 0.73259, 0.72601, 0.73008
0.73010, 0.73284, 0.72961, 0.73187
0.73037, 0.73556, 0.73029, 0.73491
0.73494, 0.73680, 0.73074, 0.73250
0.73257, 0.73485, 0.73044, 0.73120
0.73127, 0.73802, 0.72992, 0.73662
0.73661, 0.74225, 0.73647, 0.73734
0.73726, 0.73771, 0.73180, 0.73260
0.73235, 0.73529, 0.73171, 0.73395
0.73336, 0.73411, 0.72735, 0.72742
0.72730, 0.73039, 0.72297, 0.72337
0.72291, 0.72505, 0.70890, 0.70985
0.70857, 0.71416, 0.70737, 0.70811
0.70803, 0.71172, 0.70684, 0.71133
0.71068, 0.71171, 0.70760, 0.70875
0.70860, 0.71551, 0.70782, 0.71429
0.71384, 0.71521, 0.71004, 0.71264
0.71220, 0.71433, 0.70995, 0.71293
0.71209, 0.71357, 0.70941, 0.71193
0.71181, 0.71205, 0.70291, 0.70555
0.70548, 0.70863, 0.70376, 0.70701
0.70692, 0.70973, 0.70516, 0.70662
0.70641, 0.70708, 0.69932, 0.70302
0.70300, 0.70828, 0.69683, 0.70242
0.70187, 0.70510, 0.69980, 0.70371
0.70363, 0.70444, 0.69590, 0.69751
0.69741, 0.69992, 0.69412, 0.69540
0.69565, 0.69848, 0.69285, 0.69358
0.69311, 0.69509, 0.68790, 0.69000
0.68974, 0.69091, 0.68619, 0.68893
0.68869, 0.69199, 0.68689, 0.68856
0.68847, 0.68884, 0.68322, 0.68437
0.68388, 0.68741, 0.68158, 0.68635
0.68620, 0.68862, 0.68175, 0.68554
0.68477, 0.68582, 0.68014, 0.68218
0.68166, 0.68531, 0.67859, 0.67921
0.67907, 0.68206, 0.67835, 0.68146
0.68216, 0.68411, 0.68018, 0.68050
0.68035, 0.68224, 0.67737, 0.68027
0.68019, 0.68254, 0.67843, 0.68071
0.68061, 0.68252, 0.67833, 0.68190
0.68172, 0.68777, 0.68094, 0.68611
0.68515, 0.68679, 0.68425, 0.68532
0.68522, 0.68925, 0.68497, 0.68715
0.68669, 0.68765, 0.68140, 0.68259
0.68221, 0.68288, 0.67923, 0.68136
0.68094, 0.68385, 0.67963, 0.68220
0.68179, 0.68305, 0.67970, 0.68019
0.68047, 0.68947, 0.67864, 0.68461
0.68454, 0.69000, 0.68080, 0.68975
0.68975, 0.69111, 0.68560, 0.68974
0.68961, 0.69324, 0.68726, 0.68996
0.68957, 0.69099, 0.68518, 0.68796
0.68786, 0.68955, 0.68642, 0.68737
0.68721, 0.69458, 0.68587, 0.69361
0.69327, 0.69716, 0.69155, 0.69378
0.69360, 0.69717, 0.69033, 0.69151
0.69163, 0.69244, 0.68988, 0.69064
0.69048, 0.69129, 0.68540, 0.68850
0.68837, 0.69019, 0.67862, 0.67914
0.67901, 0.68145, 0.67704, 0.68023
0.67971, 0.68808, 0.67936, 0.68763
0.68593, 0.69042, 0.68568, 0.68943
0.68931, 0.69301, 0.68750, 0.69009
0.69000, 0.69151, 0.68429, 0.68537
0.68523, 0.69093, 0.68388, 0.69076
0.69025, 0.69342, 0.68909, 0.69194
0.69094, 0.69257, 0.68918, 0.69084
0.69069, 0.69135, 0.68706, 0.68857
0.68837, 0.68957, 0.68300, 0.68361
0.68349, 0.68654, 0.68227, 0.68577
0.68554, 0.69147, 0.68294, 0.69086
0.69126, 0.69182, 0.68685, 0.69020
0.69000, 0.69122, 0.68618, 0.68808
0.68788, 0.68842, 0.68424, 0.68466
0.68460, 0.68618, 0.68383, 0.68533
0.68520, 0.69267, 0.68454, 0.69213
0.69177, 0.69244, 0.68905, 0.68947
0.68928, 0.69095, 0.68655, 0.69092
0.69070, 0.69123, 0.68754, 0.68966
0.68965, 0.69014, 0.68722, 0.68781
0.68770, 0.69059, 0.68568, 0.68581
0.68612, 0.68699, 0.68470, 0.68595
0.68588, 0.68770, 0.68454, 0.68523
0.68479, 0.68734, 0.68336, 0.68720
0.68679, 0.68980, 0.68628, 0.68919
0.68894, 0.69168, 0.68688, 0.69132
0.68987, 0.69336, 0.68890, 0.68921
0.68902, 0.69182, 0.68665, 0.69020
0.69011, 0.69132, 0.68734, 0.69122
0.69089, 0.69318, 0.68990, 0.69290
0.69265, 0.69293, 0.68750, 0.68851
0.68814, 0.68861, 0.68365, 0.68378
0.68370, 0.68547, 0.68205, 0.68481
0.68468, 0.68579, 0.68104, 0.68190
0.68145, 0.68202, 0.67390, 0.67413
0.67404, 0.67488, 0.66490, 0.66628
0.66423, 0.66814, 0.65942, 0.66358
0.66333, 0.67055, 0.66262, 0.66744
0.66747, 0.67815, 0.66724, 0.67740
0.67739, 0.67885, 0.67206, 0.67689
0.67706, 0.67749, 0.67353, 0.67396
0.67460, 0.68020, 0.67297, 0.67933
0.67929, 0.68066, 0.67073, 0.67246
0.67241, 0.67429, 0.66740, 0.66763
0.66785, 0.67126, 0.66659, 0.66800
0.66802, 0.66970, 0.66504, 0.66918
0.66720, 0.67138, 0.66686, 0.67023
0.67007, 0.67650, 0.66951, 0.67612
0.67581, 0.67839, 0.67430, 0.67729
0.67713, 0.67763, 0.67390, 0.67549
0.67513, 0.67744, 0.67337, 0.67698
0.67742, 0.68095, 0.67655, 0.67903
0.67891, 0.68037, 0.67237, 0.67378
0.67360, 0.67440, 0.67024, 0.67361
0.67299, 0.67374, 0.67023, 0.67036
0.67018, 0.67140, 0.66775, 0.66823
0.66877, 0.67357, 0.66875, 0.67319
0.67229, 0.67323, 0.66922, 0.67056
0.67043, 0.67097, 0.66484, 0.66664
0.66637, 0.66823, 0.66211, 0.66666
0.66651, 0.66967, 0.66566, 0.66894
0.66831, 0.67128, 0.66793, 0.67082
0.67054, 0.67163, 0.66916, 0.66936
0.66914, 0.67020, 0.66644, 0.66677
0.66657, 0.66699, 0.66192, 0.66211
0.66215, 0.66244, 0.65806, 0.65872
0.65879, 0.65902, 0.65523, 0.65534
0.65530, 0.65575, 0.65244, 0.65451
0.65415, 0.65507, 0.64981, 0.65343
0.65329, 0.65940, 0.65262, 0.65785
0.65691, 0.66049, 0.65432, 0.66040
0.65863, 0.66218, 0.65714, 0.66131
0.66029, 0.66270, 0.65485, 0.65547
0.65533, 0.65533, 0.64963, 0.64963
0.64938, 0.65472, 0.64758, 0.65424
0.65360, 0.66578, 0.65320, 0.66560
0.66478, 0.66756, 0.66396, 0.66514
0.66495, 0.66743, 0.66426, 0.66520
0.66497, 0.66696, 0.66379, 0.66521
0.66471, 0.66741, 0.66247, 0.66278
0.66256, 0.66420, 0.65969, 0.66244
0.66126, 0.66492, 0.66123, 0.66487
0.66476, 0.66743, 0.66260, 0.66487
0.66453, 0.66995, 0.66354, 0.66764
0.66747, 0.67183, 0.66665, 0.67019
0.67014, 0.67084, 0.66386, 0.66609
0.66462, 0.66587, 0.66209, 0.66457
0.66451, 0.66851, 0.66405, 0.66740
0.66723, 0.66771, 0.66476, 0.66562
0.66522, 0.66668, 0.66330, 0.66394
0.66365, 0.66548, 0.66180, 0.66444
0.66438, 0.66583, 0.66367, 0.66529
0.66487, 0.66784, 0.66322, 0.66598
0.66582, 0.67295, 0.66505, 0.67081
0.67065, 0.67529, 0.66886, 0.67335
0.67319, 0.67713, 0.67253, 0.67665
0.67584, 0.67877, 0.67299, 0.67376
0.67344, 0.67807, 0.67264, 0.67720
0.67695, 0.68089, 0.67530, 0.68049
0.68020, 0.68212, 0.67240, 0.67315
0.67298, 0.67760, 0.67199, 0.67663
0.67643, 0.68075, 0.67567, 0.67974
0.67956, 0.68157, 0.67641, 0.67976
0.67947, 0.68060, 0.67420, 0.67623
0.67619, 0.67854, 0.67314, 0.67435
0.67425, 0.67810, 0.67291, 0.67710
0.67733, 0.67980, 0.67600, 0.67808
0.67792, 0.67948, 0.67719, 0.67830
0.67813, 0.68071, 0.67750, 0.67829
0.67814, 0.68194, 0.67691, 0.68048
0.68020, 0.68306, 0.67714, 0.68003
0.67914, 0.68139, 0.67707, 0.68081
0.68023, 0.68262, 0.67724, 0.67744
0.67723, 0.67804, 0.67509, 0.67650
0.67619, 0.67924, 0.67436, 0.67844
0.67845, 0.68022, 0.67505, 0.67534
0.67468, 0.67885, 0.67447, 0.67630
0.67617, 0.67872, 0.67558, 0.67829
0.67797, 0.67852, 0.67549, 0.67651
0.67634, 0.67646, 0.66945, 0.66961
0.66966, 0.67127, 0.66856, 0.66951
0.66837, 0.67082, 0.66647, 0.66652
0.66645, 0.66733, 0.66358, 0.66457
0.66452, 0.66513, 0.65700, 0.65773
0.65737, 0.65753, 0.65356, 0.65499
0.65472, 0.65689, 0.65158, 0.65192
0.65022, 0.65380, 0.64880, 0.65174
0.65157, 0.65193, 0.64795, 0.65124
0.65106, 0.65392, 0.65033, 0.65192
0.65171, 0.65913, 0.65121, 0.65777
0.65762, 0.65862, 0.65417, 0.65464
0.65408, 0.66041, 0.65359, 0.66009
0.66005, 0.66079, 0.65530, 0.65571
0.65549, 0.65626, 0.65106, 0.65169
0.65157, 0.65869, 0.64854, 0.65717
0.65671, 0.65959, 0.65458, 0.65698
0.65503, 0.66170, 0.65493, 0.66087
0.66055, 0.66119, 0.65825, 0.65878
0.65854, 0.66088, 0.65652, 0.65723
0.65697, 0.65838, 0.65374, 0.65444
0.65449, 0.65683, 0.65132, 0.65192
0.65171, 0.65558, 0.65083, 0.65284
0.65267, 0.65338, 0.64943, 0.65251
0.65222, 0.65423, 0.65092, 0.65326
0.65286, 0.65393, 0.64967, 0.65190
0.65168, 0.65298, 0.64931, 0.65175
0.65100, 0.65502, 0.65027, 0.65233
0.65208, 0.65279, 0.64845, 0.65073
0.65051, 0.65259, 0.64934, 0.65022
0.65008, 0.65073, 0.64819, 0.64847
0.64951, 0.64951, 0.64951, 0.64951