0.91230, 0.92980, 0.91080, 0.92370
0.92400, 0.94390, 0.92360, 0.93160
0.93240, 0.93670, 0.92590, 0.92760
0.92830, 0.93900, 0.92740, 0.93390
0.93590, 0.95980, 0.93520, 0.95940
0.95820, 0.96870, 0.94620, 0.96250
0.95960, 0.97390, 0.95230, 0.95270
0.95260, 0.95790, 0.94080, 0.94600
0.94620, 0.96590, 0.94420, 0.96330
0.96320, 0.97990, 0.96200, 0.97660
0.97650, 0.97890, 0.95900, 0.97750
0.97800, 0.99020, 0.97000, 0.97470
0.97390, 0.98520, 0.96490, 0.97710
0.97690, 0.99200, 0.97260, 0.99010
0.98930, 0.99350, 0.98190, 0.99080
0.99050, 1.00780, 0.98940, 0.99940
0.99820, 1.00170, 0.98220, 0.98490
0.98460, 0.98560, 0.97400, 0.98120
0.98040, 0.98670, 0.97660, 0.98090
0.98000, 0.99110, 0.97800, 0.98320
0.98550, 0.99270, 0.97890, 0.98280
0.98150, 0.98590, 0.96450, 0.97260
0.97190, 0.98340, 0.96470, 0.96740
0.96700, 0.97200, 0.94580, 0.94960
0.94920, 0.95340, 0.93950, 0.94660
0.94880, 0.94910, 0.92500, 0.94150
0.93980, 0.94240, 0.92440, 0.92900
0.92910, 0.95140, 0.92700, 0.94770
0.94840, 0.96350, 0.94400, 0.96160
0.96040, 0.97850, 0.95990, 0.96880
0.97010, 0.97500, 0.96210, 0.96970
0.97050, 0.97270, 0.95360, 0.95770
0.95700, 0.97140, 0.95570, 0.96930
0.97000, 0.98080, 0.96590, 0.97900
0.97830, 0.97940, 0.95700, 0.96080
0.96270, 0.96320, 0.93010, 0.93810
0.93810, 0.95080, 0.93650, 0.94960
0.94910, 0.96530, 0.94800, 0.95340
0.95390, 0.97060, 0.95350, 0.96790
0.96690, 0.98990, 0.96690, 0.98480
0.98460, 0.99440, 0.98040, 0.99060
0.98980, 0.99310, 0.97420, 0.97470
0.97380, 0.97970, 0.96180, 0.96250
0.96350, 0.96590, 0.94740, 0.95640
0.95790, 0.96250, 0.94540, 0.94950
0.95010, 0.97390, 0.94750, 0.97150
0.97130, 0.97650, 0.96340, 0.96740
0.96710, 0.97810, 0.95930, 0.97440
0.97450, 0.98310, 0.96860, 0.98100
0.97850, 1.00900, 0.97850, 1.00480
1.00460, 1.01700, 0.99550, 1.01420
1.01410, 1.03160, 1.00910, 1.02300
1.02130, 1.04170, 1.02130, 1.03290
1.03280, 1.05110, 1.02350, 1.04380
1.04340, 1.06960, 1.04060, 1.06610
1.06600, 1.07370, 1.05190, 1.06160
1.06080, 1.07110, 1.04800, 1.06330
1.06330, 1.06670, 1.04130, 1.05420
1.05420, 1.05680, 1.03050, 1.03770
1.03770, 1.04670, 1.03080, 1.04210
1.04210, 1.05340, 1.03850, 1.05300
1.05210, 1.06510, 1.04590, 1.04940
1.04910, 1.06730, 1.03280, 1.03580
1.03510, 1.05920, 1.03130, 1.05530
1.05530, 1.07750, 1.05530, 1.07690
1.07690, 1.10450, 1.07690, 1.10420
1.10450, 1.11580, 1.09480, 1.11240
1.11290, 1.12050, 1.07370, 1.08810
1.08800, 1.10540, 1.07800, 1.08260
1.08290, 1.10690, 1.08050, 1.08780
1.08780, 1.09790, 1.08030, 1.08740
1.08750, 1.11090, 1.08130, 1.10450
1.10490, 1.10820, 1.09640, 1.10180
1.10150, 1.11590, 1.09650, 1.10530
1.10550, 1.13090, 1.10090, 1.12690
1.12840, 1.13720, 1.11440, 1.13300
1.13470, 1.13780, 1.11880, 1.12550
1.12800, 1.12830, 1.10730, 1.11300
1.11280, 1.12840, 1.10400, 1.12540
1.12510, 1.13410, 1.11510, 1.13040
1.12720, 1.13330, 1.08180, 1.08940
1.08910, 1.10910, 1.08630, 1.09960
1.09960, 1.11410, 1.08710, 1.10680
1.10680, 1.11920, 1.08840, 1.11680
1.10210, 1.13150, 1.10210, 1.13080
1.13070, 1.13780, 1.12180, 1.13330
1.13330, 1.14160, 1.12400, 1.13830
1.13830, 1.14780, 1.13180, 1.14630
1.14630, 1.16050, 1.14150, 1.14280
1.14280, 1.14800, 1.12670, 1.13490
1.13460, 1.13520, 1.11170, 1.11300
1.11280, 1.13210, 1.10420, 1.12200
1.12200, 1.12430, 1.11040, 1.11580
1.11580, 1.13650, 1.10030, 1.13150
1.13150, 1.13870, 1.12430, 1.12660
1.12660, 1.12700, 1.10970, 1.12090
1.12080, 1.12810, 1.10560, 1.10880
1.10880, 1.12130, 1.10280, 1.10900
1.10890, 1.11290, 1.07840, 1.07890
1.07880, 1.09580, 1.07380, 1.08770
1.08760, 1.10980, 1.07100, 1.10660
1.10660, 1.11130, 1.09400, 1.09680
1.09690, 1.11500, 1.08720, 1.11210
1.11200, 1.12480, 1.09480, 1.09620
1.09620, 1.11780, 1.09440, 1.11230
1.11240, 1.12150, 1.09450, 1.09530
1.09530, 1.11280, 1.08750, 1.09790
1.09790, 1.09950, 1.08000, 1.09310
1.09290, 1.10690, 1.08530, 1.08630
1.08630, 1.10180, 1.08380, 1.08840
1.08840, 1.09810, 1.07290, 1.08470
1.08470, 1.10820, 1.08240, 1.10390
1.10400, 1.10570, 1.09070, 1.09500
1.09500, 1.12090, 1.08990, 1.11730
1.11720, 1.12010, 1.10280, 1.11350
1.11350, 1.12600, 1.10710, 1.11300
1.11270, 1.12610, 1.10780, 1.12140
1.12150, 1.12400, 1.10320, 1.10580
1.10550, 1.12590, 1.10020, 1.11820
1.12440, 1.12440, 1.10700, 1.11900
1.11880, 1.12550, 1.11610, 1.11840
1.11860, 1.12200, 1.10970, 1.11860
1.11840, 1.12590, 1.11170, 1.11520
1.11500, 1.11740, 1.09420, 1.10990
1.10980, 1.11270, 1.09320, 1.09650
1.09520, 1.09910, 1.08360, 1.08440
1.08440, 1.08710, 1.06320, 1.06460
1.06440, 1.06930, 1.04020, 1.04180
1.04150, 1.04910, 1.03520, 1.04810
1.04810, 1.05590, 1.03910, 1.05430
1.05430, 1.06210, 1.04980, 1.05260
1.05240, 1.05650, 1.04390, 1.04490
1.04490, 1.05450, 1.03930, 1.05310
1.05310, 1.06830, 1.04830, 1.06520
1.04860, 1.07070, 1.04860, 1.06410
1.06410, 1.06560, 1.04650, 1.06240
1.06210, 1.06560, 1.04690, 1.05360
1.05330, 1.06520, 1.04490, 1.06450
1.06460, 1.07060, 1.05900, 1.06150
1.06150, 1.07230, 1.05460, 1.06270
1.06260, 1.06400, 1.03270, 1.03320
1.03290, 1.05520, 1.02720, 1.05280
1.05190, 1.05420, 1.02400, 1.02630
1.02400, 1.05190, 1.02320, 1.05000
1.05000, 1.06190, 1.04260, 1.05280
1.05300, 1.06250, 1.04850, 1.06120
1.06070, 1.07370, 1.05820, 1.06700
1.06700, 1.07660, 1.06230, 1.07510
1.07510, 1.08360, 1.06950, 1.07980
1.07940, 1.10160, 1.07750, 1.09330
1.09270, 1.10450, 1.09050, 1.09690
1.09710, 1.12780, 1.09410, 1.12710
1.12540, 1.13810, 1.12490, 1.13660
1.13650, 1.16050, 1.12770, 1.15880
1.15860, 1.16570, 1.14400, 1.16390
1.16360, 1.17350, 1.15740, 1.16210
1.16280, 1.16840, 1.14810, 1.15040
1.14920, 1.17250, 1.14350, 1.14620
1.14820, 1.16350, 1.14310, 1.16030
1.16000, 1.16500, 1.13260, 1.14750
1.14640, 1.15560, 1.14370, 1.14460
1.14460, 1.16970, 1.13420, 1.13500
1.13510, 1.14700, 1.12000, 1.12610
1.12620, 1.14190, 1.11730, 1.13750
1.13780, 1.14850, 1.11740, 1.13860
1.13760, 1.15210, 1.13050, 1.14090
1.14090, 1.14900, 1.12610, 1.14430
1.14430, 1.15580, 1.12290, 1.12590
1.12620, 1.15830, 1.11950, 1.15430
1.15460, 1.17780, 1.14990, 1.17030
1.17070, 1.17660, 1.15740, 1.17230
1.17230, 1.20240, 1.16910, 1.20120
1.20120, 1.21970, 1.19660, 1.21830
1.21860, 1.21930, 1.19390, 1.20550
1.20180, 1.21770, 1.19280, 1.20960
1.20850, 1.23760, 1.20760, 1.23410
1.23260, 1.25220, 1.18730, 1.18730
1.18640, 1.19200, 1.13490, 1.14740
1.14280, 1.15280, 1.10920, 1.11470
1.11760, 1.13700, 1.09990, 1.13290
1.13040, 1.13250, 1.09550, 1.12110
1.12300, 1.13810, 1.11130, 1.13260
1.13550, 1.16660, 1.12950, 1.16290
1.16420, 1.17980, 1.14070, 1.14610
1.14990, 1.15180, 1.10290, 1.10450
1.10440, 1.11870, 1.07840, 1.08040
1.07920, 1.08620, 1.06000, 1.06860
1.07110, 1.09380, 1.05590, 1.08630
1.08520, 1.10150, 1.07160, 1.09380
1.09460, 1.11080, 1.08290, 1.10340
1.10200, 1.11380, 1.08120, 1.08490
1.08300, 1.09720, 1.06600, 1.07030
1.07110, 1.10160, 1.05180, 1.05330
1.05440, 1.05790, 1.03210, 1.03400
1.03310, 1.04510, 1.00780, 1.00790
1.00820, 1.01430, 0.96920, 0.98600
0.98380, 1.00630, 0.96980, 0.97200
0.97180, 1.00810, 0.96080, 0.99700
0.99660, 1.01130, 0.97080, 0.97600
0.97910, 1.02100, 0.97050, 1.01320
1.01250, 1.02310, 0.98830, 1.01960
1.02070, 1.03990, 1.01460, 1.03650
1.03430, 1.05640, 1.02920, 1.03510
1.03540, 1.06060, 1.03310, 1.04780
1.04580, 1.06550, 1.03340, 1.03440
1.03570, 1.06510, 1.03100, 1.04860
1.04610, 1.04930, 0.99830, 0.99870
0.99960, 1.02760, 0.99520, 1.01670
1.01580, 1.03380, 1.01270, 1.01860
1.01700, 1.03210, 1.00450, 1.00710
1.00740, 1.01190, 0.99230, 1.00350
1.00640, 1.02220, 1.00280, 1.00640
1.00520, 1.02050, 1.00160, 1.01630
1.01580, 1.03030, 1.01140, 1.01590
1.01610, 1.02590, 1.00810, 1.02170
1.02180, 1.02180, 1.00570, 1.01440
1.01600, 1.03700, 1.00940, 1.03440
1.03360, 1.05140, 1.02670, 1.04900
1.04670, 1.05680, 1.03370, 1.03470
1.03250, 1.05270, 1.02820, 1.05270
1.05820, 1.06970, 1.04950, 1.06620
1.05200, 1.06250, 1.02060, 1.05460
1.05530, 1.05720, 1.03510, 1.05420
1.05760, 1.06630, 1.03950, 1.04220
1.04830, 1.05330, 0.93620, 0.96930
0.96960, 0.99830, 0.94260, 0.96090
0.96010, 0.96730, 0.89870, 0.91300
0.91590, 0.96940, 0.88970, 0.95480
0.95570, 1.01700, 0.95260, 0.99030
0.99590, 1.00570, 0.95300, 0.96550
0.96840, 0.98720, 0.94140, 0.96420
0.96250, 0.98480, 0.95320, 0.97840
0.98010, 0.98170, 0.93310, 0.95950
0.95910, 0.97500, 0.94000, 0.94250
0.94410, 0.95470, 0.87570, 0.90540
0.90450, 0.91670, 0.87030, 0.87500
0.87500, 0.89580, 0.84980, 0.89510
0.89500, 0.95630, 0.88490, 0.93850
0.93830, 0.93960, 0.88770, 0.89940
0.89630, 0.94060, 0.89530, 0.93690
0.93680, 0.95280, 0.92370, 0.94310
0.94570, 0.95430, 0.92220, 0.95150
0.94870, 0.96210, 0.92260, 0.93940
0.93860, 0.94460, 0.91440, 0.92290
0.92620, 0.94100, 0.91600, 0.91730
0.91730, 0.92180, 0.89430, 0.89940
0.90090, 0.94140, 0.88770, 0.93120
0.93380, 0.93800, 0.90270, 0.90780
0.90750, 0.92640, 0.90530, 0.92070
0.92540, 0.92640, 0.89740, 0.91920
0.91890, 0.94800, 0.91160, 0.94180
0.94190, 0.96460, 0.92620, 0.96000
0.95920, 0.96300, 0.93250, 0.94140
0.93950, 0.96070, 0.92350, 0.95760
0.95810, 0.97750, 0.95440, 0.96100
0.95970, 0.96430, 0.94030, 0.95180
0.95240, 0.97020, 0.94980, 0.96940
0.96630, 0.98000, 0.96020, 0.97740
0.97840, 0.98790, 0.95910, 0.96930
0.96950, 0.98680, 0.95950, 0.96400
0.96470, 0.96820, 0.94950, 0.95210
0.95110, 0.95800, 0.92430, 0.93960
0.93940, 0.94430, 0.93130, 0.93530
0.93650, 0.94010, 0.92630, 0.93300
0.93320, 0.96840, 0.92980, 0.96640
0.96470, 0.99210, 0.96070, 0.98590
0.98500, 1.00940, 0.98380, 0.99100
0.99130, 1.00150, 0.98000, 0.99950
0.99860, 1.00220, 0.97430, 0.97530
0.97660, 0.98350, 0.96520, 0.97860
0.97770, 0.98950, 0.96900, 0.97030
0.97020, 0.97900, 0.95710, 0.97410
0.97560, 0.98570, 0.95640, 0.96390
0.96120, 0.97220, 0.95120, 0.96230
0.96260, 0.96460, 0.93980, 0.94100
0.94090, 0.97470, 0.93710, 0.95840
0.95640, 0.99100, 0.95500, 0.98890
0.98790, 0.99620, 0.97890, 0.98150
0.98140, 0.98490, 0.95430, 0.95660
0.95860, 0.96240, 0.94530, 0.94590
0.94530, 0.96620, 0.94240, 0.94560
0.94570, 0.96810, 0.94530, 0.96270
0.96300, 0.96760, 0.94930, 0.95020
0.95010, 0.95780, 0.94100, 0.94670
0.94520, 0.96640, 0.94210, 0.96010
0.96030, 0.98260, 0.96000, 0.97540
0.97490, 0.98220, 0.96890, 0.97730
0.97610, 0.99500, 0.97300, 0.98670
0.98750, 0.99640, 0.97790, 0.98140
0.98490, 1.00530, 0.97780, 0.99380
0.99310, 1.00220, 0.97750, 0.99560
0.99690, 1.00450, 0.98250, 0.98360
0.98340, 0.99700, 0.97870, 0.99050
0.99000, 1.00660, 0.98780, 1.00040
1.00200, 1.02730, 0.99400, 1.02340
1.02330, 1.03920, 1.01940, 1.03410
1.03390, 1.03750, 1.01340, 1.01960
1.01750, 1.05070, 1.01730, 1.04220
1.04330, 1.05190, 1.03440, 1.03720
1.03870, 1.05350, 1.03600, 1.04250
1.04370, 1.05190, 1.03310, 1.03660
1.03200, 1.05380, 1.03110, 1.04730
1.05170, 1.07330, 1.04740, 1.06190
1.05020, 1.06200, 1.04470, 1.04650
1.04760, 1.08200, 1.04310, 1.07230
1.07410, 1.08200, 1.05690, 1.05840
1.05450, 1.08690, 1.03580, 1.06130
1.06280, 1.10050, 1.06110, 1.09390
1.09730, 1.10700, 1.06770, 1.08380
1.08400, 1.10540, 1.07380, 1.09900
1.10050, 1.11470, 1.09270, 1.09320
1.09520, 1.11540, 1.08740, 1.11200
1.11190, 1.11260, 1.07640, 1.08390
1.08330, 1.09410, 1.05240, 1.05410
1.05620, 1.05750, 0.99480, 0.99860
1.00090, 1.02690, 0.99520, 1.02270
1.02410, 1.03390, 0.98980, 0.99270
0.99220, 1.01810, 0.99030, 1.01630
1.01510, 1.03150, 1.00040, 1.01080
1.01040, 1.03860, 1.00480, 1.01060
1.00930, 1.02380, 1.00030, 1.00780
1.00880, 1.01570, 0.98460, 0.98660
0.98540, 0.99190, 0.96170, 0.97760
0.97910, 0.98360, 0.95020, 0.97780
0.97680, 0.99630, 0.95930, 0.98280
0.98690, 0.99620, 0.96800, 0.97720
0.97720, 0.98030, 0.94550, 0.95980
0.95790, 0.96420, 0.94150, 0.95450
0.95500, 0.96000, 0.94280, 0.95170
0.95030, 0.96140, 0.94390, 0.94850
0.94590, 0.95470, 0.93330, 0.95160
0.94980, 0.97040, 0.94840, 0.96270
0.96330, 0.98120, 0.94790, 0.95850
0.96020, 0.97350, 0.95670, 0.96830
0.96700, 0.98120, 0.96550, 0.97500
0.97490, 0.99240, 0.96600, 0.98160
0.98450, 0.99290, 0.96730, 0.96880
0.97150, 0.98100, 0.96830, 0.97040
0.97340, 0.97580, 0.94920, 0.95470
0.95550, 0.95960, 0.93620, 0.95310
0.95330, 0.95770, 0.93340, 0.93520
0.93910, 0.97620, 0.93600, 0.97270
0.97430, 0.98860, 0.96620, 0.97120
0.97310, 0.97910, 0.95410, 0.96390
0.96130, 0.96710, 0.93980, 0.93980
0.93900, 0.97110, 0.93620, 0.96620
0.96760, 0.98720, 0.96140, 0.98480
0.98360, 0.98880, 0.95570, 0.95650
0.95690, 0.96530, 0.93580, 0.94850
0.94690, 0.95990, 0.94640, 0.94880
0.94960, 0.96480, 0.94880, 0.95470
0.95210, 0.95750, 0.89510, 0.91340
0.91240, 0.93900, 0.91060, 0.93640
0.93940, 0.96780, 0.93550, 0.95830
0.95840, 0.96530, 0.94750, 0.94800
0.94900, 0.95250, 0.92290, 0.92940
0.92990, 0.94200, 0.92330, 0.92700
0.92900, 0.93090, 0.90700, 0.91470
0.91410, 0.91720, 0.88720, 0.90730
0.90820, 0.92620, 0.90290, 0.92050
0.92090, 0.92270, 0.89750, 0.89980
0.90200, 0.90840, 0.86530, 0.86880
0.86700, 0.88450, 0.84710, 0.85110
0.85300, 0.86710, 0.85020, 0.85970
0.86020, 0.87880, 0.85420, 0.86540
0.86430, 0.86820, 0.84100, 0.84150
0.84300, 0.88620, 0.84100, 0.88390
0.88320, 0.88900, 0.86400, 0.86880
0.87110, 0.87140, 0.84320, 0.85420
0.84660, 0.87340, 0.84650, 0.86400
0.85440, 0.85800, 0.81920, 0.82170
0.82990, 0.83570, 0.77090, 0.78080
0.77270, 0.78790, 0.71020, 0.78700
0.79240, 0.81600, 0.78770, 0.79230
0.79750, 0.82430, 0.79170, 0.82090
0.82280, 0.84390, 0.78640, 0.79960
0.79720, 0.88910, 0.78810, 0.88610
0.88950, 0.89590, 0.87850, 0.89480
0.89670, 0.90430, 0.87530, 0.87960
0.87840, 0.88360, 0.86130, 0.86430
0.86720, 0.89520, 0.86390, 0.89140
0.89210, 0.89520, 0.87520, 0.88220
0.88180, 0.89230, 0.87110, 0.87550
0.87560, 0.88180, 0.85860, 0.86950
0.86910, 0.88140, 0.86380, 0.86750
0.87220, 0.89400, 0.87190, 0.89020
0.89020, 0.90170, 0.88220, 0.89120
0.89250, 0.89320, 0.87600, 0.88740
0.88880, 0.90890, 0.88740, 0.90320
0.90510, 0.91940, 0.89930, 0.90710
0.90750, 0.91870, 0.90030, 0.90130
0.90240, 0.92130, 0.89940, 0.91640
0.91720, 0.92520, 0.90980, 0.91800
0.91870, 0.93740, 0.91200, 0.92840
0.93100, 0.93970, 0.92370, 0.93010
0.93170, 0.93980, 0.91880, 0.92170
0.92350, 0.92520, 0.90860, 0.91040
0.91010, 0.92650, 0.90900, 0.92360
0.92470, 0.92830, 0.91210, 0.91470
0.91330, 0.92690, 0.91140, 0.92250
0.92330, 0.92370, 0.89430, 0.89610
0.89540, 0.92600, 0.89350, 0.92320
0.92380, 0.93040, 0.91220, 0.92670
0.92730, 0.94040, 0.92160, 0.92280
0.92310, 0.92590, 0.90680, 0.90950
0.90910, 0.91450, 0.90280, 0.90290
0.90410, 0.92840, 0.90320, 0.91900
0.91840, 0.92410, 0.91150, 0.91930
0.92020, 0.92970, 0.91380, 0.91490
0.91780, 0.92680, 0.91510, 0.92410
0.92430, 0.93180, 0.91400, 0.92140
0.92620, 0.93240, 0.92080, 0.92890
0.93010, 0.93930, 0.91830, 0.91910
0.91980, 0.93570, 0.91890, 0.93190
0.93060, 0.94330, 0.92690, 0.92760
0.93000, 0.93550, 0.92100, 0.93470
0.92990, 0.93760, 0.92590, 0.92660
0.92560, 0.93380, 0.92280, 0.93180
0.93090, 0.94200, 0.92500, 0.93230
0.93170, 0.96040, 0.93090, 0.95800
0.95910, 0.97000, 0.95510, 0.96620
0.96520, 0.97690, 0.96060, 0.97470
0.97660, 0.97750, 0.96420, 0.97130
0.97160, 0.98450, 0.96740, 0.96820
0.96670, 0.98640, 0.96510, 0.98520
0.98450, 0.98990, 0.97740, 0.98350
0.98250, 0.98740, 0.96050, 0.96680
0.96630, 0.97160, 0.96000, 0.96760
0.96680, 0.97640, 0.96160, 0.96430
0.96440, 0.97200, 0.95230, 0.95270
0.95420, 0.95800, 0.94770, 0.95470
0.95510, 0.95830, 0.95150, 0.95460
0.95540, 0.95860, 0.94600, 0.94860
0.95050, 0.96270, 0.94960, 0.95200
0.95280, 0.95550, 0.93340, 0.93350
0.93260, 0.94490, 0.92940, 0.93700
0.93570, 0.94690, 0.92730, 0.94370
0.94500, 0.95410, 0.94390, 0.94620
0.94800, 0.95040, 0.93810, 0.94390
0.94360, 0.94690, 0.93370, 0.93390
0.93440, 0.93900, 0.93070, 0.93270
0.93380, 0.94950, 0.92930, 0.94470
0.94870, 0.94950, 0.92950, 0.93030
0.92890, 0.93390, 0.91870, 0.92120
0.92190, 0.92430, 0.91540, 0.91560
0.91620, 0.94130, 0.91600, 0.93620
0.93660, 0.94030, 0.92560, 0.92680
0.92670, 0.95130, 0.92570, 0.94090
0.94240, 0.94300, 0.91410, 0.92030
0.92050, 0.92200, 0.90220, 0.91100
0.91080, 0.92170, 0.90800, 0.91420
0.91490, 0.92340, 0.90800, 0.91560
0.91570, 0.91860, 0.90680, 0.90960
0.90880, 0.91970, 0.90250, 0.91780
0.91660, 0.93140, 0.91320, 0.92300
0.92520, 0.93260, 0.91880, 0.92030
0.92150, 0.92760, 0.91820, 0.91880
0.92000, 0.93970, 0.91440, 0.93260
0.93310, 0.93850, 0.91150, 0.91810
0.91710, 0.92250, 0.91320, 0.91430
0.91360, 0.91590, 0.89820, 0.90930
0.90840, 0.92910, 0.90800, 0.92660
0.92530, 0.93020, 0.91710, 0.92670
0.92780, 0.95150, 0.92650, 0.94700
0.94760, 0.95420, 0.93980, 0.94540
0.94320, 0.95050, 0.92770, 0.93040
0.93250, 0.94070, 0.91870, 0.91920
0.92100, 0.92960, 0.90000, 0.91670
0.91650, 0.92340, 0.89350, 0.90480
0.90570, 0.91110, 0.88780, 0.89190
0.89230, 0.90710, 0.88450, 0.89700
0.89790, 0.91340, 0.89650, 0.90990
0.91180, 0.92570, 0.90540, 0.90950
0.91010, 0.91420, 0.89910, 0.90720
0.90770, 0.91280, 0.90130, 0.90270
0.90230, 0.90800, 0.89280, 0.89430
0.89330, 0.89780, 0.88270, 0.89610
0.89680, 0.90830, 0.89120, 0.89580
0.89510, 0.89850, 0.87280, 0.87780
0.87610, 0.88700, 0.87190, 0.88170
0.88450, 0.90660, 0.88320, 0.90000
0.90120, 0.90640, 0.89680, 0.89740
0.89450, 0.90250, 0.88250, 0.88330
0.88120, 0.88840, 0.87400, 0.87880
0.87800, 0.88170, 0.86830, 0.88060
0.88020, 0.88130, 0.87010, 0.88050
0.87680, 0.88670, 0.87460, 0.87610
0.87610, 0.87840, 0.85240, 0.85400
0.85370, 0.87580, 0.85350, 0.87490
0.87490, 0.88570, 0.87110, 0.87900
0.87980, 0.88090, 0.87000, 0.87620
0.87580, 0.87980, 0.86000, 0.86190
0.86140, 0.86500, 0.84930, 0.85340
0.85240, 0.85610, 0.83610, 0.83800
0.83730, 0.84090, 0.83310, 0.83970
0.84010, 0.84280, 0.83080, 0.84180
0.84180, 0.84520, 0.82470, 0.83240
0.83160, 0.85280, 0.82940, 0.85100
0.85050, 0.85340, 0.82440, 0.82780
0.82630, 0.83200, 0.82270, 0.82970
0.82970, 0.83360, 0.80310, 0.80640
0.80790, 0.81610, 0.79940, 0.81360
0.81530, 0.82100, 0.80600, 0.81340
0.81380, 0.82170, 0.80640, 0.81210
0.81100, 0.81490, 0.79400, 0.79850
0.79830, 0.80430, 0.78920, 0.79470
0.79450, 0.80540, 0.78990, 0.79150
0.79130, 0.79260, 0.78400, 0.78520
0.78570, 0.79310, 0.78030, 0.78620
0.78530, 0.80850, 0.78400, 0.80140
0.80020, 0.81560, 0.79690, 0.81220
0.81240, 0.81290, 0.79660, 0.79740
0.79910, 0.80300, 0.79660, 0.80090
0.80100, 0.80360, 0.79710, 0.79840
0.79730, 0.80790, 0.79530, 0.79970
0.79820, 0.81680, 0.79730, 0.81300
0.81290, 0.82380, 0.81130, 0.82140
0.82110, 0.82440, 0.81560, 0.82370
0.82410, 0.82880, 0.82250, 0.82520
0.82490, 0.82730, 0.81450, 0.81700
0.81740, 0.82960, 0.81600, 0.82880
0.82840, 0.83370, 0.82250, 0.83170
0.83140, 0.83610, 0.83020, 0.83480
0.83510, 0.84160, 0.83000, 0.83930
0.83950, 0.84060, 0.83060, 0.83070
0.83100, 0.83860, 0.82810, 0.83660
0.83630, 0.84250, 0.83470, 0.83600
0.83590, 0.83750, 0.82810, 0.82890
0.82890, 0.83360, 0.82330, 0.82470
0.82510, 0.83290, 0.82480, 0.82760
0.82880, 0.83550, 0.82850, 0.83460
0.83610, 0.84580, 0.83230, 0.84380
0.84470, 0.85860, 0.84000, 0.85510
0.85490, 0.85720, 0.84090, 0.84110
0.84070, 0.86060, 0.84070, 0.85800
0.85750, 0.85870, 0.84700, 0.85250
0.85300, 0.86110, 0.85040, 0.85970
0.86030, 0.86330, 0.85070, 0.85450
0.85470, 0.85500, 0.83140, 0.83870
0.83860, 0.85140, 0.83430, 0.84660
0.84660, 0.85780, 0.84260, 0.85440
0.85430, 0.85780, 0.83970, 0.85230
0.85160, 0.85600, 0.84530, 0.84910
0.84950, 0.86390, 0.84170, 0.86310
0.86530, 0.86540, 0.84160, 0.84530
0.84510, 0.86200, 0.84380, 0.85570
0.85520, 0.85800, 0.83150, 0.83200
0.83120, 0.84840, 0.81960, 0.84740
0.84740, 0.85100, 0.84180, 0.84900
0.84930, 0.85870, 0.84620, 0.84940
0.85440, 0.86460, 0.85000, 0.85460
0.85420, 0.85720, 0.70520, 0.71710
0.71810, 0.73710, 0.68900, 0.70820
0.70700, 0.73560, 0.70270, 0.72210
0.72770, 0.74590, 0.72370, 0.73810
0.73810, 0.74870, 0.72950, 0.74810
0.74740, 0.76470, 0.74340, 0.74710
0.74990, 0.76470, 0.74800, 0.76190
0.76150, 0.78360, 0.76010, 0.78010
0.78090, 0.79390, 0.77880, 0.78530
0.78450, 0.78860, 0.77030, 0.77540
0.77540, 0.77800, 0.76000, 0.76190
0.76290, 0.76800, 0.75860, 0.76190
0.76190, 0.77930, 0.76140, 0.77870
0.77870, 0.78920, 0.77330, 0.77750
0.77850, 0.79380, 0.77490, 0.78240
0.78230, 0.79550, 0.76350, 0.76660
0.76660, 0.77610, 0.75110, 0.77080
0.77070, 0.77510, 0.75940, 0.76200
0.76200, 0.76970, 0.75840, 0.76730
0.76750, 0.77070, 0.74880, 0.75480
0.75480, 0.75980, 0.74250, 0.75510
0.75510, 0.76210, 0.74390, 0.75370
0.75500, 0.75980, 0.74650, 0.74780
0.74740, 0.76050, 0.74550, 0.75730
0.76000, 0.76460, 0.74520, 0.74770
0.74830, 0.75010, 0.73450, 0.74080
0.74070, 0.74670, 0.73490, 0.74090
0.74050, 0.74260, 0.73240, 0.73730
0.73760, 0.74880, 0.73250, 0.73700
0.73800, 0.75260, 0.73350, 0.74850
0.74810, 0.75640, 0.74380, 0.74490
0.74560, 0.74910, 0.71720, 0.71730
0.71740, 0.73310, 0.69670, 0.72900
0.72830, 0.74210, 0.72270, 0.73210
0.73270, 0.74450, 0.72910, 0.73030
0.73090, 0.73730, 0.72740, 0.73220
0.73260, 0.73810, 0.72350, 0.73400
0.73330, 0.73970, 0.72080, 0.73820
0.73810, 0.74960, 0.73690, 0.74260
0.74130, 0.74490, 0.73090, 0.73810
0.73790, 0.74790, 0.72820, 0.74290
0.74310, 0.75610, 0.74110, 0.75530
0.75340, 0.76040, 0.75110, 0.75550
0.75510, 0.76010, 0.75080, 0.75450
0.75640, 0.76830, 0.75280, 0.76220
0.76400, 0.77380, 0.75910, 0.76950
0.77010, 0.77300, 0.73990, 0.74570
0.74550, 0.74650, 0.71380, 0.71400
0.71650, 0.72400, 0.70980, 0.71030
0.71230, 0.71820, 0.70680, 0.71280
0.71310, 0.71740, 0.70830, 0.71400
0.72390, 0.72550, 0.70110, 0.70170
0.70200, 0.71090, 0.68530, 0.68870
0.68530, 0.71920, 0.68000, 0.71920
0.71780, 0.73260, 0.70640, 0.73190
0.73110, 0.73380, 0.71150, 0.71170
0.71330, 0.71700, 0.69000, 0.70520
0.70540, 0.72840, 0.70450, 0.71860
0.71780, 0.73850, 0.71270, 0.73720
0.73750, 0.74650, 0.73390, 0.74560
0.74430, 0.75920, 0.73310, 0.74310
0.74250, 0.75130, 0.73600, 0.74490
0.74410, 0.74660, 0.73300, 0.73610
0.73590, 0.74530, 0.72980, 0.73580
0.73530, 0.73640, 0.72370, 0.73380
0.73360, 0.75720, 0.73130, 0.75470
0.74540, 0.77320, 0.74320, 0.77220
0.77300, 0.77320, 0.76220, 0.76380
0.76270, 0.76560, 0.74170, 0.75310
0.75070, 0.75890, 0.74550, 0.75360
0.75310, 0.76100, 0.75150, 0.75470
0.75500, 0.76690, 0.75090, 0.76320
0.76280, 0.76330, 0.75190, 0.75370
0.75400, 0.75940, 0.75150, 0.75430
0.75360, 0.75710, 0.73810, 0.74400
0.74820, 0.75700, 0.74160, 0.74770
0.74690, 0.75720, 0.74420, 0.75320
0.75370, 0.75740, 0.74800, 0.75360
0.75220, 0.76210, 0.74710, 0.75710
0.75780, 0.76070, 0.74850, 0.75120
0.75190, 0.75450, 0.73820, 0.74300
0.74340, 0.74890, 0.73440, 0.74410
0.74320, 0.75280, 0.74200, 0.75190
0.75180, 0.75380, 0.74260, 0.74590
0.74560, 0.75300, 0.74130, 0.75170
0.75260, 0.75530, 0.74630, 0.75490
0.75420, 0.75990, 0.74720, 0.74720
0.74660, 0.74770, 0.73500, 0.74140
0.74110, 0.74610, 0.73510, 0.73640
0.73660, 0.74360, 0.73020, 0.74000
0.74000, 0.74695, 0.73417, 0.73417
0.73870, 0.75439, 0.73625, 0.75268
0.75299, 0.76077, 0.74387, 0.74387
0.74572, 0.75080, 0.73486, 0.73634
0.73627, 0.73939, 0.72129, 0.72135
0.73140, 0.74090, 0.70590, 0.72875
0.73195, 0.74937, 0.73054, 0.74701
0.74798, 0.75507, 0.74747, 0.74915
0.75235, 0.76183, 0.74762, 0.75940
0.75988, 0.77562, 0.75746, 0.77097
0.77388, 0.77651, 0.76671, 0.76858
0.76885, 0.77035, 0.75654, 0.75738
0.75821, 0.76126, 0.74505, 0.75669
0.75796, 0.77108, 0.75772, 0.76788
0.76731, 0.77380, 0.76496, 0.76820
0.76820, 0.77105, 0.75074, 0.75144
0.75065, 0.76608, 0.74989, 0.75870
0.75815, 0.76463, 0.75629, 0.76105
0.76060, 0.76900, 0.75424, 0.76497
0.76552, 0.77234, 0.76198, 0.76492
0.76466, 0.77037, 0.76413, 0.76873
0.76822, 0.76932, 0.75225, 0.75226
0.75299, 0.75821, 0.74688, 0.74960
0.75003, 0.75283, 0.74594, 0.74719
0.74727, 0.74948, 0.73788, 0.74008
0.73975, 0.75366, 0.73296, 0.75186
0.75260, 0.75396, 0.74419, 0.75170
0.75255, 0.76033, 0.75145, 0.75384
0.75365, 0.75552, 0.73682, 0.73718
0.73545, 0.74218, 0.72494, 0.72814
0.72690, 0.72955, 0.71504, 0.72243
0.72285, 0.73937, 0.72226, 0.72947
0.72985, 0.73436, 0.71554, 0.71957
0.71995, 0.72727, 0.71769, 0.72361
0.72440, 0.72788, 0.71244, 0.71325
0.71362, 0.72286, 0.71241, 0.71929
0.71872, 0.73723, 0.71872, 0.73656
0.73595, 0.73852, 0.72837, 0.72993
0.73035, 0.74038, 0.72717, 0.73866
0.73800, 0.74995, 0.73712, 0.74819
0.74740, 0.76297, 0.74351, 0.76119
0.76095, 0.76267, 0.75171, 0.75354
0.75315, 0.78052, 0.75262, 0.77854
0.77766, 0.77933, 0.76690, 0.76842
0.76805, 0.77157, 0.75315, 0.75812
0.75868, 0.76990, 0.75811, 0.76637
0.76683, 0.77262, 0.76289, 0.76593
0.76426, 0.77931, 0.75592, 0.77770
0.77194, 0.78758, 0.76922, 0.77625
0.77839, 0.79575, 0.77782, 0.78619
0.78749, 0.79085, 0.77912, 0.78533
0.78635, 0.79112, 0.77292, 0.77544
0.77471, 0.78339, 0.77455, 0.77982
0.77984, 0.78317, 0.77675, 0.78140
0.78017, 0.78767, 0.77613, 0.77919
0.77980, 0.78364, 0.77071, 0.77842
0.77727, 0.78543, 0.77182, 0.78329
0.78234, 0.78735, 0.77936, 0.78444
0.78413, 0.78591, 0.77071, 0.77336
0.77372, 0.77769, 0.76927, 0.77003
0.76953, 0.77472, 0.76157, 0.76888
0.77142, 0.78212, 0.77037, 0.77206
0.77226, 0.77707, 0.76524, 0.76878
0.76817, 0.77973, 0.76361, 0.77682
0.77797, 0.78346, 0.77341, 0.77358
0.77692, 0.79018, 0.77369, 0.78419
0.78509, 0.79130, 0.77369, 0.77541
0.77631, 0.77800, 0.76713, 0.77036
0.76989, 0.77343, 0.75473, 0.75740
0.75772, 0.76216, 0.74880, 0.74896
0.74963, 0.75376, 0.73862, 0.74577
0.74573, 0.74721, 0.73648, 0.73791
0.73799, 0.74267, 0.73318, 0.74091
0.73979, 0.74115, 0.72519, 0.72764
0.72532, 0.74256, 0.72229, 0.74233
0.74203, 0.74245, 0.72524, 0.72669
0.72737, 0.73979, 0.72521, 0.73437
0.73422, 0.74320, 0.73060, 0.73914
0.73817, 0.75676, 0.73718, 0.75023
0.74996, 0.76675, 0.74820, 0.76238
0.76277, 0.77158, 0.76078, 0.76380
0.76362, 0.77005, 0.76047, 0.76993
0.76905, 0.77930, 0.76845, 0.77794
0.77811, 0.78672, 0.77074, 0.78124
0.78150, 0.78547, 0.77168, 0.77402
0.77392, 0.78179, 0.76250, 0.76268
0.76392, 0.77095, 0.75658, 0.76227
0.76251, 0.76830, 0.75334, 0.76186
0.75610, 0.76460, 0.75359, 0.75548
0.75453, 0.75778, 0.73963, 0.74433
0.74365, 0.75604, 0.74057, 0.75358
0.75291, 0.75773, 0.75118, 0.75603
0.75538, 0.76322, 0.75292, 0.76138
0.76028, 0.76210, 0.75156, 0.75508
0.75454, 0.76406, 0.75325, 0.76143
0.76101, 0.76614, 0.75435, 0.76535
0.76355, 0.76777, 0.75696, 0.75733
0.75411, 0.76303, 0.75373, 0.76187
0.76148, 0.76261, 0.75200, 0.75473
0.75529, 0.75722, 0.74055, 0.74242
0.74093, 0.74373, 0.73153, 0.73608
0.73511, 0.74781, 0.73487, 0.74198
0.74141, 0.74994, 0.73681, 0.74152
0.74091, 0.76051, 0.73988, 0.76022
0.76230, 0.77197, 0.76128, 0.76648
0.76571, 0.76749, 0.75513, 0.76123
0.75987, 0.76655, 0.75525, 0.76014
0.75949, 0.76929, 0.75837, 0.76073
0.76133, 0.76799, 0.76085, 0.76554
0.76574, 0.76865, 0.76003, 0.76107
0.76077, 0.76563, 0.75866, 0.76005
0.75945, 0.76077, 0.74692, 0.75259
0.75327, 0.75631, 0.74722, 0.75140
0.75422, 0.75878, 0.73756, 0.74283
0.74232, 0.74632, 0.73522, 0.74532
0.74375, 0.74623, 0.72766, 0.73152
0.73102, 0.73408, 0.71771, 0.72131
0.72055, 0.73758, 0.71981, 0.73740
0.73667, 0.74562, 0.73310, 0.74140
0.74142, 0.75178, 0.73803, 0.75014
0.74877, 0.75149, 0.74401, 0.75129
0.75085, 0.76101, 0.74622, 0.75965
0.75863, 0.76437, 0.75163, 0.75300
0.75313, 0.76220, 0.75189, 0.75854
0.75747, 0.76164, 0.75423, 0.76135
0.76054, 0.76186, 0.75045, 0.75091
0.75112, 0.75382, 0.74572, 0.75095
0.75119, 0.75565, 0.74974, 0.75118
0.75123, 0.75450, 0.73943, 0.73963
0.74000, 0.74676, 0.73830, 0.74518
0.74494, 0.75134, 0.74332, 0.74708
0.74634, 0.75312, 0.74618, 0.75213
0.75205, 0.75965, 0.74904, 0.75681
0.75699, 0.76330, 0.75293, 0.75763
0.75763, 0.76207, 0.75492, 0.75723
0.75722, 0.75908, 0.75022, 0.75400
0.75370, 0.75388, 0.74515, 0.75063
0.75048, 0.75495, 0.74328, 0.74500
0.74431, 0.74929, 0.73933, 0.74013
0.73997, 0.74483, 0.73631, 0.74424
0.74398, 0.74936, 0.74379, 0.74431
0.74419, 0.74912, 0.73819, 0.73823
0.73818, 0.74738, 0.73526, 0.74548
0.74546, 0.75885, 0.74546, 0.75835
0.75836, 0.76117, 0.75362, 0.75514
0.75519, 0.75877, 0.74979, 0.75154
0.75159, 0.75486, 0.74699, 0.75435
0.75375, 0.75556, 0.74197, 0.74393
0.74400, 0.74428, 0.72652, 0.73576
0.73661, 0.74003, 0.72697, 0.73723
0.73617, 0.74167, 0.73152, 0.73368
0.73140, 0.74619, 0.72968, 0.74315
0.74233, 0.75144, 0.73782, 0.74987
0.74881, 0.75636, 0.74494, 0.74508
0.74656, 0.75168, 0.74521, 0.74655
0.74767, 0.75067, 0.74289, 0.74853
0.74811, 0.75701, 0.74530, 0.74765
0.74603, 0.75692, 0.74332, 0.75512
0.75486, 0.75690, 0.74954, 0.74958
0.74939, 0.76179, 0.74911, 0.76128
0.76117, 0.76373, 0.74849, 0.74909
0.74938, 0.75706, 0.74938, 0.75367
0.75308, 0.75438, 0.74402, 0.74814
0.74748, 0.75121, 0.74248, 0.74961
0.75008, 0.75348, 0.74825, 0.75241
0.75271, 0.75366, 0.74096, 0.74709
0.74642, 0.74922, 0.74303, 0.74702
0.74579, 0.74931, 0.74414, 0.74737
0.74612, 0.74893, 0.74359, 0.74471
0.74451, 0.75042, 0.74025, 0.74744
0.74678, 0.74876, 0.74227, 0.74520
0.74433, 0.74585, 0.73678, 0.74044
0.74026, 0.74402, 0.73457, 0.73841
0.73695, 0.74067, 0.72720, 0.72777
0.72707, 0.73533, 0.72524, 0.73458
0.73333, 0.74127, 0.73304, 0.74065
0.74001, 0.74445, 0.73796, 0.73941
0.73877, 0.73961, 0.71466, 0.72044
0.71626, 0.72494, 0.69407, 0.69859
0.68555, 0.69167, 0.66632, 0.68846
0.68747, 0.69230, 0.66038, 0.68556
0.68543, 0.69006, 0.67055, 0.67955
0.67887, 0.69366, 0.67273, 0.68682
0.68561, 0.69576, 0.68429, 0.69135
0.69271, 0.69804, 0.68235, 0.69042
0.68948, 0.69567, 0.68041, 0.68958
0.68893, 0.70323, 0.68028, 0.68200
0.68210, 0.69865, 0.68072, 0.69714
0.69681, 0.69875, 0.68820, 0.68844
0.68871, 0.70095, 0.68800, 0.69300
0.69372, 0.70669, 0.69296, 0.69762
0.69668, 0.72028, 0.69640, 0.71688
0.71474, 0.71898, 0.69056, 0.70098
0.70011, 0.70349, 0.69502, 0.69950
0.69594, 0.70173, 0.69147, 0.69242
0.69223, 0.69909, 0.69133, 0.69653
0.69624, 0.69751, 0.69011, 0.69201
0.69255, 0.70020, 0.68863, 0.69099
0.69159, 0.69802, 0.68573, 0.68589
0.68537, 0.69000, 0.67455, 0.68061
0.68087, 0.68847, 0.68056, 0.68154
0.68080, 0.69047, 0.68080, 0.68496
0.68563, 0.69322, 0.68410, 0.69147
0.69073, 0.69381, 0.68719, 0.68997
0.68964, 0.69963, 0.68920, 0.69905
0.69911, 0.70078, 0.68817, 0.68949
0.68871, 0.69165, 0.68711, 0.68985
0.68886, 0.69458, 0.68590, 0.69375
0.69272, 0.69476, 0.68585, 0.69032
0.69031, 0.69533, 0.68799, 0.69309
0.69285, 0.69753, 0.68938, 0.69327
0.69257, 0.69510, 0.68725, 0.68859
0.68793, 0.69037, 0.68170, 0.68739
0.68720, 0.69716, 0.68587, 0.68901
0.68779, 0.70496, 0.68779, 0.69465
0.69384, 0.69938, 0.69333, 0.69549
0.69539, 0.70227, 0.69456, 0.69535
0.69509, 0.70012, 0.68937, 0.69735
0.69633, 0.69841, 0.69266, 0.69651
0.69596, 0.69789, 0.68951, 0.69057
0.69085, 0.69523, 0.68614, 0.69490
0.69089, 0.69464, 0.68878, 0.69333
0.69329, 0.69939, 0.68832, 0.69723
0.69652, 0.70312, 0.69413, 0.69951
0.69818, 0.70554, 0.69385, 0.69483
0.69507, 0.69914, 0.69048, 0.69675
0.69547, 0.70601, 0.69476, 0.70431
0.70383, 0.70611, 0.69901, 0.70254
0.70206, 0.71102, 0.70133, 0.71020
0.70941, 0.72724, 0.70849, 0.71244
0.71280, 0.73617, 0.71195, 0.73540
0.73347, 0.74571, 0.73282, 0.74471
0.74398, 0.74750, 0.74090, 0.74282
0.74181, 0.74909, 0.73628, 0.74625
0.74620, 0.75275, 0.74295, 0.74850
0.74894, 0.75139, 0.73302, 0.73757
0.73724, 0.73923, 0.73157, 0.73512
0.73445, 0.73630, 0.72509, 0.73204
0.73184, 0.74408, 0.73108, 0.74254
0.74128, 0.74752, 0.73963, 0.74240
0.74324, 0.75217, 0.74113, 0.74433
0.74349, 0.74943, 0.74079, 0.74387
0.74379, 0.74617, 0.73939, 0.74506
0.74516, 0.74782, 0.74230, 0.74303
0.74438, 0.74478, 0.73755, 0.73799
0.73852, 0.74465, 0.73612, 0.74001
0.73960, 0.74803, 0.73860, 0.74520
0.74604, 0.74831, 0.74169, 0.74639
0.74693, 0.74818, 0.72782, 0.73360
0.73369, 0.73699, 0.72741, 0.72842
0.72845, 0.73332, 0.71725, 0.73174
0.73128, 0.73199, 0.72443, 0.72601
0.72436, 0.72882, 0.71859, 0.72857
0.72778, 0.73837, 0.72767, 0.73114
0.73080, 0.73153, 0.70870, 0.71486
0.71408, 0.72813, 0.71342, 0.72202
0.72134, 0.73105, 0.72089, 0.72926
0.72857, 0.73171, 0.72245, 0.72340
0.72308, 0.73355, 0.72210, 0.72983
0.72945, 0.73129, 0.71810, 0.73018
0.73007, 0.73819, 0.72939, 0.73595
0.73497, 0.74412, 0.73267, 0.74309
0.74206, 0.74891, 0.74150, 0.74644
0.74617, 0.74940, 0.73978, 0.74046
0.73993, 0.74585, 0.73591, 0.73877
0.73888, 0.74051, 0.73145, 0.73207
0.73203, 0.73782, 0.73057, 0.73339
0.73337, 0.74232, 0.73150, 0.73379
0.73353, 0.74006, 0.72037, 0.72081
0.72286, 0.72811, 0.71351, 0.71402
0.71470, 0.73301, 0.71441, 0.72300
0.72319, 0.72610, 0.71576, 0.71632
0.71668, 0.71876, 0.70961, 0.71696
0.71665, 0.72181, 0.71276, 0.72020
0.72085, 0.72724, 0.71684, 0.72612
0.72572, 0.73679, 0.72554, 0.72807
0.72731, 0.73628, 0.72432, 0.72442
0.72391, 0.73544, 0.71951, 0.72904
0.72842, 0.73354, 0.72239, 0.72492
0.72475, 0.73178, 0.72441, 0.72554
0.72539, 0.73042, 0.72159, 0.72181
0.72191, 0.72909, 0.71692, 0.72845
0.72478, 0.73085, 0.71856, 0.71959
0.71961, 0.73534, 0.71883, 0.73297
0.73236, 0.74395, 0.72880, 0.73899
0.73784, 0.74648, 0.73671, 0.74553
0.74441, 0.75108, 0.73590, 0.73944
0.73885, 0.74756, 0.73813, 0.74269
0.74094, 0.74965, 0.73575, 0.74705
0.74632, 0.76198, 0.74533, 0.75224
0.75140, 0.76450, 0.74706, 0.75702
0.75549, 0.77036, 0.75417, 0.76577
0.76431, 0.77630, 0.76122, 0.77607
0.77411, 0.78109, 0.75628, 0.75921
0.75813, 0.76085, 0.74561, 0.75236
0.75071, 0.76626, 0.75033, 0.76427
0.76340, 0.77981, 0.76336, 0.77218
0.77232, 0.77604, 0.73942, 0.74410
0.74389, 0.74864, 0.73565, 0.74321
0.74131, 0.74623, 0.73780, 0.74463
0.74512, 0.75539, 0.74023, 0.75443
0.75322, 0.75835, 0.74650, 0.74935
0.74952, 0.75579, 0.74397, 0.74408
0.74430, 0.75256, 0.74137, 0.74312
0.74246, 0.75023, 0.73738, 0.74332
0.74278, 0.74495, 0.73150, 0.73685
0.73598, 0.74075, 0.72894, 0.73778
0.73699, 0.74663, 0.73581, 0.74044
0.74029, 0.75019, 0.73892, 0.74728
0.74691, 0.75062, 0.73512, 0.73754
0.73444, 0.73766, 0.72327, 0.72662
0.72511, 0.73064, 0.71149, 0.72165
0.72147, 0.72693, 0.71118, 0.71338
0.71213, 0.72935, 0.71199, 0.72359
0.72278, 0.72865, 0.71928, 0.72415
0.72373, 0.73376, 0.72175, 0.73102
0.72945, 0.73332, 0.72399, 0.73187
0.73037, 0.74225, 0.72992, 0.73734
0.73726, 0.73771, 0.70890, 0.70985
0.70857, 0.71551, 0.70684, 0.71264
0.71220, 0.71433, 0.70291, 0.70662
0.70641, 0.70828, 0.69412, 0.69540
0.69565, 0.69848, 0.68322, 0.68437
0.68388, 0.68862, 0.67835, 0.68146
0.68216, 0.68777, 0.67737, 0.68611
0.68515, 0.68925, 0.67923, 0.68220
0.68179, 0.69324, 0.67864, 0.68996
0.68957, 0.69717, 0.68518, 0.69151
0.69163, 0.69244, 0.67704, 0.68763
0.68593, 0.69342, 0.68388, 0.69194
0.69094, 0.69257, 0.68227, 0.69086
0.69126, 0.69267, 0.68383, 0.69213
0.69177, 0.69244, 0.68568, 0.68581
0.68612, 0.69168, 0.68336, 0.69132
0.68987, 0.69336, 0.68665, 0.68851
0.68814, 0.68861, 0.66490, 0.66628
0.66423, 0.67885, 0.65942, 0.67396
0.67460, 0.68066, 0.66504, 0.66918
0.66720, 0.67839, 0.66686, 0.67698
0.67742, 0.68095, 0.66775, 0.66823
0.66877, 0.67357, 0.66211, 0.66894
0.66831, 0.67163, 0.65806, 0.65872
0.65879, 0.66049, 0.64981, 0.66040
0.65863, 0.66578, 0.64758, 0.66560
0.66478, 0.66756, 0.65969, 0.66244
0.66126, 0.67183, 0.66123, 0.66609
0.66462, 0.66851, 0.66180, 0.66444
0.66438, 0.67713, 0.66322, 0.67665
0.67584, 0.68212, 0.67199, 0.67663
0.67643, 0.68157, 0.67291, 0.67710
0.67733, 0.68306, 0.67600, 0.68003
0.67914, 0.68262, 0.67436, 0.67534
0.67468, 0.67885, 0.66856, 0.66951
0.66837, 0.67082, 0.65158, 0.65192
0.65022, 0.65913, 0.64795, 0.65464
0.65408, 0.66079, 0.64854, 0.65698
0.65503, 0.66170, 0.65132, 0.65192
0.65171, 0.65558, 0.64931, 0.65175
0.65100, 0.65100, 0.65100, 0.65100