82.60900, 82.65300, 82.32000, 82.38300
82.29300, 82.67500, 81.63200, 82.01900
81.99300, 83.34000, 81.82900, 83.24500
83.24500, 83.71100, 82.56000, 83.64500
83.59700, 84.26300, 83.53600, 84.19600
84.21800, 84.25300, 83.53000, 83.65800
83.72300, 84.39100, 83.58100, 84.07100
84.07700, 85.25000, 83.92400, 85.08600
85.08600, 85.14100, 84.57900, 84.92800
84.87300, 85.32000, 84.69800, 85.26500
85.22700, 85.75700, 85.01900, 85.10800
85.25800, 85.36700, 84.90400, 85.24700
85.21900, 85.41900, 85.05900, 85.25900
85.21600, 85.43600, 84.67500, 84.91300
84.89200, 85.30200, 84.67500, 84.72800
84.72400, 85.16600, 84.32300, 84.34600
84.46800, 84.72400, 84.34800, 84.58800
84.59300, 85.16600, 84.57600, 84.79000
84.78500, 85.22700, 84.66300, 85.16300
85.18300, 85.31100, 84.86100, 84.89900
84.91700, 85.04500, 84.74000, 84.99800
84.92100, 85.38600, 84.88900, 85.12300
85.12500, 85.52000, 84.95900, 85.49900
85.49200, 85.73800, 85.25500, 85.25700
85.24800, 85.43200, 84.47300, 84.99700
84.99000, 85.02000, 84.37000, 84.85200
84.90200, 85.00200, 84.50500, 84.67500
84.68200, 84.69300, 83.88900, 84.25300
84.25400, 85.50400, 84.15300, 85.35600
85.35800, 86.06000, 85.27500, 85.66700
85.67200, 85.86800, 85.40800, 85.45900
85.45500, 85.86900, 85.41700, 85.57300
85.57600, 85.92200, 85.31400, 85.70200
85.68900, 86.29700, 85.57700, 86.29700
86.30300, 86.78600, 86.18200, 86.46700
86.46300, 86.73300, 85.76800, 85.94400
86.09500, 86.85100, 86.02500, 86.83300
86.82100, 87.10100, 86.46000, 86.50700
86.50100, 86.52900, 84.92300, 85.73400
85.76700, 85.77200, 84.43800, 84.82200
84.80500, 85.12200, 84.04700, 84.27900
84.63000, 84.69400, 83.98000, 84.19800
84.19100, 84.24100, 82.99600, 83.54900
83.54000, 84.94900, 83.15400, 84.57200
84.57200, 84.96600, 83.57200, 84.00300
83.96100, 84.63900, 83.94000, 84.51200
84.41900, 84.94900, 84.41500, 84.89200
84.89200, 85.12000, 84.06400, 84.69500
84.69400, 85.64300, 84.62400, 85.12400
85.12400, 85.17000, 84.25900, 84.56500
84.55800, 84.75600, 83.85700, 84.70800
84.01000, 84.89500, 83.98100, 84.74300
84.74200, 85.03100, 84.65200, 84.80100
84.80000, 85.19800, 84.75100, 85.00600
84.99900, 85.01900, 84.35700, 84.38600
84.38600, 84.46700, 83.71000, 83.79800
83.90100, 84.00700, 83.44500, 83.73100
83.73600, 83.77000, 82.55700, 82.85800
82.85500, 83.03800, 82.66900, 82.88600
82.89000, 83.20200, 82.48600, 82.54900
82.54900, 83.04200, 82.26900, 82.89500
82.76500, 82.88900, 82.17000, 82.54400
82.54300, 82.82900, 82.21200, 82.70000
82.70000, 83.17500, 82.35200, 82.63100
82.64000, 83.39800, 82.46600, 83.36700
83.36400, 84.38000, 83.24400, 84.25600
84.01300, 84.43100, 83.74500, 84.09900
84.09900, 84.43200, 83.86400, 84.15800
84.15600, 84.22700, 83.93200, 84.06400
84.05700, 84.34400, 83.86800, 84.25400
84.22900, 84.46300, 84.07000, 84.34100
84.22700, 84.68900, 84.22700, 84.54300
84.49600, 84.92500, 84.46800, 84.66400
84.54700, 85.17000, 84.20800, 84.79000
84.75500, 85.54000, 84.67500, 85.52400
85.52100, 85.65900, 85.24300, 85.39500
85.25000, 85.65400, 85.19300, 85.47500
85.43600, 85.69000, 85.39000, 85.54100
85.54300, 85.74300, 85.04200, 85.69500
85.69500, 85.72400, 84.68900, 84.77500
84.74200, 85.27400, 84.50800, 84.79600
84.78600, 84.90200, 84.41200, 84.51300
84.51300, 84.64800, 84.26200, 84.52400
84.52200, 85.20500, 84.45400, 85.05500
85.05500, 85.22700, 84.80200, 85.06600
85.06200, 85.18700, 84.78600, 84.96300
84.91900, 85.39200, 84.88300, 85.21300
85.21600, 86.11600, 84.74500, 85.96500
85.96100, 86.28800, 85.74100, 85.95900
85.95600, 85.95600, 85.40400, 85.71400
85.70000, 85.94400, 85.56800, 85.63300
85.52200, 85.73700, 85.42700, 85.67300
85.66600, 85.85500, 85.14800, 85.30800
85.30800, 85.34600, 84.72900, 85.18800
85.18800, 85.43400, 84.96200, 85.12800
85.12300, 85.20000, 84.09900, 84.40700
83.91400, 84.61100, 83.63000, 84.29900
84.29600, 85.11700, 84.19400, 85.11700
85.07400, 85.31800, 83.83800, 84.27800
84.27800, 84.55500, 84.00300, 84.26500
84.26400, 84.75400, 83.85000, 84.58400
84.60300, 84.73000, 84.30400, 84.40400
84.30700, 84.83400, 84.20700, 84.55800
84.54200, 85.09600, 84.37600, 85.04300
85.01300, 85.32900, 84.77500, 85.07800
85.06800, 85.45800, 84.98200, 85.40400
85.48600, 85.74200, 85.02600, 85.67100
85.63800, 86.18500, 85.58700, 86.00800
86.00600, 86.56300, 85.90200, 86.50600
86.50400, 86.58500, 85.41900, 85.53500
85.46100, 85.58400, 84.69500, 85.15300
84.90900, 85.13400, 84.75100, 84.82200
84.78400, 85.00200, 84.21700, 84.52800
84.52800, 84.89700, 84.36600, 84.61900
84.61700, 84.64800, 83.76400, 84.22900
84.23000, 84.63800, 83.87600, 84.34100
84.26100, 84.54200, 84.08400, 84.42900
84.42900, 85.55300, 84.38600, 85.40300
85.40300, 85.81400, 85.08900, 85.57100
85.57000, 86.16500, 85.49900, 86.13100
86.11400, 86.23100, 85.77500, 85.97000
85.84600, 86.12500, 85.74400, 85.77300
85.74000, 86.62600, 85.47500, 86.55800
86.58000, 87.02400, 86.30300, 86.91400
86.91500, 87.25100, 86.72500, 87.18300
87.18000, 87.45400, 87.06700, 87.12100
86.95000, 87.22600, 86.90500, 87.07500
87.06400, 87.26200, 86.94800, 87.22600
87.22200, 87.25300, 86.51300, 86.57900
86.56000, 87.13900, 86.20900, 86.94600
86.94300, 88.07100, 86.89500, 88.03600
88.46600, 89.17200, 88.24300, 88.92900
88.82500, 89.01600, 88.46500, 88.64800
88.60200, 89.21700, 88.48000, 88.95800
88.96500, 88.97900, 87.94400, 88.16000
88.15700, 88.31900, 87.69100, 87.86900
87.83400, 87.97000, 87.00600, 87.36600
87.36600, 87.45600, 87.01400, 87.23700
87.23300, 87.45700, 85.92100, 85.93100
85.92500, 86.37900, 85.68600, 86.05700
86.05500, 86.44500, 85.76500, 86.17500
86.10600, 86.38800, 85.57200, 86.01300
86.01200, 86.88600, 86.01000, 86.78200
86.79000, 86.88400, 86.16400, 86.50100
86.50100, 86.54500, 85.57500, 85.73400
85.73100, 86.37100, 85.56500, 85.87100
85.93400, 86.29200, 85.65400, 86.11100
86.09800, 86.15400, 85.36500, 85.95100
85.94900, 86.81300, 85.83300, 85.98000
85.98000, 86.31000, 85.71700, 86.00600
86.00300, 86.00400, 84.84700, 85.38100
85.40700, 85.90000, 85.28700, 85.56400
85.55800, 86.31900, 85.51700, 86.24300
86.23800, 86.39400, 85.67900, 85.82700
85.81200, 86.31400, 85.64300, 86.08000
86.08600, 86.60500, 85.96900, 86.30300
86.41800, 86.59400, 86.27300, 86.33600
86.32600, 86.53400, 86.16400, 86.44000
86.40100, 86.76600, 86.08600, 86.58900
86.55100, 86.98600, 86.44500, 86.69400
86.70200, 86.76100, 85.94900, 86.12600
86.13800, 86.54300, 85.87000, 85.92700
85.91600, 86.29600, 85.76800, 85.99900
85.91800, 86.26000, 85.53200, 85.81000
85.78200, 86.35100, 85.44500, 86.22200
86.22000, 86.24700, 85.49600, 85.76900
85.72000, 85.79100, 85.20900, 85.46100
85.45100, 85.55600, 84.60900, 84.70700
84.72800, 85.49300, 84.64500, 85.44500
85.44300, 85.70200, 85.24200, 85.60600
85.59700, 85.68500, 85.05700, 85.25400
85.29300, 85.92500, 85.29300, 85.71300
85.66100, 85.86200, 85.37500, 85.55800
85.54800, 85.73400, 85.26000, 85.62200
85.58100, 85.62900, 85.16200, 85.40800
85.40400, 85.53500, 85.18200, 85.34500
85.82900, 86.24300, 85.61200, 86.11900
86.11100, 86.11100, 84.91900, 85.01600
85.01900, 85.19200, 84.46800, 84.73500
84.74000, 84.74700, 83.56400, 84.18700
84.18100, 85.08800, 84.09600, 84.51900
84.41100, 84.71300, 84.19700, 84.55000
84.57100, 84.72700, 84.24200, 84.67300
84.65600, 84.99400, 84.59200, 84.83500
84.84300, 85.23500, 84.73000, 85.05600
85.02900, 85.12200, 84.61700, 84.68000
84.65200, 84.85000, 83.96700, 84.15400
84.15000, 84.15400, 83.35200, 83.55900
83.52700, 83.71900, 83.08400, 83.47800
83.39300, 83.51300, 81.93000, 82.42200
82.37000, 82.53600, 81.70300, 81.70500
81.57300, 81.91800, 81.09200, 81.22300
81.19200, 82.06400, 81.06900, 82.04200
82.01400, 82.03200, 80.96800, 81.51800
81.47400, 81.53000, 80.66000, 80.86000
80.79700, 81.12500, 80.29200, 80.47400
80.51400, 80.63300, 79.65700, 80.17100
80.17200, 80.34000, 76.65900, 79.81900
79.80800, 81.12100, 79.70900, 81.10800
81.05600, 81.83300, 80.86200, 81.73500
81.72400, 82.12200, 81.42200, 81.92900
81.87700, 82.40100, 81.56500, 81.84900
81.86800, 82.01300, 81.44400, 81.91000
81.89700, 82.16700, 81.62800, 81.80800
81.75900, 81.84200, 81.28800, 81.43600
81.39500, 82.06700, 81.39500, 81.93800
81.88400, 82.42200, 81.60500, 82.27600
82.27700, 82.57000, 81.60800, 82.25900
82.26100, 82.89200, 82.10900, 82.72300
82.62800, 82.73600, 82.35600, 82.46500
82.45700, 82.49300, 81.73200, 81.88400
81.88100, 82.43300, 81.85000, 82.11800
82.10800, 82.25500, 81.94400, 82.07800
82.10500, 82.91700, 81.98400, 82.87500
82.84000, 82.91900, 82.21600, 82.44100
82.43600, 82.64900, 82.19700, 82.40800
82.42700, 83.18600, 82.22800, 82.89300
82.92000, 82.98400, 82.47600, 82.95000
82.93400, 83.81700, 82.72500, 83.59200
83.57400, 83.97900, 83.53600, 83.81800
83.77900, 83.97300, 83.53400, 83.76700
83.77100, 83.78500, 83.06100, 83.24800
83.19800, 83.26700, 82.39100, 82.51600
82.50800, 83.01100, 82.26400, 82.64000
82.63300, 83.19400, 82.61400, 82.97900
82.93400, 83.49000, 82.89300, 83.47200
83.44600, 83.85900, 83.37200, 83.73400
83.74400, 83.97200, 82.91600, 83.12400
83.08100, 83.39500, 82.82000, 83.38500
83.29500, 83.62100, 83.26900, 83.51900
83.49700, 83.79800, 83.24500, 83.70300
83.72000, 84.25600, 83.63900, 84.12400
84.11900, 84.20900, 83.65000, 83.65700
83.63300, 84.26200, 83.59500, 84.24000
84.22900, 84.46300, 84.06900, 84.20900
84.21400, 84.23300, 83.63200, 83.96200
83.96400, 84.50000, 83.75600, 84.36200
84.31700, 84.79400, 83.94900, 84.55400
84.54600, 85.23500, 84.07600, 84.13700
84.23200, 84.34100, 83.70700, 83.96800
83.98200, 84.05500, 83.76200, 83.79800
83.78700, 83.79600, 82.99700, 83.16100
83.13900, 83.30600, 82.85200, 82.92900
82.86300, 83.04300, 82.41700, 82.82700
82.80700, 83.04600, 82.55800, 83.00700
83.02000, 83.38700, 82.85100, 83.36700
83.36700, 83.66000, 83.12700, 83.63400
83.65000, 83.94300, 83.54700, 83.73700
83.73500, 84.03600, 83.40100, 83.53400
83.57300, 83.85100, 83.34900, 83.55000
83.54200, 84.09000, 83.37100, 83.60300
83.60400, 83.76900, 83.11600, 83.20200
83.17700, 83.40800, 82.72400, 82.93500
82.93400, 82.96800, 81.82600, 81.84300
81.92400, 82.23700, 81.63100, 82.00500
82.02200, 82.71600, 82.01700, 82.63500
82.63000, 82.69600, 82.12200, 82.37100
82.35300, 82.66000, 81.98500, 82.36400
82.36300, 83.05400, 82.29400, 82.99500
83.13600, 83.75400, 82.93400, 83.67100
83.66100, 83.73600, 83.20800, 83.46500
83.45100, 83.86900, 83.34200, 83.54000
83.52500, 83.61300, 83.35300, 83.56900
83.57900, 83.68800, 83.29100, 83.45600
83.36900, 83.80000, 83.22500, 83.73500
83.70200, 83.84700, 83.32800, 83.38400
83.36100, 83.50300, 83.16600, 83.34000
83.33400, 83.52400, 83.10100, 83.43700
83.38400, 84.08800, 83.36600, 84.03500
84.01400, 84.24700, 83.63400, 83.81600
83.80100, 83.91600, 83.48000, 83.90400
83.86500, 84.35600, 83.72200, 83.99700
83.96000, 84.00600, 83.51800, 83.66300
83.65700, 83.74200, 83.53200, 83.54500
83.53000, 83.92500, 83.51300, 83.86300
83.85400, 83.89700, 83.18100, 83.34200
83.31400, 83.34200, 82.67500, 83.13800
83.11400, 83.17000, 82.56300, 82.79200
82.76800, 83.05500, 82.68700, 82.93600
82.84600, 83.20300, 82.83000, 82.97200
82.96500, 83.25100, 82.61500, 83.23700
83.22800, 83.36000, 82.78100, 82.91900
82.82800, 83.07200, 82.66600, 82.76400
82.74300, 82.97600, 82.68400, 82.77400
82.12400, 82.58400, 81.78400, 82.44300
82.30300, 82.56100, 81.68300, 81.82100
81.82300, 81.95000, 81.56800, 81.68200
81.64100, 81.71400, 81.12100, 81.46000
81.43400, 82.04900, 81.33800, 81.93200
81.69600, 81.83000, 80.93100, 81.07000
81.07200, 81.54700, 80.96900, 81.39900
81.39400, 81.61700, 80.93000, 81.54700
81.53400, 81.94500, 81.31600, 81.58600
81.59100, 81.96700, 81.08900, 81.71900
81.86400, 82.12400, 81.72300, 81.94600
81.94100, 82.54600, 81.88600, 82.41900
82.41200, 82.61800, 82.07600, 82.11600
82.11000, 82.13700, 81.16200, 81.35100
81.34000, 81.59400, 81.15100, 81.29400
81.28000, 81.58300, 81.28000, 81.46800
81.40400, 81.56500, 81.00100, 81.05000
81.02600, 81.17800, 80.66600, 81.05900
81.04600, 81.51000, 80.97400, 81.20800
81.18600, 81.21800, 80.07800, 80.09700
80.07600, 80.52000, 79.97200, 80.39700
80.39900, 80.74600, 80.22400, 80.73200
80.71700, 81.07200, 80.55700, 80.82200
80.84300, 81.22700, 80.52400, 81.11400
81.10600, 81.57500, 81.05400, 81.54500
81.88200, 81.96200, 81.62100, 81.72700
81.70800, 82.08800, 81.52300, 81.69200
81.66400, 81.75000, 81.30100, 81.31300
81.31500, 81.57100, 81.12800, 81.33400
81.29200, 81.33400, 80.86300, 80.93000
80.87800, 81.11100, 80.87200, 80.90500
80.90000, 81.14800, 80.57200, 81.06900
81.06400, 81.40100, 80.91500, 81.38800
81.38700, 81.87000, 81.19200, 81.33900
81.30700, 81.58600, 81.16300, 81.16900
81.17200, 81.48700, 81.15700, 81.40400
81.34300, 81.49300, 80.98900, 81.37300
81.34400, 82.23100, 81.22800, 82.11400
82.09100, 82.36800, 82.01600, 82.29600
82.27900, 82.46300, 82.11900, 82.39900
82.70700, 82.90100, 82.50900, 82.56400
82.51400, 82.66900, 82.20300, 82.33700
82.26300, 82.57800, 82.02700, 82.57300
82.49800, 82.68600, 82.40900, 82.58500
82.55200, 83.02700, 82.52900, 82.94900
82.86700, 83.20900, 82.79400, 83.02400
83.00500, 83.12400, 82.78100, 82.89500
82.90000, 83.15200, 82.64800, 82.91000
82.87300, 83.07500, 82.63900, 83.03200
82.98800, 83.23500, 82.69200, 82.79900
82.80500, 82.96900, 82.65100, 82.69000
82.67500, 83.13200, 82.63200, 82.70700
82.67100, 82.95900, 82.64300, 82.67800
82.65100, 82.73100, 82.24500, 82.36500
82.31400, 82.63600, 82.19800, 82.48100
82.46100, 82.71200, 82.20900, 82.22300
82.18100, 82.43800, 82.13600, 82.37900
82.37200, 82.41800, 82.17400, 82.31800
82.31300, 82.68100, 82.24600, 82.53100
82.51400, 82.61400, 82.35400, 82.52900
82.43700, 82.78700, 82.37100, 82.65000
82.61600, 82.74400, 82.28400, 82.57500
82.53900, 82.81800, 82.36400, 82.46700
82.44100, 82.72400, 81.08200, 81.26400
81.22200, 81.40200, 80.44600, 80.73400
80.59800, 80.77900, 79.96200, 80.17300
80.15600, 81.18600, 79.85000, 80.20900
80.15400, 80.20400, 79.09900, 79.88300
79.86900, 80.23600, 79.56800, 80.16400
80.16900, 80.26600, 79.55700, 79.93100
79.92400, 80.03200, 79.28000, 79.51700
79.49600, 81.03400, 79.14400, 80.71600
80.68300, 80.73300, 79.35200, 79.51600
79.49300, 80.33800, 79.30500, 79.69300
79.69700, 80.15900, 79.57900, 80.14500
79.98700, 80.49500, 79.95400, 80.02600
79.99800, 80.07200, 79.58300, 79.74900
79.73800, 80.34100, 79.70200, 80.19700
80.17900, 80.31200, 79.84100, 80.01800
79.97400, 80.15100, 79.01100, 79.33800
78.90100, 80.15100, 78.49900, 80.05700
80.02200, 80.10900, 79.50200, 79.61700
79.54600, 79.83300, 79.33400, 79.68400
79.73000, 80.23900, 79.48100, 80.13800
80.15700, 80.24800, 79.71200, 79.81000
79.56500, 79.82100, 79.48000, 79.70300
79.66600, 79.77900, 79.19900, 79.41900
79.40600, 80.49300, 79.33000, 80.46500
80.43700, 81.13400, 80.35400, 80.84600
80.78800, 81.22500, 80.59200, 81.18800
81.04300, 81.54000, 81.00700, 81.42800
81.40400, 81.81800, 81.31000, 81.76700
81.75700, 82.07000, 81.53100, 81.73200
81.68700, 82.08700, 81.37500, 81.84000
81.82800, 81.92000, 81.31400, 81.33900
81.31200, 81.68000, 81.21200, 81.67400
81.64200, 81.76600, 81.39900, 81.62600
81.59100, 81.71200, 81.37100, 81.59300
81.59300, 81.61900, 81.10200, 81.45400
81.45000, 81.50800, 80.98300, 81.04900
81.20300, 81.23500, 80.67300, 81.08600
81.09400, 81.34400, 80.78800, 80.87000
80.80800, 81.34300, 80.73200, 81.20700
81.18300, 81.38900, 81.08100, 81.28700
81.26200, 81.82500, 81.10600, 81.51900
81.50800, 81.71000, 81.39400, 81.61400
81.58600, 81.82900, 81.22800, 81.47500
81.43800, 81.66200, 80.41200, 80.43000
80.42900, 80.54800, 79.81700, 80.15900
80.16000, 80.54000, 80.04100, 80.25300
80.03000, 80.74000, 80.02700, 80.58100
80.56400, 80.83800, 80.15600, 80.35500
80.34900, 80.77000, 80.26800, 80.59300
80.59600, 81.33400, 80.20700, 81.21800
81.21700, 82.43200, 81.11400, 82.14100
82.05100, 82.24700, 81.74800, 81.90100
81.89200, 82.49700, 81.74300, 82.48500
82.46100, 82.49600, 82.00900, 82.39100
82.34500, 82.77600, 82.28800, 82.70200
82.68400, 82.77400, 82.45000, 82.57000
82.56800, 83.03600, 82.43600, 82.96500
82.95000, 83.16600, 82.71500, 82.87300
82.81300, 83.17200, 82.60900, 83.15400
83.11700, 83.21200, 82.90600, 83.10300
83.05900, 83.25100, 82.99900, 83.19700
83.20100, 83.50200, 83.12700, 83.45100
83.46800, 83.55400, 83.07100, 83.19000
83.18300, 83.28000, 82.53400, 82.70300
82.70200, 82.72100, 81.95900, 82.04200
82.04800, 82.40800, 81.91600, 82.23300
82.36400, 82.63700, 82.30700, 82.55400
82.55900, 83.01800, 82.48900, 82.98300
82.97500, 83.03600, 82.49100, 82.65700
82.63400, 83.10800, 82.33000, 82.94500
82.95700, 83.05000, 82.42300, 82.57500
82.57300, 82.60500, 82.31000, 82.40300
82.40600, 82.58600, 82.28600, 82.36000
82.36400, 82.38500, 81.96600, 82.09400
82.07400, 82.13600, 81.62200, 81.81700
81.76900, 82.29500, 81.76900, 82.23100
82.25000, 82.52900, 82.07800, 82.30000
82.27000, 82.43100, 81.74700, 81.80400
81.79900, 81.84600, 81.36300, 81.63700
81.59500, 81.85200, 81.28600, 81.75200
81.75000, 81.93100, 81.62400, 81.66300
81.63400, 81.95100, 81.62300, 81.89600
81.85500, 82.20000, 81.76300, 82.17900
82.13100, 82.52400, 82.12800, 82.47300
82.45700, 82.48800, 82.27200, 82.44600
82.43800, 82.51600, 82.31000, 82.43400
82.47000, 82.61900, 81.87500, 81.88000
81.87000, 82.12400, 81.51600, 81.70800
81.69300, 82.56600, 81.54100, 82.46400
82.45900, 82.76000, 82.42500, 82.54200
82.49400, 82.55400, 81.84300, 81.92700
81.92600, 82.14500, 81.74500, 81.99100
82.03500, 82.22100, 81.92200, 82.18600
82.18500, 82.48100, 82.07600, 82.41000
82.30800, 83.02900, 82.30800, 82.92300
82.93900, 83.38100, 82.71100, 83.02300
82.88100, 83.45800, 82.88100, 83.25100
83.16700, 83.33400, 83.08800, 83.20400
83.19100, 83.63800, 83.06000, 83.54800
83.53200, 83.62300, 83.18800, 83.31100
83.25500, 83.35800, 82.92800, 83.23100
83.17800, 83.33900, 82.98300, 83.16800
83.11800, 83.23000, 83.05700, 83.08600
83.29700, 83.67600, 83.27800, 83.58300
83.51600, 83.83400, 83.45800, 83.66300
83.67500, 83.76300, 83.22000, 83.32000
83.30500, 83.91400, 83.22000, 83.70300
83.76700, 83.90700, 83.32300, 83.58600
83.58600, 83.66100, 82.98400, 83.10300
83.04100, 83.68200, 82.96400, 83.58100
83.51700, 83.73300, 83.17800, 83.39700
83.34800, 83.84800, 82.80200, 83.69200
83.65300, 83.89700, 83.56000, 83.87700
83.88300, 84.14300, 83.77300, 83.86300
83.87500, 84.31800, 83.81700, 84.20000
84.20200, 84.43300, 84.05000, 84.20700
84.19100, 84.33200, 83.97600, 84.25400
84.23400, 84.48600, 84.19400, 84.46500
84.45100, 84.56900, 84.23900, 84.27900
84.23000, 84.46000, 84.23000, 84.43500
84.40500, 84.45800, 83.94000, 84.05200
84.04100, 84.35000, 83.53500, 83.62500
83.58300, 83.63300, 83.07200, 83.39800
83.37900, 83.55200, 83.00300, 83.07900
82.76100, 82.92700, 82.46800, 82.53200
82.51400, 82.97200, 82.36300, 82.95900
82.95800, 83.02900, 82.56200, 82.59700
82.53900, 82.63900, 82.12100, 82.46500
82.45700, 82.69700, 81.74800, 81.85500
81.83500, 82.17600, 81.57600, 81.78100
81.77400, 82.50700, 81.60200, 82.47800
82.43300, 82.69700, 82.18400, 82.68500
82.63300, 82.82500, 82.56000, 82.79800
82.78700, 82.80600, 82.24500, 82.48800
82.38100, 82.66200, 82.27200, 82.43000
82.39000, 82.78700, 82.38700, 82.62300
82.58600, 83.11900, 82.57900, 83.09200
83.03400, 83.08400, 82.63300, 82.77600
82.75600, 82.96400, 82.70200, 82.81600
82.81000, 83.11100, 82.79400, 83.00700
82.99500, 83.02300, 82.65400, 82.85600
82.85100, 84.36500, 82.83100, 84.21800
84.17700, 84.74500, 84.05000, 84.54900
84.50800, 84.66500, 84.02200, 84.32800
84.02700, 84.28700, 83.09700, 83.29500
83.23800, 83.56500, 82.77000, 82.97700
82.93100, 83.40000, 82.68900, 82.79800
82.77800, 82.83400, 81.78400, 81.80800
81.78300, 81.97700, 80.14200, 80.65600
80.05700, 81.39300, 79.88900, 81.30400
81.21800, 81.46500, 79.95500, 79.99400
80.02400, 80.64900, 79.82600, 80.32000
80.26500, 80.48300, 78.97000, 79.15800
79.13600, 79.41200, 78.23400, 78.45600
76.83300, 76.98100, 73.85200, 74.66400
74.66400, 77.23800, 74.49700, 76.65900
76.69500, 76.94400, 75.65900, 75.75900
75.75200, 77.27400, 74.65500, 75.27600
75.21700, 78.38300, 74.95700, 78.10600
77.80000, 77.87000, 75.29000, 75.57600
75.57100, 76.75100, 75.31700, 75.74100
75.73800, 75.79900, 73.80800, 74.43900
74.41500, 76.51000, 74.19300, 76.43400
76.42400, 77.79200, 76.23900, 77.21000
77.15500, 77.16900, 75.97300, 76.65900
76.64600, 77.11500, 76.23000, 76.95300
76.93200, 78.47800, 76.72200, 78.31200
78.30400, 78.38000, 77.31400, 77.86200
77.88600, 77.92700, 76.60200, 77.15100
76.79300, 76.99800, 75.99900, 76.12100
76.00600, 76.77700, 75.42800, 76.50300
76.41700, 76.53100, 75.15500, 75.50300
75.46000, 76.56400, 74.96800, 76.25600
76.25300, 76.96400, 76.07300, 76.32100
76.09600, 77.58700, 76.02300, 77.40200
77.39100, 78.18200, 77.08200, 77.73000
77.67500, 77.83600, 77.24000, 77.68200
77.61000, 77.96300, 77.23600, 77.62700
77.56700, 77.73100, 77.40800, 77.65700
77.71400, 77.83600, 76.99300, 77.49600
77.50800, 77.71000, 76.92300, 77.23200
77.09800, 77.22400, 76.05800, 76.12900
76.09400, 76.56300, 75.93400, 76.56000
76.56300, 77.07700, 76.31500, 76.77600
76.65900, 76.80700, 76.04500, 76.05400
76.02400, 76.32600, 75.31600, 75.82200
75.82000, 76.40800, 75.58400, 76.08400
76.05600, 76.89600, 75.87500, 76.44700
76.37300, 76.71100, 76.09500, 76.17400
76.21200, 76.46400, 76.04500, 76.39600
76.36700, 76.55500, 76.16300, 76.31800
76.34100, 76.82300, 76.25900, 76.82300
76.71000, 77.25600, 76.57100, 76.82500
76.73900, 76.96400, 75.67300, 75.85900
75.77600, 76.04300, 75.40000, 75.71900
75.69300, 76.13100, 75.66400, 75.83100
75.76500, 75.91600, 74.91900, 74.99800
74.95600, 76.21100, 74.78400, 76.03400
76.02200, 76.64400, 75.92800, 76.57300
76.37800, 77.06200, 76.36400, 76.78700
76.71400, 76.86700, 76.09000, 76.09900
76.06200, 76.36900, 75.80500, 75.89400
75.83900, 76.48800, 75.57800, 76.32100
76.31600, 76.52800, 75.79900, 75.88700
75.83600, 76.97200, 75.83400, 76.95800
76.94800, 77.81900, 76.83800, 77.23000
77.20200, 77.57400, 77.16000, 77.30700
77.27900, 77.52200, 77.07000, 77.09500
77.08200, 77.26800, 76.52600, 76.80400
76.84700, 77.09900, 76.81900, 76.94700
76.93100, 78.17300, 76.93100, 78.06400
78.04600, 78.52600, 77.79000, 78.33000
78.29900, 78.50800, 78.03900, 78.16900
78.12000, 78.40400, 77.77600, 78.23200
78.13000, 79.34500, 78.03700, 79.25400
79.22800, 80.53100, 79.15400, 80.36600
80.39600, 80.79300, 79.95800, 80.68500
80.66700, 80.95300, 80.23200, 80.85000
80.83900, 81.91300, 80.70800, 81.64100
81.68900, 81.87100, 80.82800, 81.02100
80.94900, 81.12900, 79.95100, 80.31700
80.21200, 80.42000, 79.78100, 79.85700
79.82200, 79.94000, 78.38200, 78.38500
78.37200, 79.48100, 78.02500, 79.02400
78.79300, 79.22500, 78.31400, 79.05600
79.02200, 79.64600, 78.78000, 79.24700
79.19700, 79.48700, 78.76800, 78.87300
78.77400, 79.13300, 78.42600, 78.64600
78.61200, 78.90000, 78.43800, 78.44500
78.25700, 79.07400, 78.25700, 79.03500
78.99400, 79.33100, 78.49200, 78.61100
78.52500, 78.85100, 78.37600, 78.48400
78.48600, 78.76300, 78.33500, 78.56500
78.56200, 78.63500, 78.10900, 78.30200
78.25800, 78.85700, 78.21700, 78.70600
78.65700, 79.55400, 78.61000, 79.48200
79.44800, 79.69200, 78.99000, 79.07900
79.04900, 79.32200, 78.92400, 79.23300
79.16300, 79.35400, 79.15100, 79.28500
79.14500, 79.63700, 79.14400, 79.29700
79.21300, 79.41500, 79.00500, 79.02500
79.04000, 79.46500, 78.93800, 79.36400
79.29400, 79.53200, 78.83700, 78.89500
78.87100, 78.96000, 78.38100, 78.54300
78.64600, 79.21500, 78.58400, 78.82300
78.74900, 78.88500, 78.59700, 78.74900
78.67300, 79.18800, 78.54200, 79.14300
79.09400, 79.28000, 78.99100, 79.01300
78.97700, 79.11000, 78.69200, 78.79900
78.85200, 79.32200, 78.75500, 79.25200
79.10400, 79.72800, 79.10400, 79.33400
79.28700, 79.97300, 79.27400, 79.84500
79.81300, 80.13600, 79.62300, 79.67600
79.69900, 79.73000, 78.65300, 79.07900
78.90000, 79.12100, 78.44800, 78.89200
78.89400, 79.03800, 78.32200, 78.52000
78.50700, 78.72100, 78.45700, 78.66300
78.63800, 78.81100, 77.81900, 78.00800
77.90500, 79.09400, 77.60700, 78.90400
78.82500, 79.31500, 78.68100, 79.10300
79.08400, 79.37200, 79.01300, 79.35600
79.28900, 79.85800, 79.20500, 79.60000
79.55900, 79.62700, 79.22400, 79.27800
79.30300, 79.33900, 78.95200, 79.11400
79.04100, 79.38100, 78.95400, 79.35100
79.27000, 80.30200, 79.26800, 80.05500
80.00000, 80.82000, 79.91000, 80.65600
80.62600, 80.98100, 80.50000, 80.82900
80.82500, 80.94800, 80.26000, 80.31700
80.38800, 80.48100, 80.19600, 80.20600
80.13000, 80.28000, 79.88300, 80.02600
79.96600, 80.36000, 79.88000, 80.23300
80.27100, 80.37900, 79.98900, 80.20100
80.13400, 80.32000, 79.89000, 80.25700
80.17400, 80.48200, 80.02000, 80.16900
80.18100, 80.78400, 80.03400, 80.75300
80.65300, 80.94200, 80.53500, 80.60200
80.61900, 81.27800, 80.50500, 81.16100
81.18800, 81.57500, 80.29300, 80.40900
80.42300, 81.41600, 80.31600, 81.13700
81.16300, 81.45500, 80.97700, 81.06500
81.05100, 81.43700, 81.01500, 81.36300
81.29800, 81.43700, 80.57500, 80.87400
80.80000, 81.40600, 80.70900, 81.29700
81.39800, 81.39800, 80.97100, 81.07300
81.05500, 81.19200, 80.07000, 80.07400
80.03300, 80.79600, 79.80400, 80.75000
80.70100, 80.88200, 80.36400, 80.42400
80.41900, 80.76700, 80.34600, 80.54600
80.35900, 80.64000, 80.11200, 80.23300
80.16000, 80.43400, 79.88700, 79.94800
79.87900, 79.98600, 79.50400, 79.61300
79.54800, 79.71300, 79.05800, 79.53800
79.48600, 79.76000, 79.03800, 79.16300
79.08500, 79.26700, 78.51200, 78.63600
78.62100, 78.93900, 78.36200, 78.87600
78.85800, 79.08400, 78.65400, 78.70100
78.71300, 79.07200, 78.47000, 78.87600
78.84100, 79.04000, 78.69000, 78.84700
78.74000, 78.96100, 78.59300, 78.88300
78.85000, 79.09200, 78.75400, 78.91200
78.83800, 79.29900, 78.56000, 79.11400
79.14800, 79.56000, 79.10000, 79.41000
79.38200, 79.47600, 78.74100, 79.12800
79.05300, 79.75400, 79.02700, 79.74100
79.65500, 79.79200, 79.26100, 79.31200
79.29300, 79.94500, 79.17900, 79.90900
79.82300, 80.35200, 79.75300, 80.33000
80.29600, 80.59800, 80.22400, 80.47900
80.47900, 80.56900, 80.25400, 80.31300
80.28600, 80.51700, 80.11600, 80.26800
80.22900, 80.34000, 79.84900, 79.94500
79.87500, 80.08600, 79.43800, 79.69400
79.68000, 79.98800, 79.46000, 79.87300
79.80600, 80.18900, 79.78300, 79.92600
79.86400, 80.51300, 79.84100, 80.34900
80.27100, 80.46600, 79.49400, 79.53500
79.51300, 79.88500, 79.39300, 79.81700
79.75600, 79.90800, 79.57700, 79.75100
79.60800, 79.75900, 79.29000, 79.35200
79.35100, 79.52900, 79.14400, 79.21500
79.19500, 79.26200, 78.21500, 78.27600
78.29300, 78.62700, 77.90600, 78.50400
78.49000, 78.70000, 78.05900, 78.52600
78.44200, 79.24700, 78.20400, 79.24700
79.13800, 79.81700, 78.98300, 79.52000
79.43000, 79.86400, 78.86600, 79.55000
79.50300, 79.69400, 79.17700, 79.33100
79.22200, 79.38400, 78.94600, 79.12100
79.11200, 81.41700, 79.05400, 80.99700
80.88500, 81.09700, 80.55400, 80.72400
80.79300, 80.94500, 80.56900, 80.69400
80.64900, 80.72600, 79.92400, 79.96200
79.94400, 80.08900, 79.40400, 79.63200
79.62500, 80.33700, 79.49400, 79.97100
79.93200, 79.98900, 79.37600, 79.48700
79.46400, 79.65800, 79.23200, 79.30200
79.29100, 79.48500, 79.22200, 79.34200
79.29000, 79.57400, 79.24700, 79.29600
79.25000, 79.94800, 79.20400, 79.87000
79.78300, 80.40800, 79.78300, 80.33900
80.32900, 80.47200, 80.10800, 80.29700
80.27900, 80.34000, 80.02600, 80.03600
80.06100, 80.24300, 79.83300, 80.03400
79.95000, 80.64000, 79.92100, 80.16900
80.16200, 80.75300, 80.12200, 80.62500
80.57900, 81.00400, 80.55900, 80.80200
80.73100, 80.90200, 80.41600, 80.71300
80.68300, 81.55600, 80.61500, 81.47300
81.42700, 81.54800, 81.15800, 81.26700
81.18300, 81.47000, 81.16500, 81.24000
81.19300, 81.62200, 81.18300, 81.28900
81.23000, 82.11100, 81.16500, 81.76200
81.78000, 81.82400, 81.28300, 81.44100
81.40500, 81.61800, 81.29300, 81.47300
81.49000, 81.71800, 81.37000, 81.59500
81.53600, 81.64700, 80.94500, 81.16700
81.13500, 81.30500, 80.92200, 80.99300
80.95400, 81.29400, 80.65300, 80.79300
80.81200, 80.85600, 80.13900, 80.30500
80.32000, 80.45800, 80.13500, 80.24700
80.22000, 80.70500, 80.18300, 80.59400
80.53000, 80.86800, 80.51700, 80.80100
80.47200, 80.85300, 80.44400, 80.76100
80.68700, 81.04500, 80.62400, 80.73700
80.71700, 81.03200, 80.52300, 80.93200
80.80900, 81.09900, 80.74100, 80.91100
80.97800, 81.18900, 80.59500, 80.69300
80.63200, 81.10700, 80.55100, 81.05500
80.98500, 81.52900, 80.95200, 81.26500
81.21400, 81.93200, 81.17700, 81.80700
81.73100, 81.98100, 81.60100, 81.88900
81.69300, 81.82800, 81.22800, 81.52000
81.49300, 81.80800, 81.42500, 81.59300
81.61600, 81.91200, 81.44600, 81.78500
81.72000, 82.18200, 81.67800, 82.06500
82.01000, 82.11300, 81.30900, 81.53000
81.49300, 81.58700, 81.07600, 81.18500
81.20400, 81.78400, 81.19900, 81.59300
81.55300, 82.11700, 81.45300, 81.94400
81.87000, 82.20000, 81.83700, 81.86000
81.83000, 81.90900, 81.35600, 81.45700
81.50600, 81.76700, 81.23000, 81.40000
81.41000, 81.68200, 81.15700, 81.59300
81.58300, 81.66800, 81.21600, 81.29700
81.29500, 81.54800, 80.97900, 81.24800
81.15500, 82.18400, 81.13900, 81.92900
81.83900, 82.04100, 81.57100, 81.59800
81.55600, 82.14200, 81.54000, 82.09700
82.02500, 82.28000, 81.98600, 82.13200
82.04300, 82.35300, 82.04300, 82.30500
82.20300, 82.62300, 82.19900, 82.56100
82.47400, 82.70300, 82.39300, 82.58400
82.51300, 82.60900, 81.95500, 82.35900
82.30600, 82.55500, 82.20700, 82.33300
82.29200, 82.66500, 82.27700, 82.42800
82.39200, 82.76300, 82.32400, 82.65900
82.67700, 83.39100, 82.61200, 83.30700
83.30900, 83.73900, 83.22000, 83.53900
83.47300, 83.61300, 83.02300, 83.33700
83.30500, 83.41300, 83.10300, 83.32700
83.31600, 83.85300, 83.09300, 83.52100
83.46900, 83.93400, 83.14500, 83.26500
83.22700, 83.69400, 83.18800, 83.57700
83.54100, 84.64400, 83.50600, 84.56100
84.53100, 85.09100, 84.18500, 84.26500
84.18900, 84.41600, 83.53700, 83.54500
83.61600, 84.46200, 83.57900, 84.40500
84.31200, 84.70300, 84.10200, 84.40900
84.36900, 84.85700, 84.36600, 84.53800
84.48800, 85.53200, 84.43300, 85.21700
85.19400, 85.68000, 84.93100, 85.61700
85.57800, 86.10300, 85.44800, 85.97000
85.85500, 86.37500, 85.72100, 85.80000
85.78200, 86.04000, 85.75000, 85.87800
85.87400, 86.59700, 85.83800, 86.54100
86.49400, 87.48300, 86.49400, 87.37000
87.31900, 87.65800, 87.20700, 87.41600
87.44700, 87.63500, 87.21700, 87.56900
87.56300, 87.77400, 87.42400, 87.71700
87.70200, 88.07500, 86.88000, 87.15700
87.16800, 87.29500, 86.80300, 86.96200
86.67400, 87.19500, 86.67000, 86.87200
86.87900, 86.91600, 86.06900, 86.30200
86.31300, 86.80300, 86.08300, 86.39200
86.37700, 86.93300, 86.36700, 86.57300
86.57900, 87.39300, 86.55600, 87.14500
87.17100, 87.25900, 86.62400, 87.22100
87.11800, 87.63700, 87.08200, 87.35800
87.27400, 88.23400, 87.25000, 88.11800
88.08500, 88.22900, 87.82600, 88.11300
88.11700, 88.29900, 87.84900, 87.86700
87.91500, 88.18600, 87.81300, 87.95300
87.88500, 88.08600, 87.27200, 87.28500
87.26100, 87.37400, 86.84600, 87.08400
87.03800, 87.11600, 86.49200, 86.97700
86.88600, 87.57100, 86.75000, 87.49700
87.42700, 87.58500, 87.01200, 87.03300
87.03900, 87.25200, 86.56300, 86.98100
86.97800, 87.15300, 86.61800, 86.99800
86.95800, 87.18300, 86.59200, 86.65300
86.67100, 87.11000, 86.55000, 86.95300
86.91400, 86.96600, 86.17800, 86.28100
86.24700, 86.89900, 85.63900, 85.66500
85.67700, 86.78200, 85.41800, 86.45600
86.46400, 86.71700, 86.18600, 86.33500
86.30000, 86.57300, 85.99900, 86.43300
86.44600, 87.31600, 86.33300, 87.20900
87.13000, 87.71100, 87.06700, 87.66500
87.61300, 88.26900, 87.57800, 88.19600
88.11800, 88.85300, 88.03700, 88.66500
88.64800, 89.04000, 88.52400, 88.92900
88.88000, 89.17000, 88.64000, 88.82800
88.81100, 88.95100, 88.42500, 88.73500
88.80200, 89.15000, 88.68900, 89.00900
88.96400, 89.82800, 88.84300, 89.75300
89.73300, 89.83000, 89.06300, 89.52100
89.53100, 90.10600, 89.39000, 89.89300
89.86800, 90.05500, 89.35300, 89.74500
89.76700, 90.63500, 89.64900, 90.36900
90.34700, 90.57500, 89.72700, 89.99600
89.97400, 90.50100, 89.90500, 90.30500
90.16600, 90.52900, 89.99700, 90.49500
90.47200, 90.73500, 90.18000, 90.26700
90.15800, 90.57600, 89.57600, 90.01100
90.02400, 90.27800, 89.71500, 90.20500
90.12700, 90.45400, 89.84600, 90.27500
90.20400, 90.36500, 90.00700, 90.28200
90.18700, 90.49700, 90.08400, 90.12800
90.13900, 90.35600, 89.85400, 89.99800
89.98000, 91.05800, 89.90400, 91.00100
90.92400, 91.15900, 90.75100, 90.95600
90.96300, 91.00200, 90.51500, 90.72100
90.79200, 91.17700, 90.61900, 90.67700
90.67700, 91.06400, 90.55500, 91.02500
90.96100, 91.14000, 90.88100, 91.07800
91.04900, 91.10400, 90.45500, 90.64100
90.65100, 90.77500, 90.31700, 90.41100
90.40000, 90.65300, 90.32700, 90.34500
90.38700, 90.69900, 90.32200, 90.48800
90.49100, 90.78700, 90.31100, 90.36500
90.31300, 90.58900, 90.08500, 90.14800
90.09200, 90.67000, 90.07100, 90.59800
90.56700, 90.73700, 90.22300, 90.29500
90.28300, 90.42100, 89.96500, 90.15500
90.03100, 90.24500, 89.01600, 89.19000
89.11200, 89.35700, 88.33200, 88.33700
88.40700, 89.29200, 87.95600, 89.22400
89.12200, 89.94600, 89.01100, 89.91000
89.81700, 90.39800, 89.79800, 90.16300
90.11200, 90.31400, 89.82000, 89.96100
89.85000, 90.20900, 89.84200, 90.05700
90.07300, 90.15400, 89.53300, 89.61900
89.62900, 89.67100, 89.11000, 89.13000
89.04500, 89.72800, 88.89800, 89.61300
89.50000, 90.10200, 89.48900, 89.64600
89.61900, 90.18400, 89.55200, 90.03800
90.05800, 90.16500, 89.67900, 89.82400
89.81100, 90.09500, 88.47900, 88.78300
88.73400, 89.12100, 88.39700, 88.58700
88.60500, 88.65100, 87.09800, 87.55700
87.46000, 88.48900, 87.43500, 88.41600
88.41800, 88.62500, 87.98000, 88.58700
88.57900, 88.70600, 88.00700, 88.38100
88.37100, 88.55800, 87.83500, 87.84200
87.83800, 87.91100, 87.04900, 87.19900
87.18800, 87.71700, 87.11900, 87.21400
87.19600, 87.26400, 85.41500, 85.87000
85.83000, 86.66200, 85.55300, 86.62300
86.54700, 87.99300, 86.25800, 87.77900
87.71600, 87.93900, 87.42600, 87.68200
87.57500, 88.03300, 87.54400, 87.95700
87.89500, 88.01300, 87.50000, 87.95400
87.93100, 87.99000, 87.07300, 87.11300
87.08800, 87.81700, 87.03700, 87.75700
87.73000, 88.16500, 87.54400, 87.94500
87.90600, 88.28600, 87.76600, 87.96700
87.80600, 88.05900, 87.26000, 87.41500
87.39400, 87.49200, 86.56800, 86.96900
86.96000, 87.43100, 86.65600, 87.27600
87.27400, 87.93000, 87.22700, 87.80900
87.80300, 88.02800, 87.64800, 87.76400
87.74800, 87.85900, 87.58400, 87.69900
87.68200, 88.31000, 87.60300, 88.29400
88.29100, 88.45400, 88.20400, 88.28600
88.28000, 88.36700, 88.05300, 88.16800
88.13000, 88.21200, 87.50300, 87.55900
87.49400, 87.67500, 86.73500, 86.87500
86.86800, 86.96400, 86.38600, 86.78900
86.77500, 87.13600, 86.60500, 86.68700
86.69100, 86.83500, 85.55000, 85.55700
85.54800, 85.73000, 84.66300, 85.59800
85.47500, 86.75600, 85.44400, 86.68700
86.68000, 87.15900, 86.62500, 87.11500
87.07700, 87.37400, 86.88200, 87.35000
87.33100, 87.49000, 86.65100, 86.78300
86.75000, 87.17800, 86.53900, 87.07000
86.94800, 87.42300, 86.88500, 87.17900
87.16500, 87.42500, 86.79800, 87.18000
87.17900, 87.71800, 87.11300, 87.18400
87.16300, 87.63200, 86.98800, 87.58600
87.57600, 87.88000, 87.42600, 87.54200
87.53700, 87.72800, 87.48400, 87.58300
87.57200, 87.71200, 87.14800, 87.19600
87.19000, 87.34100, 86.44500, 86.87400
86.86400, 86.89100, 86.36900, 86.65400
86.64100, 87.30400, 86.56700, 86.59900
86.58500, 86.99800, 86.50900, 86.99000
86.96500, 87.23100, 86.32000, 86.40300
86.38400, 86.62100, 85.95200, 86.60600
86.59700, 86.81000, 86.31300, 86.50300
86.49400, 87.01300, 86.08700, 86.09500
86.06000, 86.21000, 84.88900, 85.31200
85.29700, 86.01600, 85.02000, 85.23600
85.19900, 86.25400, 85.06400, 85.92500
85.91500, 87.19600, 85.83800, 87.15900
87.14500, 87.62000, 86.82800, 87.48300
87.44500, 87.96800, 87.35100, 87.89000
87.88100, 88.30900, 87.61800, 87.91900
87.89900, 88.08300, 87.63200, 87.76300
87.75300, 88.30000, 87.63000, 87.73200
87.71900, 87.95600, 87.17300, 87.85300
87.68500, 88.51400, 87.59400, 88.09400
88.08700, 88.82400, 87.96000, 88.60800
88.59300, 88.74300, 87.99000, 88.49100
88.47900, 88.99100, 88.33300, 88.94000
88.92800, 90.05200, 88.86900, 89.95500
89.80500, 91.01500, 89.79300, 90.78700
90.76900, 91.40300, 90.52900, 91.13300
91.12000, 91.34300, 90.91700, 91.00000
90.98000, 91.99100, 90.90100, 91.88800
91.88300, 92.66000, 91.79900, 92.40200
92.24500, 92.55600, 92.06400, 92.34200
92.33600, 92.69300, 92.23600, 92.50900
92.47900, 92.85800, 92.33600, 92.81300
92.77600, 93.01200, 91.88300, 92.15700
92.14000, 92.48200, 91.64300, 91.74500
91.76800, 92.13700, 91.69100, 91.81800
91.80900, 92.51000, 91.73900, 92.12400
92.11300, 92.46400, 91.23500, 92.06600
92.06100, 92.09700, 91.69700, 91.97600
91.97200, 92.25400, 91.71200, 92.01300
92.11100, 92.48300, 92.02400, 92.03400
92.04200, 92.23100, 91.41900, 91.77900
91.79100, 92.04900, 91.54500, 91.99700
91.96500, 92.19300, 91.11800, 91.27800
91.27800, 91.55600, 90.98000, 91.01300
90.98300, 91.29400, 90.73400, 90.98900
90.98300, 91.02200, 90.41300, 90.74600
90.72600, 91.70000, 90.60700, 91.12800
91.12900, 91.35500, 90.45300, 90.64600
90.63600, 90.85000, 90.43300, 90.71300
90.74100, 91.22500, 90.65800, 91.22300
91.19900, 91.46800, 91.07200, 91.39400
91.37500, 91.59100, 90.33300, 90.49300
90.46500, 90.72500, 90.22000, 90.66000
90.65200, 90.84400, 89.70400, 90.14200
90.05300, 90.59200, 90.04500, 90.42300
90.42000, 90.94100, 89.94700, 90.86100
90.85600, 91.22900, 90.53400, 91.12600
91.11100, 91.25900, 90.94500, 91.16500
91.15800, 91.16800, 88.39200, 88.50300
88.92400, 89.43700, 88.58900, 89.11800
89.09800, 89.38900, 88.01500, 88.50200
88.49500, 89.26100, 87.86600, 87.96800
87.94700, 88.66300, 87.83400, 88.38200
88.34000, 89.11400, 87.69900, 87.75000
87.87500, 88.99000, 87.86500, 88.95000
88.88900, 89.91700, 88.81600, 89.82800
89.74300, 90.35600, 89.48400, 89.84900
89.77500, 89.91000, 89.13700, 89.23300
89.19900, 89.59200, 88.97800, 89.05200
88.95900, 89.34200, 88.50100, 88.64800
88.58700, 88.83900, 88.35100, 88.41400
88.30400, 88.87000, 88.06500, 88.86200
88.83700, 89.43300, 88.63400, 88.98800
88.95600, 89.07900, 88.10600, 88.14400
88.07700, 88.20700, 87.43100, 87.76500
87.74300, 88.35800, 87.68600, 88.34400
88.32800, 88.94700, 88.19000, 88.89200
88.87500, 89.39800, 88.77200, 89.31900
89.27400, 89.42700, 89.10800, 89.28200
89.21700, 89.88200, 89.17200, 89.84800
89.81800, 89.88000, 89.44500, 89.57800
89.54900, 89.89700, 89.43000, 89.86000
89.84800, 90.34700, 89.81500, 90.31600
90.30500, 91.24800, 90.22800, 90.92100
91.03500, 91.13100, 90.21400, 90.48900
90.46400, 91.65700, 90.34100, 91.40100
91.37300, 91.51900, 90.85000, 90.98200
90.97200, 91.13700, 90.29100, 91.01900
90.99800, 91.49300, 90.94300, 91.37300
91.37400, 91.68500, 90.62300, 90.88700
90.86900, 91.79300, 90.76400, 91.68500
91.67600, 92.17100, 91.45700, 91.66100
91.64900, 91.78100, 91.13600, 91.18500
91.18100, 91.32700, 90.53400, 91.00300
90.97500, 91.65100, 90.92900, 91.54200
91.53900, 91.99600, 91.21100, 91.56200
91.55200, 91.93400, 91.27400, 91.33200
91.33200, 91.69500, 91.18100, 91.27900
91.26300, 91.26800, 90.27300, 90.31400
90.32000, 90.73500, 89.56100, 90.18600
90.17100, 90.42000, 89.79300, 90.14300
90.13600, 91.00700, 90.07500, 90.53800
90.52400, 91.16300, 90.09500, 90.53300
90.52500, 90.80100, 90.04000, 90.24600
90.19500, 90.80500, 90.19500, 90.60200
90.58100, 90.86700, 90.18600, 90.42500
90.40200, 90.50500, 89.94100, 90.29500
90.28100, 90.76200, 90.11600, 90.68700
90.67200, 90.77900, 90.13100, 90.22800
90.36300, 90.89200, 90.23700, 90.84100
90.83100, 91.05600, 90.72200, 90.93900
90.91800, 91.19500, 90.73200, 91.17600
91.16300, 91.70000, 91.02700, 91.16700
91.15500, 91.47900, 90.25900, 90.62500
90.53000, 90.90600, 90.01200, 90.78400
90.76800, 91.03100, 90.38700, 90.89800
90.88000, 91.38800, 90.81200, 90.96700
90.95500, 91.02000, 90.33400, 90.42300
90.40800, 90.95200, 90.15500, 90.18200
90.12900, 90.38700, 89.93800, 89.96900
89.95500, 90.54100, 89.68200, 90.09600
90.08700, 90.75200, 90.04300, 90.30900
90.29400, 90.40100, 89.22300, 90.11500
90.11200, 90.98800, 89.92100, 90.95200
90.34600, 91.00000, 90.15700, 90.70600
90.70000, 90.95200, 90.00700, 90.16000
90.14600, 91.47400, 90.08100, 91.43000
91.43000, 91.96500, 90.92600, 91.04900
91.04700, 91.13400, 89.79400, 90.15600
90.23600, 90.70300, 89.93300, 89.95200
89.93500, 90.29400, 89.65100, 89.72400
89.70600, 90.46900, 89.66700, 90.45100
90.43300, 91.04800, 90.28000, 90.92900
90.90800, 92.30200, 90.84100, 91.98100
92.07100, 92.58500, 92.01700, 92.14600
92.15500, 92.68800, 91.58100, 92.59900
92.60000, 93.65300, 92.57500, 93.61600
93.61500, 94.06000, 93.46600, 93.91500
93.91400, 94.61100, 93.76500, 94.51100
94.31100, 94.91900, 94.31100, 94.83500
94.83900, 96.12800, 94.83900, 96.06300
96.05600, 96.54600, 95.70300, 96.38900
96.35800, 97.68600, 96.21800, 97.64300
97.64300, 97.97600, 96.71700, 97.84300
97.69800, 100.18400, 97.69500, 98.96100
98.89000, 99.21500, 97.56800, 98.26800
98.25400, 98.56300, 97.09100, 97.58400
97.57600, 98.00100, 97.05000, 97.29500
97.27400, 98.41000, 97.21000, 97.90700
97.92400, 98.45500, 97.60700, 98.31500
98.30800, 99.27600, 97.98800, 98.94000
98.91100, 99.31400, 98.65300, 98.65700
98.64700, 98.80000, 98.18600, 98.46000
98.44400, 98.96300, 98.24000, 98.82800
98.60800, 99.84500, 98.60800, 99.23100
99.22300, 99.46500, 98.98300, 99.17800
99.15900, 100.03400, 99.07700, 100.01400
99.97300, 100.09500, 99.57000, 99.86500
99.84800, 100.50700, 99.74700, 100.18100
100.10800, 100.69400, 99.94900, 100.68100
100.65600, 102.16900, 100.45700, 102.14600
102.12200, 102.63400, 101.71700, 102.29600
102.26000, 102.94600, 101.85300, 101.98700
101.98100, 102.14200, 100.92500, 101.08200
100.85800, 101.33300, 99.80600, 100.57500
100.57500, 101.01600, 99.14300, 99.21200
99.19400, 100.29400, 99.00400, 100.16000
100.14400, 102.45400, 100.07900, 102.16700
102.13600, 102.40500, 100.77800, 101.00100
100.88700, 101.41800, 100.61200, 101.04900
101.01500, 101.41600, 100.86200, 101.35700
101.33800, 101.75200, 100.88400, 101.36000
101.31000, 101.99100, 101.10100, 101.38700
101.37700, 101.84500, 101.01100, 101.14700
101.10000, 101.48600, 100.06800, 100.12800
100.10000, 100.46100, 99.59900, 100.10700
100.09800, 100.74900, 99.56500, 100.03300
100.00900, 100.07300, 97.79100, 98.32900
98.31400, 100.16300, 98.29100, 100.11800
99.87100, 100.68300, 99.15900, 100.47400
100.47500, 101.10700, 100.26300, 100.97600
100.96400, 101.14200, 99.38700, 99.48600
99.46400, 100.55900, 99.11000, 99.69100
99.67700, 100.38100, 99.26700, 99.67000
99.42500, 100.15700, 99.24800, 100.13600
100.10900, 100.13800, 98.29000, 98.93900
98.92800, 99.44300, 98.45300, 99.28800
99.27900, 99.66500, 98.68900, 99.48900
99.47600, 99.94600, 99.28400, 99.91600
99.64700, 100.87200, 99.59700, 100.82500
100.79200, 101.95800, 100.65100, 101.72200
101.71900, 103.08900, 101.67700, 102.80500
102.79800, 103.33400, 102.44900, 103.30100
103.28500, 104.10000, 103.09000, 103.84900
103.87800, 104.97400, 103.60900, 104.82600
104.81500, 105.88800, 104.78400, 105.81500
105.80200, 107.19900, 105.74100, 106.89900
106.88200, 107.16800, 105.69400, 105.79500
105.77800, 105.88000, 104.59000, 105.09800
105.00100, 105.50400, 103.81800, 104.22200
104.21900, 104.69100, 103.67900, 104.52100
104.52400, 104.63900, 103.45300, 103.80900
103.76200, 104.53000, 101.64600, 102.07800
102.04100, 104.00700, 101.99500, 103.57300
103.41400, 104.14500, 103.37600, 104.03400
103.98900, 105.83100, 103.91700, 105.79900
105.76500, 105.80200, 104.58400, 105.18500
105.18400, 105.19600, 103.52500, 103.85900
103.85100, 104.88100, 103.48800, 104.83200
104.57600, 105.23000, 104.19300, 105.21400
105.18800, 106.23000, 104.94300, 105.75300
105.71700, 106.41500, 105.43100, 105.89700
105.89800, 106.07700, 105.12900, 105.41800
105.39700, 105.65300, 104.15200, 104.96600
104.89600, 105.57500, 104.47100, 105.50500
105.42700, 106.12100, 103.64000, 104.24400
104.22500, 104.37600, 103.35500, 104.23300
104.20500, 104.86300, 103.86400, 104.85100
104.83800, 105.21700, 104.09200, 105.18100
104.88700, 105.83300, 104.86300, 105.64600
105.64700, 105.75000, 104.62700, 105.06600
105.03800, 106.28400, 104.89100, 105.87200
105.85600, 106.91500, 105.26100, 105.92900
105.91400, 106.45900, 105.48200, 106.31800
106.38300, 107.00300, 106.10600, 106.37900
106.36600, 107.39100, 106.13300, 107.35800
107.34700, 107.54100, 106.96600, 107.29200
107.27400, 107.63400, 106.66100, 106.71900
106.71000, 107.05000, 105.25300, 105.33900
105.33100, 106.47800, 105.05500, 106.35700
106.34000, 106.62300, 105.83900, 106.26400
106.23600, 106.63000, 106.14400, 106.53900
106.48700, 106.48700, 104.56600, 104.80100
104.78400, 105.15300, 103.54300, 104.07600
103.78100, 104.22100, 102.42100, 102.50300
102.49000, 103.47000, 101.40400, 103.34700
103.34900, 104.57000, 102.87100, 104.25900
104.24100, 104.70300, 103.25700, 103.34400
103.31500, 104.73000, 102.94600, 104.33700
104.29700, 105.02600, 104.19000, 104.99700
104.98300, 105.07900, 104.60800, 104.87000
104.82900, 104.94200, 103.24100, 103.99700
103.98900, 104.32300, 103.21600, 104.20000
104.18300, 104.71400, 104.08300, 104.49300
104.31900, 104.54800, 102.58400, 103.28700
103.27700, 104.64700, 102.89700, 104.49100
104.46500, 104.94200, 104.20000, 104.60400
104.58800, 105.08000, 104.29200, 104.94700
104.90200, 105.60900, 104.76500, 105.32300
105.27900, 105.77000, 105.01800, 105.33200
105.31000, 105.76300, 104.86100, 105.54800
105.53200, 105.79800, 105.07200, 105.71800
105.68400, 105.89100, 105.41600, 105.58200
105.55100, 106.01200, 105.27500, 105.41000
105.55400, 106.79600, 105.51300, 106.59800
106.53400, 106.66500, 105.78300, 106.00100
105.96300, 106.06700, 105.59600, 105.77000
105.76400, 106.56900, 105.47500, 106.56600
106.53900, 107.16300, 106.38700, 106.80900
106.65800, 107.07800, 106.57200, 106.94200
106.92900, 108.96400, 106.83900, 108.56700
108.55100, 110.10200, 108.39500, 109.56200
109.53700, 110.08800, 109.16100, 110.05900
110.03800, 110.22200, 108.90200, 109.52300
108.84700, 110.21300, 108.84500, 110.00600
109.99100, 110.58600, 109.15300, 109.70200
109.70500, 109.98100, 108.24900, 108.71100
108.68800, 109.15400, 108.36600, 108.42500
108.42100, 108.43700, 107.47800, 107.72800
107.64300, 108.10500, 107.46500, 108.05500
108.04900, 108.32200, 107.39600, 107.52300
107.51100, 107.79400, 106.92100, 106.94800
106.94300, 108.14100, 104.55900, 105.54900
105.52300, 105.82800, 105.14300, 105.41900
105.49900, 106.03500, 104.69900, 105.31800
105.29900, 105.78200, 105.12500, 105.49800
105.47700, 105.90200, 104.61000, 105.90200
105.88800, 105.99400, 105.13300, 105.51200
105.52800, 105.78100, 104.62200, 104.63300
104.55800, 106.21700, 104.55500, 106.09800
106.08500, 106.70200, 105.91300, 106.69700
106.65300, 106.75200, 105.70200, 106.21600
106.19600, 106.52000, 105.44200, 105.55000
105.54600, 106.14300, 105.12800, 105.78600
105.72700, 106.19100, 105.66400, 105.74500
105.73200, 106.09900, 105.09600, 105.71100
105.68800, 106.67500, 105.57100, 106.29500
106.28500, 107.21800, 105.05700, 107.04700
107.00400, 107.54300, 106.83600, 107.14400
107.07200, 108.66800, 106.89400, 108.64800
108.63200, 108.92400, 107.78700, 108.64100
108.61900, 108.94800, 108.39400, 108.89500
108.88100, 109.66100, 108.56900, 109.04900
109.04400, 110.34300, 106.84100, 108.15900
108.13600, 109.56200, 106.77700, 108.71100
108.66600, 108.85700, 108.26900, 108.70900
108.67700, 109.01400, 107.33700, 107.98300
107.94300, 108.06800, 107.08800, 107.78300
107.78000, 108.62100, 107.55600, 108.37200
108.45100, 109.20800, 108.33700, 109.18900
109.18600, 109.29900, 108.37800, 108.70100
108.70100, 108.80600, 107.45500, 107.77200
107.77400, 108.02600, 107.15100, 107.73600
107.74300, 109.01200, 107.66800, 108.77300
108.52300, 108.96900, 108.22500, 108.68300
108.66600, 108.72100, 108.11200, 108.49200
108.39300, 108.91200, 108.12700, 108.23200
108.21300, 108.24800, 105.30700, 105.81900
105.78400, 106.71400, 104.33400, 104.67000
104.71900, 105.92200, 104.57500, 105.07000
105.05700, 105.64900, 104.07300, 104.93000
104.91300, 105.51100, 104.48600, 104.68800
104.65900, 105.36800, 104.34700, 105.18700
105.12300, 105.41500, 104.34700, 104.80900
104.78200, 105.80800, 104.59400, 105.62100
105.59000, 105.72600, 105.32500, 105.61500
105.60200, 105.71700, 104.08900, 104.52300
104.50900, 104.51300, 103.40400, 103.92100
103.88400, 104.53100, 103.78200, 103.86100
103.97400, 104.01400, 102.31100, 102.92500
102.91200, 103.28300, 101.35600, 102.10500
102.08800, 103.46000, 101.94700, 102.79500
102.77300, 102.84800, 100.55200, 100.76700
100.75600, 100.82000, 99.47400, 99.71200
99.82400, 101.11700, 99.68000, 100.65100
100.59700, 101.03300, 99.83600, 100.38700
100.34800, 100.92000, 99.81900, 100.03100
100.02500, 100.69800, 99.78500, 100.53300
100.52100, 100.61800, 99.41500, 100.04100
100.01100, 101.10300, 99.93800, 100.93200
100.92800, 101.19600, 99.46500, 100.08100
100.04100, 100.12000, 99.29500, 100.01200
99.98900, 101.13400, 99.73600, 100.82500
100.80200, 100.89900, 99.51000, 99.78600
99.32600, 100.44600, 99.22700, 100.28900
100.25800, 100.75200, 95.84300, 96.76000
96.70600, 97.34000, 96.57100, 97.25800
97.24600, 97.27400, 96.71900, 96.94200
96.88100, 97.89800, 96.71100, 97.64400
97.57700, 97.92600, 97.55500, 97.80900
97.80000, 98.91100, 97.75500, 98.69600
98.67300, 99.29100, 98.56300, 98.80400
98.77400, 98.77400, 97.97400, 98.18400
98.14400, 98.20800, 96.45900, 96.73900
96.43300, 96.82000, 96.12200, 96.16900
96.16000, 96.85800, 95.39300, 95.84500
95.83300, 98.45200, 95.51300, 98.43400
98.40600, 98.83800, 97.62000, 98.32000
98.30300, 98.97500, 98.08200, 98.25700
97.97800, 99.07000, 97.91700, 98.48400
98.46800, 98.75900, 98.16900, 98.48600
98.45500, 98.94100, 98.29600, 98.69300
98.65300, 98.65900, 96.53400, 96.75500
96.72900, 96.77300, 95.06100, 95.45600
95.35300, 96.11800, 95.23400, 95.82400
95.82400, 96.22300, 95.63900, 95.72600
95.71200, 98.28400, 95.36700, 95.53300
95.52400, 95.52400, 94.62600, 95.37000
95.34500, 96.94800, 95.30600, 96.83900
96.66100, 97.77000, 96.50600, 97.74800
97.72800, 97.81300, 97.14700, 97.38200
97.37200, 97.77200, 96.33300, 96.77100
96.76500, 97.78500, 96.28200, 97.75200
97.73800, 97.73800, 97.23600, 97.53100
97.32600, 97.86500, 96.98800, 97.42100
97.42100, 97.86100, 96.69300, 97.78100
97.75300, 97.95400, 96.63100, 96.99800
96.98400, 97.22300, 96.36300, 96.66700
96.64300, 98.06100, 96.04000, 97.85800
98.52600, 98.85200, 98.08700, 98.63400
98.62700, 98.70900, 97.46200, 97.84200
97.83300, 98.05700, 97.58300, 97.73800
97.72600, 98.04100, 97.35100, 97.74500
97.75200, 98.54600, 96.62500, 98.44700
98.37400, 99.53800, 98.36300, 99.29600
99.26800, 99.80200, 98.81400, 99.77300
99.77900, 100.27300, 99.31300, 100.15300
100.15200, 100.15700, 99.44100, 99.52500
99.52900, 99.93600, 99.38800, 99.55200
99.52400, 99.81200, 99.39000, 99.79000
99.78000, 100.29100, 99.52600, 99.71600
99.70900, 99.78900, 99.27900, 99.54600
99.50600, 99.89900, 99.25900, 99.41500
99.40900, 100.30600, 99.02900, 100.29100
100.20200, 100.50700, 99.99500, 100.35100
100.32900, 100.86900, 99.69900, 99.81000
99.78300, 100.22000, 99.48300, 100.21300
100.19100, 100.58900, 100.06100, 100.57300
100.55700, 100.62300, 99.66500, 99.91100
99.94700, 100.08500, 99.58600, 99.85600
99.84500, 100.01200, 99.45900, 99.71200
99.69100, 100.16900, 99.08400, 99.52200
99.50900, 99.50900, 98.35500, 98.42500
98.41100, 99.01700, 97.22000, 97.68500
96.95700, 98.06900, 95.94100, 96.97200
96.93000, 98.69700, 96.82900, 98.07600
98.07700, 98.61800, 95.88800, 96.80200
96.82600, 97.53800, 95.72200, 97.27600
97.32000, 97.40700, 95.80400, 95.94300
96.10200, 96.86600, 95.02100, 96.02800
96.03000, 96.92300, 95.78100, 96.57400
96.54600, 97.10800, 95.44900, 95.66100
95.63300, 96.31800, 94.88400, 95.38400
95.39100, 95.44600, 94.06000, 95.11400
94.88800, 96.48300, 94.88800, 96.30200
96.28700, 96.30000, 95.49100, 96.26600
96.23700, 97.99600, 96.15500, 97.97700
97.94900, 98.19900, 97.56300, 98.12900
98.10900, 98.73700, 97.92800, 98.26100
98.70400, 99.04700, 98.23700, 98.51600
98.52200, 99.17200, 97.68300, 97.95000
97.92900, 98.08700, 97.08800, 97.54900
97.51100, 97.86200, 97.15500, 97.68000
97.66300, 97.92800, 97.36200, 97.76500
97.67900, 98.93400, 97.56000, 98.90300
98.88100, 99.33200, 98.46600, 99.28000
99.25500, 99.53500, 98.67300, 99.04100
99.01800, 99.56100, 98.71500, 99.37400
99.36300, 100.15200, 99.19700, 100.09800
99.95700, 100.47300, 99.94800, 100.41000
100.38500, 100.58400, 100.02200, 100.14000
100.12300, 100.55500, 99.93900, 100.06400
100.05600, 100.23800, 99.52100, 99.59400
99.58200, 99.64100, 98.67200, 99.04000
98.89800, 99.51800, 98.83300, 99.12900
99.10800, 99.31200, 97.74600, 98.11600
98.13400, 98.35200, 97.54800, 98.01800
98.00200, 98.60900, 97.78400, 98.56400
98.46400, 100.66900, 97.99700, 100.60300
100.46600, 101.59000, 100.46400, 101.48600
101.45800, 101.79500, 99.99700, 100.23600
100.21200, 100.24500, 99.02100, 99.02100
98.97700, 99.22500, 98.38000, 99.17300
99.15100, 100.81600, 99.06500, 100.78800
100.67000, 101.41800, 100.66000, 101.01700
100.98300, 101.18100, 100.66600, 101.01100
100.98700, 101.27100, 100.00800, 100.48700
100.46800, 100.58400, 99.36100, 99.75400
99.72000, 100.21300, 99.60900, 100.10100
100.02500, 101.12800, 100.02300, 101.05500
101.03600, 101.67500, 100.68400, 101.17500
101.15700, 102.37800, 101.07500, 102.26300
102.25900, 102.83200, 101.93000, 102.71900
102.71300, 102.90400, 101.65500, 102.19100
102.08400, 102.65100, 101.86300, 102.60000
102.58600, 102.89200, 102.15700, 102.62200
102.60700, 102.67400, 102.11300, 102.57300
102.54900, 102.84500, 102.09200, 102.64700
102.64200, 103.32300, 102.35500, 103.23300
103.25800, 103.54600, 102.95500, 103.32700
103.30200, 103.58300, 102.59600, 102.77700
102.75900, 103.00700, 102.14100, 102.63800
102.63100, 103.32000, 102.40700, 103.20300
103.18800, 104.27000, 103.12100, 104.20800
104.20900, 104.57900, 103.49400, 103.79300
103.76600, 104.34200, 103.61000, 104.20400
104.17600, 104.87400, 103.69600, 104.82400
104.79200, 104.84700, 103.69900, 104.00300
103.97500, 104.76300, 103.82900, 104.45500
104.31900, 104.75700, 104.26900, 104.43900
104.41400, 105.44500, 104.17800, 105.31600
105.29900, 105.38900, 104.76300, 105.14300
105.12400, 106.23800, 105.00100, 106.09900
106.08000, 107.65000, 105.73000, 107.48900
107.22500, 107.64000, 106.97300, 107.48100
107.44900, 107.65700, 106.54500, 106.87300
106.84400, 107.88500, 106.75300, 107.76700
107.73400, 108.89400, 107.58600, 108.82400
108.75500, 109.08300, 108.00200, 109.01300
108.78300, 109.26000, 108.59400, 109.09200
109.08400, 109.49600, 108.75100, 109.22000
109.20800, 109.20800, 108.61600, 108.98900
108.96500, 109.37300, 108.62900, 109.19800
109.19600, 109.40400, 108.71400, 108.89600
108.83800, 109.35600, 108.78700, 109.18600
109.17300, 109.35300, 108.99000, 109.23000
109.20100, 109.38200, 108.49700, 108.90500
108.89000, 108.89000, 107.73800, 107.75100
107.74700, 107.82900, 106.86700, 106.99200
106.98600, 107.59300, 106.38200, 106.40000
106.39400, 106.61400, 105.64000, 106.07300
106.06100, 106.07000, 104.77800, 105.05000
105.00300, 105.48100, 104.73900, 105.30100
105.25900, 105.92300, 104.71300, 104.98900
104.76700, 105.71100, 104.37200, 105.07600
105.06200, 105.51300, 104.23500, 105.42800
105.41800, 106.34300, 105.31900, 106.11200
106.08800, 106.60400, 105.87200, 106.32900
106.30400, 107.79000, 106.07000, 107.24500
107.07000, 107.53100, 106.77100, 107.44200
107.41900, 107.65500, 106.84500, 106.97600
106.96400, 107.00900, 105.89100, 106.18600
106.17100, 107.07800, 104.78800, 105.50300
105.46700, 106.68700, 104.21000, 106.54200
106.33800, 108.11700, 106.17000, 107.87800
107.85900, 108.11400, 107.51200, 107.90300
107.87800, 107.88400, 106.82700, 107.35400
107.34700, 107.75300, 106.36600, 106.68100
106.67400, 107.04400, 105.89200, 105.91500
105.88300, 106.63700, 105.82400, 106.57100
106.56300, 107.08500, 105.87900, 106.83200
106.78500, 107.18300, 106.55300, 107.05600
107.04300, 107.87300, 106.95700, 107.64000
107.63200, 107.92900, 107.34100, 107.78600
107.76500, 108.11400, 107.51100, 108.11100
108.09900, 108.27100, 107.64400, 107.84700
107.83200, 108.18400, 107.60600, 108.14700
108.10000, 108.21700, 107.49800, 107.66100
107.26800, 107.26800, 107.26800, 107.26800