111.23500, 111.49600, 111.06800, 111.37900
111.36900, 111.63100, 110.65200, 110.85100
110.86700, 111.33300, 110.67400, 111.18900
111.16700, 111.33000, 110.60800, 111.12000
111.08900, 111.63400, 111.03700, 111.45300
111.42900, 111.80400, 111.20700, 111.46200
111.48400, 111.94800, 111.33100, 111.62400
111.64300, 112.27900, 111.53300, 112.01400
112.01400, 112.08100, 111.40900, 111.49200
111.19700, 111.61400, 111.05900, 111.54100
111.49300, 112.11300, 111.40100, 111.54300
111.59700, 111.94200, 111.24100, 111.58900
111.57100, 111.63700, 110.59400, 110.76000
110.70000, 111.01400, 110.65800, 110.68900
110.65400, 111.11600, 110.37000, 110.52000
110.49100, 110.84500, 110.28900, 110.38800
110.45600, 111.13400, 110.33100, 111.11100
111.10700, 111.55600, 110.93300, 111.14100
111.13200, 111.31900, 110.90000, 111.28600
111.27600, 111.38700, 110.48300, 110.48600
110.46800, 110.54400, 110.23600, 110.35900
110.33300, 110.60500, 110.17000, 110.34000
110.28400, 110.48200, 110.11600, 110.24200
110.23900, 110.50200, 109.92400, 109.92500
110.03700, 110.13300, 109.07900, 109.43700
109.43400, 109.45800, 108.67200, 109.03800
109.03800, 109.16900, 108.69400, 108.77800
108.77900, 109.19500, 108.50700, 108.91400
108.88100, 109.59100, 108.80800, 109.12600
109.16100, 109.54000, 109.04800, 109.05900
109.00000, 109.46700, 108.88100, 109.28700
109.23000, 109.96300, 109.15700, 109.57200
109.56300, 110.41800, 109.48400, 110.17100
110.19900, 110.42200, 109.91300, 110.25300
110.23600, 110.66400, 110.13800, 110.55600
110.53600, 111.18900, 110.49200, 110.99400
111.16200, 111.50200, 111.03000, 111.32900
111.31100, 111.90800, 111.21200, 111.68600
111.66900, 111.72700, 110.47000, 110.53200
110.53600, 110.79500, 109.90900, 110.18300
110.11100, 110.63700, 109.96400, 110.47800
110.59900, 110.69500, 109.76500, 110.09200
110.04400, 110.17100, 109.00600, 109.72000
109.70500, 110.27900, 109.22300, 110.09900
110.07400, 110.61700, 109.79600, 110.36900
110.36200, 111.00600, 110.30700, 110.85500
110.60500, 111.42800, 110.57500, 111.12500
111.12200, 111.50700, 111.01500, 111.49800
111.49600, 111.92400, 111.37400, 111.67100
111.67600, 112.19600, 111.44900, 111.89700
111.88800, 112.00500, 110.75300, 111.17000
110.96600, 111.74000, 110.88600, 111.66500
111.65900, 112.18500, 111.50900, 111.82800
111.82700, 112.19200, 111.78000, 111.95400
111.95400, 112.05200, 110.91100, 110.94900
110.94600, 111.13600, 110.70700, 110.90700
110.99500, 111.16300, 110.63300, 111.07100
111.06800, 111.08400, 110.11300, 110.70700
110.70500, 110.88100, 110.30300, 110.76800
110.76400, 111.15000, 110.60200, 110.87500
110.87400, 111.41900, 110.74300, 111.31700
111.08200, 111.48700, 110.66900, 111.18100
111.22600, 111.24700, 110.76400, 111.05700
111.05700, 111.14200, 110.51700, 110.58500
110.58200, 110.84500, 110.29900, 110.75400
110.75400, 111.90600, 110.60500, 111.71400
111.47500, 111.97600, 111.18200, 111.59800
111.59800, 111.93700, 111.31900, 111.40600
111.40600, 111.47400, 111.18200, 111.24400
111.17300, 111.66400, 111.00200, 111.38600
111.38600, 111.75000, 111.17500, 111.54100
111.42400, 112.03200, 111.36800, 111.76700
111.76600, 112.16900, 111.66500, 111.92200
111.80600, 112.57000, 111.59200, 112.43700
112.43600, 112.96700, 112.19000, 112.25500
112.25500, 112.45700, 111.85600, 112.14200
111.98000, 112.70400, 111.93400, 112.63400
112.64900, 113.25800, 112.53500, 112.86000
112.86000, 113.01500, 112.65100, 112.95000
112.94900, 113.00400, 112.46600, 112.54800
112.54600, 112.67200, 112.19800, 112.24300
112.18900, 112.37700, 111.84100, 112.14000
112.13800, 112.28900, 111.73700, 111.88500
111.88500, 112.16600, 111.52600, 111.88000
111.88000, 112.00300, 111.48400, 111.86700
111.86300, 111.92600, 111.32200, 111.56000
111.43000, 112.39000, 111.40200, 112.38400
112.38000, 113.17600, 112.11900, 112.94300
112.94300, 113.09700, 112.42200, 112.61900
112.47600, 112.67100, 111.91500, 112.13800
112.10600, 112.32800, 111.83400, 111.87700
111.87700, 111.95000, 111.62400, 111.78500
111.77500, 111.95900, 111.64400, 111.86500
111.86500, 112.02100, 111.33000, 111.69700
111.69600, 112.09000, 111.45700, 111.77900
111.80100, 111.83300, 111.07700, 111.41500
111.00700, 111.63100, 110.70400, 111.50100
111.48800, 112.07900, 111.28000, 111.78600
111.78600, 111.94100, 110.96300, 111.44000
111.43500, 111.80700, 111.19000, 111.23300
111.23200, 111.31400, 110.80900, 110.97200
110.99000, 111.23200, 110.93600, 111.02700
110.95500, 112.14000, 110.81600, 111.97300
111.86400, 112.51000, 111.76600, 112.44000
112.43200, 112.96300, 112.38200, 112.87100
112.86500, 113.30400, 112.74200, 113.12100
113.12600, 113.45100, 112.78800, 113.38400
113.37400, 113.96400, 113.25400, 113.87400
113.87000, 115.11500, 113.71500, 115.07700
115.07900, 115.29300, 114.43500, 114.52500
114.52200, 114.93700, 114.27600, 114.64700
114.48200, 114.68000, 114.27200, 114.59900
114.58700, 114.74600, 114.01800, 114.41100
114.40800, 114.93700, 114.22100, 114.74000
114.73800, 114.93400, 114.40100, 114.71900
114.71900, 115.09300, 114.33300, 114.54500
114.51100, 114.62800, 113.93500, 113.97700
113.97100, 114.78300, 113.90600, 114.76200
114.75700, 114.81400, 114.31800, 114.63000
114.64700, 116.00100, 114.49500, 115.91400
115.91300, 116.09700, 115.74300, 115.82600
115.59900, 116.46400, 115.59900, 116.21000
116.17300, 116.90900, 115.97500, 116.47900
116.46700, 116.58600, 115.74500, 116.09300
116.08400, 117.31700, 115.87300, 117.30500
117.30400, 118.06100, 117.24500, 117.36500
117.14700, 117.55800, 116.84700, 116.90400
116.90400, 117.17200, 116.70800, 117.06000
117.06000, 117.20000, 116.45200, 116.72200
116.71000, 116.91500, 115.90300, 116.02900
116.02300, 116.44000, 115.69800, 115.77000
115.84000, 116.17200, 115.68500, 115.85400
115.82900, 115.88600, 115.28700, 115.51900
115.45400, 115.73300, 115.09200, 115.39200
115.39200, 115.60100, 114.55400, 114.88500
114.88100, 114.98700, 114.41100, 114.62700
114.52700, 114.86200, 113.63800, 114.09500
114.07900, 114.10400, 113.66400, 113.87900
113.87700, 114.22100, 113.35500, 113.39700
113.39300, 113.83800, 113.06900, 113.35300
113.35300, 113.67300, 112.90800, 113.15600
113.17800, 113.50500, 112.76500, 113.23700
113.23500, 113.70000, 113.00400, 113.30200
113.32000, 113.48100, 112.83100, 113.18900
113.18900, 113.45900, 112.51900, 112.66100
112.66100, 113.10200, 112.58500, 112.96400
112.98500, 113.42000, 112.68600, 113.24800
113.20800, 113.29900, 112.47800, 113.01900
113.01900, 113.21500, 112.39800, 112.48200
112.48200, 112.63000, 112.17500, 112.42400
112.42200, 112.48400, 111.55300, 112.19200
112.08000, 112.53400, 111.89300, 112.12500
112.11300, 112.76500, 112.09800, 112.49400
112.49000, 112.73900, 111.84200, 111.96400
111.97200, 112.67300, 111.86600, 112.34900
112.36200, 113.22800, 112.27900, 112.76500
112.75400, 112.92100, 112.48500, 112.68500
112.66900, 113.17800, 112.55700, 113.14800
113.11500, 113.74100, 112.94800, 113.24200
113.20700, 113.57100, 113.03800, 113.32200
113.35700, 113.41800, 112.84400, 113.14200
113.10800, 113.33600, 112.52600, 112.59200
112.58700, 113.08200, 112.44800, 112.99600
112.99100, 113.28100, 112.68400, 112.94200
112.72300, 113.02300, 112.49300, 112.84400
112.83100, 112.92000, 112.19100, 112.78500
112.61400, 113.32300, 112.61100, 113.25400
113.26000, 113.50300, 113.04100, 113.34200
113.26600, 113.85400, 113.19000, 113.68800
113.62100, 113.82400, 113.39700, 113.44300
113.40100, 113.65100, 113.03900, 113.16100
113.13000, 113.80300, 113.13000, 113.72800
113.70900, 113.98700, 113.51800, 113.91500
113.85200, 114.40300, 113.78900, 114.40300
114.30500, 114.40000, 113.62700, 113.92200
113.88000, 114.00400, 113.51600, 113.55900
113.67600, 113.96000, 113.58900, 113.83700
113.91200, 113.91200, 112.86200, 113.05200
113.02100, 113.49200, 112.92100, 113.44800
113.42500, 113.50300, 112.89600, 113.45200
113.45300, 113.89400, 113.27000, 113.80500
113.55800, 114.47700, 113.53500, 114.42200
114.38800, 114.63600, 114.00900, 114.17000
114.09900, 114.38500, 113.82000, 114.00500
113.99400, 114.44200, 113.88500, 114.29600
114.19600, 114.34500, 113.47200, 113.58200
113.60900, 114.16200, 113.42600, 113.61300
113.61400, 113.66900, 113.25500, 113.31000
113.35200, 113.42200, 112.85900, 113.08100
113.01300, 113.25900, 112.24100, 112.65900
112.64000, 112.90400, 111.63100, 111.63100
111.50900, 111.93600, 111.47000, 111.69200
111.90300, 111.94000, 111.38200, 111.83800
111.80600, 112.54700, 111.69800, 112.39900
112.34600, 112.73500, 111.98200, 112.06100
112.02800, 112.28300, 111.27300, 111.56600
111.40600, 111.41500, 109.96000, 110.01800
109.97500, 109.97500, 105.61000, 109.07400
109.07800, 110.08000, 108.98800, 109.96100
109.86500, 111.01400, 109.72600, 110.95400
110.95300, 111.17700, 110.59500, 110.80600
110.78600, 111.30500, 110.69100, 110.95400
110.96800, 111.18400, 110.07600, 110.12600
110.13800, 110.38600, 110.04500, 110.28700
110.11200, 110.47800, 109.84400, 110.24800
110.23800, 110.83200, 109.61200, 110.06400
109.95100, 110.23900, 109.68000, 110.13400
110.13900, 110.22600, 109.48000, 109.87300
109.87500, 110.36700, 109.70200, 110.24500
110.15200, 110.27200, 109.77600, 109.93300
109.93100, 109.96100, 109.46400, 109.64500
109.64200, 110.24500, 109.52300, 110.16800
110.07100, 110.44000, 109.89800, 110.03300
109.97500, 110.61600, 109.87300, 110.27500
110.26000, 110.40900, 110.08200, 110.20300
110.14000, 110.43500, 109.81400, 109.92800
109.92300, 110.01600, 109.49000, 109.67000
109.64400, 109.78100, 109.12000, 109.44700
109.44000, 110.24100, 109.31500, 110.00000
110.01900, 110.33400, 109.88700, 110.13000
110.07900, 110.24800, 109.72600, 109.94900
109.94200, 110.04500, 109.50800, 109.70900
109.68700, 109.81000, 109.46700, 109.55500
109.51700, 109.83300, 109.41300, 109.71100
109.65500, 110.12900, 108.61900, 109.91900
109.90100, 110.17800, 109.41200, 109.78400
109.70400, 110.15300, 109.66200, 109.96400
109.96800, 110.22300, 109.80900, 109.90600
109.88700, 109.99500, 109.52400, 109.86300
109.81200, 110.31500, 109.81200, 110.11700
109.98400, 110.58600, 109.87800, 110.44900
110.47900, 110.86700, 110.38300, 110.72300
110.72000, 110.82200, 110.45800, 110.54800
110.53600, 110.83400, 110.46200, 110.60400
110.57200, 111.14400, 110.53700, 111.00200
110.93000, 111.04900, 110.50800, 110.56500
110.65700, 111.09200, 110.37200, 110.83300
110.78900, 111.79300, 110.74300, 111.60200
111.52600, 112.16800, 111.47100, 111.99300
111.99300, 112.12700, 111.62800, 111.84500
111.83300, 111.98500, 111.29800, 111.37400
111.38800, 111.40600, 111.14400, 111.19800
111.18800, 111.29100, 110.17200, 110.32600
110.27500, 110.43600, 109.88500, 110.26000
110.18800, 110.40900, 109.92900, 110.02100
110.06000, 110.64800, 110.02400, 110.47900
110.48200, 110.85900, 110.31700, 110.85800
110.86300, 111.33200, 110.77700, 111.23800
111.23400, 111.46400, 111.02600, 111.18700
111.22600, 111.51900, 111.12100, 111.27700
111.27700, 111.54800, 111.10000, 111.47700
111.49200, 111.94800, 111.41600, 111.66700
111.59900, 111.77100, 111.08000, 111.74600
111.74400, 111.75800, 110.41100, 110.59900
110.69400, 111.02100, 110.36600, 110.82200
110.80400, 111.32600, 110.78400, 111.23800
111.19100, 111.37100, 110.85200, 111.05400
111.05200, 111.20900, 110.48200, 111.20900
111.21500, 111.45600, 111.00200, 111.32600
111.51400, 111.74100, 111.33700, 111.44400
111.48300, 111.63800, 111.32200, 111.51000
111.48600, 111.94900, 111.40300, 111.69100
111.65400, 111.78800, 111.48600, 111.63100
111.61600, 111.77200, 111.51300, 111.66500
111.60800, 111.70900, 111.41600, 111.59200
111.53300, 111.65200, 111.03600, 111.16300
111.05500, 111.21400, 110.58500, 110.70600
110.68200, 111.30800, 110.53800, 111.28700
111.28100, 111.96900, 111.23400, 111.69500
111.66000, 111.82200, 111.49300, 111.56800
111.56200, 111.60300, 111.08500, 111.15200
111.09100, 111.25200, 110.78300, 110.84000
110.81500, 110.86800, 110.17500, 110.22500
110.19700, 110.45400, 110.19200, 110.25500
110.24900, 110.38200, 110.15800, 110.18600
110.19000, 110.24900, 109.45200, 109.66700
109.54400, 110.00500, 109.46800, 109.93200
109.92900, 110.04200, 109.28500, 109.46200
109.44900, 109.65300, 109.31900, 109.48600
109.43600, 109.75100, 109.38400, 109.54200
109.53300, 109.61000, 109.14100, 109.39600
109.35500, 109.78200, 109.30200, 109.50100
109.42300, 109.69500, 109.32300, 109.39400
109.41400, 109.43500, 109.16300, 109.28500
108.82600, 109.11000, 108.55100, 108.92200
108.68600, 109.02200, 107.93200, 108.15100
108.08500, 108.27300, 107.86400, 107.88000
107.87000, 108.27900, 107.60900, 108.11700
108.00300, 108.78700, 108.00300, 108.67900
108.39600, 108.83100, 108.38100, 108.61900
108.58700, 108.99700, 108.53600, 108.65900
108.64000, 108.87300, 108.31000, 108.64300
108.62300, 108.89600, 108.47200, 108.74600
108.74400, 108.98000, 108.36700, 108.82900
108.84600, 109.11500, 108.80000, 109.10700
109.11500, 109.61900, 108.87500, 109.26200
109.26400, 109.62900, 109.11300, 109.29400
109.28200, 109.40800, 108.92400, 109.23300
109.22900, 109.41900, 109.07600, 109.09100
109.04100, 109.26600, 108.84000, 109.09300
109.04000, 109.16200, 108.46700, 108.51300
108.50200, 108.75800, 108.39400, 108.67400
108.67400, 108.99600, 108.62000, 108.75600
108.74400, 108.77500, 107.92000, 108.17400
108.05000, 108.91800, 108.03300, 108.87000
108.87000, 109.09500, 108.64200, 108.99700
108.97400, 109.42300, 108.91900, 109.01800
109.00500, 109.44800, 108.65200, 109.30500
109.32200, 109.63800, 109.10800, 109.50600
109.58700, 109.72500, 109.47300, 109.53900
109.51900, 109.75300, 109.28000, 109.34900
109.33100, 109.40900, 108.94800, 108.98100
108.97700, 109.31800, 108.73800, 109.05300
108.90200, 109.11700, 108.47900, 108.61300
108.61400, 108.90100, 108.53800, 108.62400
108.62100, 108.71100, 108.21100, 108.41500
108.33400, 108.91400, 108.24400, 108.72900
108.70200, 109.61100, 108.56800, 109.28100
109.22800, 110.00000, 109.00600, 109.92800
109.86700, 110.49900, 109.78200, 110.37900
110.37600, 110.48800, 109.52200, 109.85200
109.86400, 110.39100, 109.79800, 110.20600
110.16400, 110.44000, 110.01900, 110.34600
110.35400, 110.56800, 110.21700, 110.52900
110.43700, 110.80700, 109.73300, 109.77000
109.77600, 109.86400, 109.32200, 109.41700
109.35200, 109.48900, 109.09900, 109.29000
109.15800, 109.45000, 109.13400, 109.40400
109.38500, 109.53100, 109.25300, 109.36400
109.24800, 109.51900, 109.23600, 109.38200
109.37300, 109.62600, 109.32600, 109.53800
109.54800, 109.93400, 109.49400, 109.60300
109.59000, 109.76100, 109.37300, 109.55600
109.53600, 109.91800, 109.45600, 109.62400
109.60600, 109.89300, 109.41000, 109.58800
109.57700, 109.85400, 109.33600, 109.56400
109.54000, 109.60700, 109.28600, 109.32200
109.30800, 109.44000, 109.06600, 109.32600
109.30800, 109.77100, 109.22800, 109.71300
109.60600, 110.05900, 109.46500, 109.82700
109.83400, 110.03600, 109.68900, 109.82400
109.79800, 109.87000, 109.38100, 109.83300
109.84100, 109.87800, 109.14700, 109.62400
109.62200, 109.76500, 109.30800, 109.36700
109.29000, 109.77100, 109.25800, 109.68500
109.68000, 109.82300, 109.43000, 109.65900
109.59300, 109.80000, 109.34000, 109.39500
109.43000, 109.65900, 108.35600, 108.37700
108.36600, 108.67300, 108.14600, 108.50000
108.28700, 109.14100, 108.03300, 108.83300
108.82000, 109.80700, 108.59200, 109.05800
109.01000, 109.11900, 108.45200, 108.94500
108.92800, 109.00700, 108.42400, 108.80800
108.79400, 108.90000, 108.27700, 108.63000
108.38600, 108.71000, 107.98200, 108.63300
108.60700, 109.64300, 108.27700, 109.29900
109.29600, 109.33400, 108.57900, 108.79900
108.78800, 109.44400, 108.49500, 108.69000
108.63800, 108.70200, 108.35900, 108.69000
108.50800, 109.02200, 108.45500, 108.61600
108.62100, 108.71900, 108.32500, 108.62900
108.58100, 108.92700, 108.44200, 108.48200
108.46400, 108.56600, 108.09300, 108.19500
108.15800, 108.30300, 107.84300, 108.11400
107.82700, 108.41700, 107.51900, 108.37000
108.36300, 108.41200, 107.71900, 107.78400
107.69300, 108.16000, 107.57600, 108.04000
108.00200, 108.28600, 107.90700, 107.94500
107.93800, 108.00600, 107.19700, 107.34700
107.06800, 107.35400, 106.97800, 107.18200
107.16200, 107.44100, 106.85900, 107.35800
107.23400, 108.56400, 107.10800, 108.46900
108.44400, 108.80300, 108.20000, 108.45300
108.41400, 108.57800, 107.85800, 108.22700
108.11200, 108.25300, 107.91900, 108.07600
108.07000, 108.48800, 108.05400, 108.40000
108.33800, 108.70100, 108.28500, 108.61600
108.60300, 109.39400, 108.20800, 109.16400
109.12800, 109.58200, 109.05900, 109.15100
108.87600, 109.24200, 108.59400, 108.93500
108.93200, 109.16400, 108.58000, 108.85700
108.83900, 108.98800, 108.57100, 108.69900
108.70100, 109.03700, 108.16100, 108.80000
108.84000, 109.01300, 108.49700, 108.53100
108.56400, 108.72100, 108.29500, 108.62500
108.62100, 108.97600, 108.48600, 108.63300
108.63000, 108.98900, 108.51500, 108.58600
108.66500, 108.69400, 108.16100, 108.51100
108.50600, 109.07600, 108.29500, 108.89000
108.91100, 108.97700, 108.20700, 108.27700
108.35100, 108.54400, 108.06500, 108.48600
108.36500, 108.62900, 107.26100, 107.49200
107.49400, 107.53400, 106.80800, 107.00200
106.99300, 107.62100, 106.73600, 107.38700
107.24100, 107.92100, 107.11400, 107.80700
107.73000, 108.06400, 107.66600, 107.81300
107.82500, 108.13900, 107.73800, 107.89700
108.02200, 108.46200, 107.71600, 108.27800
108.26300, 108.96700, 108.09300, 108.76700
108.64800, 108.81200, 108.43900, 108.66900
108.66000, 109.06100, 108.38300, 108.98700
108.96100, 109.33600, 108.78500, 109.31200
109.18400, 110.04600, 109.18400, 109.94300
109.97000, 110.15900, 109.78700, 110.10600
110.15500, 110.39300, 109.93200, 110.15400
110.13500, 110.20400, 109.61700, 109.61700
109.61700, 109.76800, 109.37800, 109.67900
109.68800, 109.93900, 109.34200, 109.46900
109.45100, 109.59400, 109.24000, 109.24600
109.27100, 109.58000, 109.14000, 109.52900
109.53300, 109.63200, 109.27600, 109.54100
109.51500, 110.07000, 109.42400, 110.00700
110.03900, 110.18900, 109.39000, 109.50400
109.50000, 109.87500, 109.24700, 109.70800
109.68700, 110.05800, 109.65300, 109.92800
109.86400, 110.12000, 109.71300, 109.96300
109.89200, 109.98100, 109.67800, 109.76900
109.77500, 110.13200, 109.45900, 109.83500
109.82400, 109.91000, 109.41100, 109.51800
109.49300, 109.79500, 109.32800, 109.75900
109.75900, 109.90100, 109.58400, 109.78300
109.74800, 110.17200, 109.64500, 109.89700
109.86300, 110.07900, 109.57800, 109.69200
109.69000, 109.97400, 109.62000, 109.87900
109.85900, 110.17400, 109.76700, 109.80800
109.81400, 109.89700, 109.50100, 109.57300
109.51900, 109.62000, 109.23700, 109.58400
109.56300, 109.70500, 109.31700, 109.34500
109.35300, 109.42800, 108.81800, 108.89900
108.81200, 109.36900, 108.79600, 109.27100
109.20800, 109.47200, 109.04100, 109.34100
109.28800, 109.64100, 109.25900, 109.56700
109.55300, 109.70900, 109.47800, 109.62200
109.60500, 109.72000, 109.35200, 109.36300
109.43100, 110.01200, 109.43100, 109.91500
109.91000, 110.23200, 109.82500, 110.04000
109.94700, 110.17500, 109.84500, 110.08300
110.05400, 110.24100, 109.95500, 110.15700
110.05800, 110.18100, 109.59300, 109.64800
109.60700, 109.96200, 109.50000, 109.88700
109.80000, 110.54900, 109.80000, 110.46500
110.35300, 110.56300, 110.17900, 110.44400
110.35000, 111.02600, 110.35000, 111.00000
111.26700, 111.77700, 110.72500, 111.07900
111.01800, 111.55900, 111.01800, 111.50300
111.46900, 111.81800, 111.33200, 111.71300
111.66500, 111.82100, 111.45300, 111.76400
111.69700, 111.84900, 111.55600, 111.75000
111.71800, 111.83100, 111.18200, 111.31800
111.37800, 111.60100, 111.28400, 111.39000
111.28200, 111.52600, 111.23100, 111.49100
111.72900, 111.82800, 111.57900, 111.69400
111.67300, 112.56700, 111.64700, 112.35200
112.29400, 112.57800, 112.07900, 112.33800
112.29800, 112.48000, 112.06000, 112.34500
112.15500, 112.38900, 111.51100, 111.76800
111.63100, 111.81200, 110.92600, 111.14200
111.04400, 112.00600, 110.91800, 111.96000
111.97100, 111.99100, 111.53100, 111.76300
111.70000, 112.18300, 111.31700, 112.05100
111.97100, 112.70500, 111.97100, 112.52700
112.44500, 112.66500, 112.30500, 112.50600
112.53500, 113.34300, 112.43500, 113.22400
113.22000, 113.78400, 113.18100, 113.67500
113.65400, 114.15600, 113.53400, 113.99400
113.96600, 114.38300, 113.91400, 114.13500
114.12500, 114.29100, 113.62500, 113.78200
113.66100, 113.86500, 113.57900, 113.70300
113.69100, 113.89000, 113.35900, 113.41500
113.33100, 113.52300, 113.03300, 113.48100
113.40600, 113.50300, 112.70100, 112.97700
112.91300, 113.09300, 112.40900, 112.48500
112.18600, 112.56900, 112.08300, 112.31200
112.24800, 112.42100, 111.99500, 112.16100
112.08400, 112.30900, 111.73700, 111.99200
111.93400, 112.39000, 111.91500, 112.34800
112.31300, 112.70200, 112.25700, 112.44000
112.42300, 112.67100, 112.34200, 112.47000
112.45900, 113.00100, 112.34400, 112.98200
112.87200, 113.09500, 112.65000, 112.80800
112.72100, 112.90200, 112.65900, 112.84200
112.81900, 112.86500, 112.24300, 112.26600
112.25100, 112.39600, 112.18100, 112.30300
112.26100, 112.59300, 112.15200, 112.49800
112.45000, 112.91000, 112.45000, 112.52900
112.49200, 112.54200, 112.04000, 112.10700
112.07800, 112.16600, 111.72000, 111.75000
111.77500, 112.08200, 111.72500, 111.99500
111.96900, 112.02100, 111.62600, 111.74200
111.74700, 113.36000, 111.72300, 113.15600
113.15400, 114.24200, 113.03600, 113.90600
113.86800, 114.27500, 113.44500, 114.02600
113.66700, 114.07100, 112.86800, 113.07700
112.98300, 113.35300, 112.68200, 112.89300
112.78200, 113.51500, 112.78200, 113.01000
112.96500, 113.55700, 112.95200, 113.23100
113.20700, 113.25300, 111.32400, 111.91400
111.63800, 112.97600, 111.34200, 112.91200
112.82400, 113.24300, 111.76600, 111.97800
111.93100, 112.78500, 111.84400, 112.32900
112.26700, 112.61200, 111.98800, 112.26600
112.16800, 112.85900, 111.95000, 112.33200
111.99800, 112.27000, 109.54400, 110.34700
110.33300, 112.56700, 110.15600, 111.84000
112.05300, 112.46800, 110.98800, 111.15900
111.14400, 111.83200, 110.26100, 110.75800
110.76600, 113.68400, 110.57800, 113.55200
113.18800, 113.24500, 111.11600, 111.91500
111.93600, 112.86300, 111.11200, 111.98400
112.00800, 112.17300, 110.96900, 111.54700
111.65000, 113.02300, 111.53100, 112.23800
112.18200, 113.15100, 111.84500, 112.27700
112.45500, 113.56600, 111.50500, 112.90900
112.89700, 113.76900, 112.45700, 113.34700
113.28000, 113.99500, 112.87900, 113.82200
113.78200, 113.94400, 112.89300, 113.38800
113.52200, 113.68000, 112.42700, 113.49800
112.81200, 113.28400, 112.32600, 112.42600
112.32600, 113.05400, 111.48100, 111.90900
111.85400, 112.16200, 110.53000, 110.92100
110.92400, 111.19500, 110.30100, 110.76600
110.75300, 111.23100, 110.64600, 110.88000
110.88300, 111.90300, 110.83900, 111.60300
111.54800, 112.47900, 111.24800, 112.15700
112.15300, 112.41600, 111.73200, 111.90300
111.90200, 112.52200, 111.89200, 112.26600
112.17500, 112.40700, 111.98700, 112.21300
112.18000, 112.38100, 111.18400, 111.35400
111.28100, 111.73200, 111.21300, 111.62100
111.53400, 111.66000, 110.89200, 111.36300
111.27500, 111.65200, 110.86600, 111.17800
111.14300, 111.53400, 110.88300, 111.14400
111.00500, 111.49800, 110.95000, 111.17700
111.15500, 111.34300, 110.52000, 111.14100
111.07500, 111.39000, 110.72100, 110.88100
110.90700, 111.07100, 109.95600, 110.23100
110.15900, 110.49500, 109.87200, 110.38500
110.51400, 110.57500, 109.74800, 109.94300
109.82000, 110.07300, 109.36800, 109.60600
109.53500, 109.76600, 109.20100, 109.47600
109.41900, 111.32500, 109.17500, 110.95700
110.94700, 111.51800, 110.76500, 111.17700
110.96800, 111.11600, 110.44700, 110.52400
110.51100, 110.59800, 109.42800, 109.49100
109.42900, 109.56600, 108.70200, 108.82900
108.72100, 109.26500, 108.66900, 109.16000
109.14200, 109.93900, 109.13900, 109.80000
109.46300, 110.78400, 109.43700, 110.60000
110.54500, 111.06000, 110.25400, 110.49700
110.42700, 110.66000, 110.01800, 110.06300
110.00600, 110.26200, 109.69900, 110.18600
110.11800, 110.41700, 109.83400, 110.13500
109.98800, 110.95000, 109.90100, 110.45100
110.40500, 111.28900, 110.18700, 110.84600
110.87700, 111.49600, 110.80500, 111.43000
111.42300, 111.65700, 110.77200, 110.87000
110.85400, 110.97900, 110.44300, 110.78100
110.53600, 110.96600, 110.53600, 110.79000
110.72000, 111.49200, 110.72000, 111.35300
111.32900, 111.44500, 110.67500, 111.23400
111.10400, 111.77200, 110.86600, 111.60800
111.56100, 112.21600, 111.19000, 112.09000
112.20700, 112.30300, 111.81900, 111.95300
111.84700, 113.06700, 111.84600, 112.89600
112.85200, 113.35000, 112.48400, 113.28500
113.17700, 114.33100, 113.09400, 114.22000
114.22200, 114.59300, 113.59400, 113.86100
113.93900, 114.06900, 113.06100, 113.21300
113.12600, 113.63600, 112.60500, 113.31600
113.24800, 113.68000, 113.07000, 113.49800
113.33400, 113.76100, 113.13300, 113.16000
113.09500, 113.68900, 112.47100, 112.70600
112.45600, 113.25200, 112.35900, 113.04800
113.01100, 113.43100, 112.70800, 112.79200
112.76400, 113.19700, 112.52000, 112.77200
112.65800, 112.86900, 112.10800, 112.40500
112.44100, 112.58800, 112.14800, 112.20000
112.05600, 112.87700, 112.04300, 112.79600
112.69600, 113.42000, 112.42100, 112.72400
112.66500, 113.00200, 112.49400, 112.91800
112.93400, 113.12400, 112.77000, 113.00100
112.96800, 113.14000, 112.65900, 113.03800
112.84100, 113.60200, 112.84100, 113.06500
112.96500, 113.99900, 112.94900, 113.88700
113.88900, 114.13600, 113.16600, 113.60500
113.51700, 113.98600, 113.47600, 113.69500
113.58700, 113.81500, 113.50100, 113.64900
113.64000, 114.53200, 113.60900, 113.96100
113.82000, 114.33400, 113.82000, 114.06700
114.02500, 114.61600, 113.97000, 114.27300
114.19500, 114.58000, 113.90100, 114.01900
113.89200, 114.04500, 113.30100, 113.56500
113.49700, 114.04800, 113.49300, 113.90100
113.83200, 114.31200, 113.70000, 114.06200
114.00000, 114.21000, 113.07300, 113.21500
113.22600, 113.64800, 113.01200, 113.39900
113.35300, 114.07100, 113.29800, 113.98300
113.81600, 114.38200, 113.79300, 114.23500
114.02600, 114.49900, 113.98300, 114.43300
114.32400, 115.39500, 114.32400, 115.25200
115.16100, 115.66600, 115.11100, 115.43000
115.39700, 115.49400, 114.48900, 115.25700
114.95900, 115.27100, 114.11100, 114.53000
114.51800, 114.82100, 114.35300, 114.45500
114.25300, 115.03000, 114.25300, 114.94100
114.90300, 115.33900, 114.83200, 115.20000
115.17400, 116.29700, 114.88900, 115.85300
115.62300, 116.11800, 114.97000, 115.41400
115.47300, 116.01200, 115.31600, 115.73800
115.70100, 116.51100, 115.57900, 116.21800
116.19100, 116.34500, 115.59400, 115.99500
116.01000, 116.10000, 115.45800, 116.05100
115.89700, 116.07300, 115.54900, 115.69800
115.63700, 116.42000, 115.63200, 116.13300
116.09200, 117.41500, 115.98500, 117.14900
117.14800, 117.59900, 117.03700, 117.52400
117.41900, 117.63000, 116.96700, 117.21400
117.12500, 117.43700, 116.87900, 116.89900
116.88800, 116.98400, 116.45400, 116.59600
116.59900, 116.90600, 115.69400, 115.90800
115.85700, 116.58400, 115.78300, 116.52900
116.47400, 116.58100, 115.77500, 116.03100
115.89400, 116.60800, 115.83700, 116.20000
116.13200, 117.26800, 116.13200, 117.17300
117.06900, 117.37200, 116.61200, 116.65400
116.65700, 117.32600, 116.36700, 117.21000
117.18400, 117.87300, 116.32100, 116.48800
116.51900, 117.79300, 116.32500, 117.15000
117.14500, 117.48700, 116.46100, 116.48800
116.47200, 116.66800, 116.10200, 116.56600
116.46400, 117.00000, 116.24200, 116.74100
116.69900, 116.78200, 116.05400, 116.23800
116.25200, 116.46200, 115.86300, 115.90300
115.87500, 116.01700, 115.26300, 115.48600
115.45200, 116.43200, 115.14400, 116.35000
116.22000, 117.29100, 116.22000, 116.52400
116.46000, 116.97500, 116.46000, 116.76600
116.60000, 116.90200, 116.31400, 116.36600
116.29700, 116.76000, 115.98100, 116.08600
115.93200, 116.16700, 115.26300, 115.37100
115.29000, 115.40000, 114.75600, 115.27400
115.24000, 115.45200, 114.53000, 114.70900
114.69100, 114.82100, 113.68800, 114.40100
114.45600, 114.46100, 114.02100, 114.06400
114.05100, 114.25000, 113.90300, 114.01800
113.98600, 114.36700, 113.63400, 113.70100
113.67000, 113.91000, 113.52300, 113.62000
113.49900, 114.21700, 113.25900, 114.07100
114.10300, 114.97300, 113.97900, 114.91900
114.70200, 115.04100, 114.35400, 114.45700
114.48800, 115.16200, 114.36400, 114.87500
114.71900, 114.90000, 114.03300, 114.39000
114.35700, 115.58800, 114.35700, 115.52300
115.43200, 115.69000, 114.97300, 115.06000
114.99000, 115.73500, 114.97000, 115.49000
115.42200, 115.72700, 115.21200, 115.59000
115.57800, 116.16400, 115.44100, 116.06200
116.06400, 116.14400, 115.70100, 115.80400
115.76700, 115.96400, 115.23800, 115.24600
115.24100, 115.39300, 115.03000, 115.10100
114.97700, 115.32300, 114.95500, 115.26400
115.19200, 115.44900, 114.85400, 115.14900
115.05900, 115.97800, 115.02200, 115.81400
115.68600, 116.57700, 115.64500, 116.28100
116.20600, 116.36800, 115.44500, 115.49000
115.41200, 115.63900, 115.27200, 115.59300
115.52600, 115.90400, 115.21600, 115.74400
115.59200, 115.94200, 115.42200, 115.44700
115.43000, 115.56600, 114.81400, 114.89000
114.87300, 115.01400, 114.18200, 114.52600
114.53500, 114.89000, 114.07000, 114.22400
114.20900, 114.45900, 113.77400, 114.09300
114.03700, 114.33200, 113.80500, 113.93600
113.93900, 114.63500, 113.79900, 114.53300
114.37000, 114.96100, 114.14800, 114.54700
114.52600, 114.96200, 114.25600, 114.45600
114.29900, 115.05000, 114.28400, 114.78700
114.85300, 116.09400, 114.65600, 115.30000
115.26300, 115.35100, 114.82500, 114.99300
115.06800, 115.20300, 114.74900, 114.95900
114.87600, 115.33100, 114.70200, 114.84500
114.83300, 114.95800, 114.48500, 114.60200
114.64700, 115.01300, 114.45500, 114.58200
114.51300, 114.65400, 114.24800, 114.27500
114.23000, 114.32300, 113.81800, 113.91300
113.81500, 114.10000, 113.76000, 113.90600
113.80900, 114.18600, 113.78100, 113.96100
113.81700, 114.60400, 113.81700, 114.54400
114.41500, 114.85800, 114.15400, 114.58800
114.52300, 115.00500, 114.20700, 114.97300
114.89800, 115.09500, 114.62700, 114.87000
114.91500, 115.05000, 114.55100, 114.92100
115.01000, 115.63100, 114.67200, 114.74200
114.78000, 115.98500, 114.64900, 115.88200
115.87000, 116.80000, 115.86200, 116.67300
116.62700, 116.91800, 116.43700, 116.55700
116.38100, 117.03000, 116.35700, 116.78900
116.74400, 117.15400, 116.55900, 116.75200
116.65300, 117.22700, 116.65300, 117.14800
117.05500, 117.42300, 117.01700, 117.15600
117.13600, 117.74800, 117.06200, 117.60800
117.62100, 117.67300, 116.63400, 116.84300
116.84400, 117.44400, 116.79000, 117.23900
117.29100, 117.59000, 116.87700, 116.98100
116.93700, 117.09200, 116.71700, 116.83100
116.81700, 116.92000, 116.38700, 116.54700
116.52600, 117.16900, 116.50500, 116.92000
116.89300, 117.05700, 116.41500, 116.59000
116.55200, 116.90300, 116.39100, 116.45900
116.42800, 116.65200, 116.15300, 116.54400
116.46900, 116.77600, 116.23000, 116.25300
116.37700, 116.83000, 116.13700, 116.73500
116.67700, 117.26500, 116.61600, 117.13700
117.04500, 117.24100, 116.47300, 117.07800
117.00300, 117.18700, 116.61500, 116.67700
116.72100, 117.29900, 116.43900, 117.04400
116.92300, 117.12500, 116.73300, 116.92300
116.76200, 117.48200, 116.76200, 117.26100
117.20000, 117.50700, 117.18100, 117.24400
117.18200, 117.57400, 117.03800, 117.37100
117.21200, 117.38600, 116.88000, 117.04900
116.97000, 117.22300, 116.88700, 117.00800
117.02600, 117.20700, 116.85100, 116.99700
116.97000, 117.28800, 116.73800, 116.82400
116.73000, 116.89900, 116.49200, 116.50300
116.47000, 116.58200, 116.27300, 116.31800
116.31000, 117.25800, 116.31000, 116.87700
116.87600, 117.03000, 116.22000, 116.34300
116.27500, 116.97800, 116.26400, 116.89300
116.87800, 117.29600, 116.82900, 117.18500
117.16500, 117.27800, 116.72400, 116.80000
116.72700, 116.93900, 116.63500, 116.81100
116.84100, 117.22300, 116.74800, 117.13800
117.12000, 117.56000, 117.00900, 117.30600
117.20100, 117.99600, 117.20100, 117.52600
117.67000, 117.70400, 116.93800, 116.95000
116.94800, 117.22700, 116.84600, 116.94200
116.86200, 117.00500, 116.70500, 116.80300
116.77100, 116.87200, 116.58500, 116.68900
116.67800, 117.23200, 116.64600, 117.18300
117.09400, 117.33200, 116.96800, 117.03000
116.98700, 117.23200, 116.90800, 117.15800
117.22000, 117.72200, 117.11000, 117.47000
117.41100, 117.71200, 117.40700, 117.67300
117.63400, 117.87500, 117.54200, 117.61400
117.62400, 118.39000, 117.57500, 118.29700
118.26400, 118.83000, 118.17900, 118.74700
118.69900, 118.85800, 117.72000, 117.74600
117.69800, 117.98300, 117.66500, 117.89600
117.90500, 118.06700, 117.53600, 117.58000
117.58200, 117.78700, 117.11600, 117.23800
117.18500, 117.40100, 116.21800, 116.21800
116.31400, 116.84400, 116.16100, 116.70500
116.68400, 117.64300, 116.64400, 117.38300
117.28800, 117.77400, 117.01800, 117.19500
117.25800, 117.43300, 116.37100, 116.67600
116.52300, 116.79700, 116.25400, 116.63800
116.54200, 116.84900, 116.27900, 116.30700
116.21200, 116.56300, 115.97500, 116.21000
116.21600, 116.93400, 116.01500, 116.40000
116.59000, 116.60600, 116.06800, 116.24600
116.25400, 116.97600, 116.17900, 116.90700
116.74000, 117.14400, 116.49400, 116.57800
116.53500, 117.40400, 116.39000, 117.31100
117.31600, 117.53500, 116.99400, 117.26700
117.23400, 117.68400, 117.19900, 117.59400
117.63700, 118.07400, 117.45300, 117.79300
117.80000, 118.06400, 117.47700, 117.96100
117.95700, 118.17000, 117.21700, 117.41600
117.38500, 117.61900, 116.90000, 117.15100
116.68100, 117.88900, 116.63100, 117.86300
117.88000, 117.88000, 116.16700, 116.29300
116.28100, 116.36200, 115.89700, 116.20600
116.19100, 116.65900, 116.07500, 116.13600
116.13100, 116.85000, 116.07900, 116.70800
116.79600, 117.03900, 116.40600, 116.89500
116.85000, 117.20100, 116.77700, 117.10500
117.00600, 117.66300, 116.99300, 117.28000
117.25500, 117.54800, 116.92400, 117.41600
117.33100, 117.55000, 117.22600, 117.28300
117.24000, 117.71900, 117.18800, 117.65700
117.55700, 117.99100, 117.36400, 117.85200
117.72300, 118.35400, 117.65100, 118.13200
118.03900, 118.29700, 117.61800, 118.20100
118.10000, 118.62200, 118.08200, 118.58200
118.44200, 118.70600, 118.13400, 118.58300
118.34800, 118.72700, 118.01100, 118.43100
118.45400, 118.59100, 117.95100, 118.02000
118.01000, 118.07900, 117.64400, 117.88400
117.76700, 118.62200, 117.69300, 118.22900
118.18900, 118.46100, 117.81600, 118.11600
118.16500, 118.63500, 117.92600, 118.01600
117.93200, 118.03900, 117.56200, 117.80600
117.80400, 118.14000, 117.59200, 117.71300
117.52800, 118.21200, 117.50300, 118.02000
118.05500, 118.30300, 117.72600, 118.19100
118.12900, 119.00300, 118.08200, 118.98900
119.00700, 119.51400, 118.72700, 119.42700
119.29200, 120.10800, 119.26500, 119.80300
119.84700, 119.96900, 119.57600, 119.72500
119.68700, 120.16700, 119.53500, 119.67000
119.70500, 119.81500, 119.44100, 119.63800
119.62700, 119.75100, 119.25500, 119.54900
119.52000, 120.40200, 119.47800, 120.17800
120.11300, 120.60400, 120.03300, 120.51700
120.38100, 121.06500, 120.34500, 120.71500
120.70600, 120.95000, 120.12800, 120.17000
120.18400, 120.69300, 120.00600, 120.63800
120.55700, 121.04300, 120.48400, 120.82000
120.69900, 121.33400, 120.67800, 121.27400
121.14700, 121.38000, 120.90700, 120.92100
120.86200, 121.50900, 120.81800, 121.25400
121.26400, 121.51500, 120.53800, 120.83800
120.79900, 121.21600, 120.64400, 121.20900
121.18600, 121.44800, 120.96000, 121.31800
121.16200, 121.41600, 121.01100, 121.24800
121.13500, 121.81200, 121.10000, 121.45400
121.40100, 121.76100, 121.35800, 121.53700
121.41300, 122.51700, 121.38600, 122.42600
122.28500, 122.49800, 121.89500, 122.01800
121.99300, 122.12900, 121.58400, 121.79000
121.84900, 122.25200, 121.67200, 121.98900
121.98500, 122.30200, 121.72600, 121.99000
121.98600, 122.12700, 121.74600, 122.06200
122.01700, 122.08300, 121.64300, 121.79300
121.66100, 121.89500, 121.45700, 121.70200
121.66600, 122.16900, 121.61300, 122.05000
122.07000, 122.44700, 121.96800, 122.34500
122.37100, 122.52700, 121.93100, 122.18900
122.17200, 122.46300, 121.96100, 122.07000
121.94500, 122.37400, 121.83000, 122.36100
122.25300, 122.75800, 122.22000, 122.48500
122.49800, 122.56900, 121.78100, 121.81500
121.73300, 121.92200, 119.92300, 120.08400
120.05500, 120.20600, 119.26900, 119.33900
119.32400, 120.17600, 118.85300, 120.15900
120.11100, 120.56500, 119.86600, 120.48900
120.47000, 120.97900, 120.40600, 120.82300
120.67000, 120.98200, 120.47800, 120.75700
120.69000, 120.93700, 120.58600, 120.79200
120.63900, 120.88100, 120.16800, 120.23600
120.27700, 120.33400, 119.79900, 119.98700
119.89700, 120.11600, 119.61900, 120.08400
120.07800, 120.67400, 119.90700, 120.48400
120.44400, 120.66800, 120.24000, 120.48200
120.32400, 120.60100, 120.18500, 120.22800
120.19400, 120.48800, 119.56000, 119.62500
119.61300, 120.02600, 119.37900, 119.46900
119.53000, 120.04100, 118.98400, 119.93600
119.84500, 120.53500, 119.75700, 120.44500
120.37200, 120.62800, 120.17200, 120.57000
120.56400, 120.71600, 120.01400, 120.39700
120.39800, 120.46400, 120.02600, 120.22300
120.09800, 120.43500, 119.54300, 119.66500
119.65300, 120.02800, 119.55300, 119.68400
119.55900, 119.68300, 118.92300, 119.21300
119.18100, 119.47000, 118.64400, 119.22900
119.07700, 120.25800, 119.07700, 120.18600
120.17200, 120.27000, 119.65400, 119.84800
119.75100, 120.22400, 119.69200, 120.17300
120.00100, 120.59000, 119.84500, 120.51500
120.46000, 120.54100, 119.87300, 120.03400
119.97500, 120.75900, 119.87800, 120.75000
120.75200, 121.03400, 120.54100, 120.80600
120.78900, 121.18100, 120.68800, 121.12800
120.98000, 121.19600, 120.58800, 120.75400
120.71500, 121.00100, 120.41200, 120.56900
120.57900, 120.94400, 120.38400, 120.77600
120.76100, 121.11900, 120.63700, 121.05900
121.04400, 121.09900, 120.41800, 120.43100
120.47400, 120.47400, 119.81300, 119.83400
119.83300, 120.02500, 119.63700, 119.80000
119.79400, 119.98700, 119.64800, 119.78500
119.77100, 119.83300, 119.46000, 119.58600
119.56500, 119.93600, 119.36000, 119.72800
119.56900, 119.85000, 119.31600, 119.72900
119.73100, 120.11200, 119.57300, 119.76400
119.75900, 120.07500, 119.52900, 119.71400
119.71100, 119.84300, 119.44000, 119.47200
119.42500, 119.80700, 119.24200, 119.71900
119.65300, 120.29900, 119.58400, 120.19700
120.18600, 120.33400, 119.98800, 120.13800
120.13000, 120.48100, 119.94000, 120.35900
120.34800, 120.41400, 119.78600, 119.89500
119.87900, 120.56800, 119.69200, 120.54800
120.39800, 120.59200, 119.68000, 119.81500
119.81500, 120.40900, 119.72800, 120.16800
120.17200, 120.40400, 119.94000, 120.15300
120.14700, 120.30400, 119.99200, 120.22300
120.19300, 120.40900, 119.93300, 120.01900
119.97700, 120.12300, 119.80900, 119.98400
119.97900, 120.34700, 119.78000, 119.91600
119.90900, 120.01300, 119.49600, 119.58100
119.56900, 119.83200, 119.42900, 119.70300
119.68800, 120.08500, 119.57800, 119.68600
119.51700, 119.72800, 119.12700, 119.25400
119.24100, 119.64000, 119.14000, 119.19500
119.17500, 119.25600, 118.81400, 118.89200
118.88700, 118.95900, 118.12400, 118.27400
118.26700, 118.68400, 117.86400, 117.93900
117.92300, 118.07100, 117.53000, 117.89000
117.88300, 118.48200, 117.82300, 118.23700
118.23800, 118.85500, 118.05800, 118.52800
118.51300, 119.44200, 118.39900, 119.32500
119.31500, 119.83600, 119.11200, 119.77200
119.63000, 119.93700, 119.22500, 119.89600
119.88500, 120.20000, 119.74700, 119.97400
119.95900, 120.15100, 119.65900, 119.79000
119.78200, 119.93700, 119.17200, 119.41600
119.40800, 119.61700, 119.01300, 119.34600
119.10300, 120.25700, 119.06900, 119.95500
119.90600, 120.25400, 119.76900, 120.06000
120.05700, 120.24000, 119.74200, 120.14000
120.10400, 120.37300, 119.95800, 120.15900
120.15600, 121.09200, 120.09300, 121.01900
120.79100, 122.33400, 120.79100, 122.13100
122.12600, 122.32100, 121.94800, 122.05000
122.01800, 122.71100, 121.86800, 122.54300
122.51600, 123.28500, 122.42200, 123.06500
123.04600, 123.86800, 122.97900, 123.75100
123.40100, 123.86400, 123.32400, 123.74000
123.72700, 124.28700, 123.62000, 123.91400
123.89600, 124.40900, 123.61200, 124.40700
124.37300, 124.52600, 123.78000, 124.14000
124.13200, 124.37100, 123.71400, 123.86400
123.79200, 124.19000, 123.52500, 123.59800
123.59100, 124.20800, 123.52400, 124.08900
124.05700, 124.20600, 123.56800, 123.95800
123.95400, 124.52900, 123.50700, 124.50900
124.51300, 125.02400, 124.26100, 124.51400
124.47500, 125.46000, 124.43600, 125.32900
125.31000, 125.49900, 124.32100, 124.53600
124.51200, 125.13500, 124.46200, 124.97700
124.94700, 125.21600, 124.26100, 124.57100
124.58200, 124.74300, 123.93700, 124.28800
124.14100, 124.51300, 123.59300, 123.91900
123.92600, 124.00500, 123.40700, 123.88000
123.85700, 124.48800, 123.61500, 124.03000
124.03300, 124.22200, 123.40800, 123.83100
123.83600, 123.93600, 123.37700, 123.62700
123.61500, 123.93600, 123.31600, 123.37100
123.35700, 123.63100, 122.99900, 123.41700
123.40500, 123.50800, 122.78700, 122.93300
122.90200, 123.46100, 122.72000, 123.41700
123.40500, 123.49700, 122.41900, 122.73600
122.69200, 123.41800, 122.51000, 123.08700
123.08500, 123.49600, 122.99600, 123.33900
123.34500, 123.61300, 122.75800, 123.55200
123.51800, 123.69600, 123.20300, 123.21600
123.19200, 123.33900, 122.46400, 122.47300
122.80700, 123.14000, 122.12000, 123.01500
122.97400, 123.35100, 122.57500, 123.18600
123.14000, 123.52600, 122.47700, 122.50900
122.49600, 123.04700, 122.39500, 122.96800
122.91600, 123.51300, 122.69500, 122.87000
122.77300, 123.06600, 122.37400, 122.59600
122.53500, 123.09900, 122.47700, 122.76800
122.53800, 123.56800, 122.53800, 123.48300
123.42300, 123.64900, 122.47400, 122.80200
122.73300, 123.19900, 122.62500, 123.06200
122.99200, 123.26400, 122.79300, 123.12000
123.01300, 123.54500, 122.93700, 123.06400
123.00800, 123.37300, 122.81300, 123.35200
123.30200, 123.95800, 123.13600, 123.63900
123.63600, 123.79500, 122.94900, 122.98900
122.96200, 123.36800, 122.65400, 123.29400
123.26700, 123.56400, 123.17200, 123.52100
123.48300, 124.18700, 123.32500, 124.08400
124.04200, 124.69000, 123.83900, 124.57300
124.43400, 124.73700, 124.32800, 124.39000
124.28000, 125.23500, 124.20200, 125.18300
125.16600, 125.38400, 124.92000, 125.15900
125.13100, 125.86700, 125.00100, 125.71100
125.68900, 126.03900, 125.42200, 125.89700
125.88600, 126.46300, 125.81300, 126.21900
126.20700, 126.30700, 125.33300, 125.52300
125.41800, 127.06600, 125.32200, 126.72900
126.68100, 126.81400, 126.30700, 126.55400
126.55300, 126.59800, 125.65900, 125.73500
125.72300, 125.88500, 125.43000, 125.79400
125.71400, 125.90100, 124.20500, 124.24400
124.22200, 124.95000, 124.13500, 124.82000
124.81500, 125.61000, 124.75000, 125.37400
125.36400, 125.64300, 125.17800, 125.26700
125.26500, 125.35500, 124.50900, 124.92300
124.92200, 125.45200, 124.75900, 125.33200
125.31700, 125.65800, 124.83200, 124.90500
124.89300, 125.14500, 124.69500, 124.81900
124.78300, 125.15700, 124.34600, 124.40700
124.39900, 124.99900, 124.01600, 124.62200
124.58500, 124.83800, 124.35200, 124.67400
124.66000, 124.78500, 123.75800, 124.00000
124.00300, 124.33900, 123.80700, 124.05900
124.05300, 124.18200, 123.57700, 123.89600
123.89000, 124.20900, 123.67900, 123.72500
123.82300, 124.29400, 123.54000, 124.19100
124.15500, 124.54400, 124.03500, 124.51300
124.46900, 124.59600, 124.18200, 124.50300
124.48600, 125.12400, 124.32900, 124.91300
124.91000, 125.09200, 124.37400, 124.40700
124.48600, 124.72600, 124.23400, 124.60100
124.56800, 125.06800, 124.44000, 124.87700
124.86800, 125.17600, 124.74100, 125.00900
124.98300, 125.57700, 124.86200, 125.34600
125.31200, 125.40400, 124.29900, 124.83400
124.64300, 124.99900, 124.31700, 124.96200
124.95300, 125.32200, 124.68500, 124.93500
124.90400, 125.36100, 124.75900, 125.18000
125.14900, 125.38500, 124.65700, 124.88300
124.85200, 125.18000, 124.73500, 124.87500
124.86400, 125.46700, 124.65000, 125.27400
125.24600, 125.31100, 124.73500, 124.83900
124.82200, 125.51200, 124.76400, 125.23500
125.21900, 125.32300, 123.99800, 124.81700
124.78900, 125.04400, 124.41900, 124.80300
124.48300, 125.64300, 124.37200, 125.37300
125.37500, 125.65100, 124.73300, 125.02400
125.02600, 125.63900, 124.92100, 125.49400
125.49500, 125.90500, 125.37000, 125.81900
125.82800, 125.87700, 124.81200, 125.22900
125.22800, 125.25000, 124.24700, 124.57800
124.55400, 124.98800, 124.27600, 124.46800
124.45200, 125.13600, 124.35700, 125.01900
125.00400, 125.27200, 124.67900, 124.82200
124.81800, 125.68900, 124.75600, 125.44000
125.52200, 126.44700, 125.47400, 125.88600
125.89900, 126.13800, 125.37400, 125.56600
125.57200, 126.26200, 125.57200, 126.20800
126.21200, 126.81800, 126.06700, 126.46900
126.46900, 127.88900, 126.46900, 127.86900
127.72700, 128.20900, 127.51100, 127.95200
127.95100, 129.59600, 127.94000, 129.46900
129.46100, 130.23400, 129.01800, 130.12400
130.12000, 131.54000, 129.86600, 131.49700
131.52200, 131.67400, 130.84100, 131.19800
131.10200, 133.54800, 131.03200, 132.55400
132.50000, 132.86200, 131.08900, 132.00700
131.91900, 132.35000, 130.74600, 131.93500
131.93600, 132.66500, 131.41400, 131.86000
131.86100, 132.86700, 131.76900, 132.36500
132.29400, 132.73900, 132.15400, 132.48400
132.49000, 133.06800, 132.16900, 132.95500
132.92700, 133.27900, 132.49800, 132.63900
132.61300, 132.94300, 132.34000, 132.70100
132.68600, 133.25100, 132.36500, 133.02400
132.97400, 134.89600, 132.83800, 134.63900
134.63100, 134.86800, 134.27900, 134.40800
134.38600, 135.41500, 134.29300, 134.41500
134.38200, 134.45500, 133.40500, 133.56700
133.55000, 134.34900, 133.47900, 133.94700
133.89200, 134.44700, 133.83800, 134.39100
134.38500, 136.17300, 134.31500, 135.32900
135.32600, 135.84900, 134.56300, 134.74900
134.71300, 135.35200, 134.43100, 134.60300
134.60400, 134.87500, 133.90900, 134.32500
134.11700, 134.67500, 133.06100, 133.51100
133.51500, 133.66700, 132.15900, 132.17000
132.17000, 132.82400, 131.91800, 132.50600
132.50400, 135.03800, 132.43400, 134.63100
134.58400, 134.67600, 133.23400, 133.40700
133.40000, 134.05200, 132.94600, 133.13200
133.10400, 133.62000, 132.74200, 132.95000
132.93400, 133.04300, 131.99400, 132.77300
132.76000, 132.96600, 131.84200, 132.12700
132.10800, 132.70300, 131.81400, 132.05200
131.98700, 132.35600, 130.81600, 131.11000
131.08800, 131.61600, 130.42300, 130.95600
130.92700, 131.80000, 130.38100, 130.78200
130.72500, 130.80300, 127.49500, 127.90200
127.83300, 129.21200, 127.65500, 128.98000
128.78200, 129.26100, 128.24300, 128.85400
128.81300, 130.59700, 128.60500, 130.17900
130.16000, 130.36200, 129.02200, 129.77500
129.68900, 131.63000, 129.39800, 131.39000
131.32400, 132.02200, 130.85400, 131.24200
131.08000, 132.58800, 130.88400, 132.43900
132.39100, 132.47600, 131.67300, 132.03500
131.99800, 132.44100, 131.66600, 132.24900
132.21700, 132.71100, 131.77400, 132.49700
132.42400, 132.95300, 132.18200, 132.77100
132.54800, 133.30500, 132.50500, 133.25700
133.17600, 134.42100, 132.77900, 134.14300
134.12200, 135.23900, 134.00300, 135.09000
135.05800, 135.59600, 134.89500, 135.58200
135.51800, 135.96500, 135.34000, 135.81900
135.84400, 136.15300, 135.61900, 135.86400
135.84500, 136.78700, 135.75100, 136.34200
136.29800, 137.78000, 136.14500, 137.17500
137.11800, 137.60800, 136.19400, 137.05600
136.99600, 137.12200, 135.44800, 136.04700
135.80300, 136.59900, 134.16500, 134.79800
134.77700, 135.90500, 134.38800, 135.21000
135.17800, 135.40000, 134.03300, 134.61400
134.54900, 137.18300, 134.35700, 136.73500
136.70500, 139.97300, 136.55700, 139.13000
138.88800, 140.15500, 138.85700, 139.56100
139.51200, 141.43300, 139.37900, 141.41300
141.39400, 141.87000, 140.61000, 141.68400
141.66600, 141.71900, 139.84000, 140.36300
140.35000, 141.67400, 139.85500, 141.01300
140.95900, 141.74700, 140.49100, 141.65000
141.62300, 142.74800, 141.31900, 142.20700
142.19000, 143.74300, 141.85300, 143.05400
143.02200, 143.25300, 141.81700, 142.14800
142.10400, 142.30700, 140.05700, 140.91300
140.48900, 141.57800, 140.48200, 141.13500
141.04000, 142.00500, 139.92600, 140.27200
140.22600, 140.27100, 138.85200, 139.99500
139.97000, 140.36100, 139.38600, 139.59200
139.58300, 139.84400, 138.66500, 139.36900
139.22100, 140.35200, 139.07200, 139.75600
139.74600, 139.87200, 138.76100, 139.39500
139.33700, 140.66400, 139.03700, 140.35400
140.29000, 141.49200, 140.12000, 141.24500
141.17500, 141.90100, 140.99100, 141.85300
141.80800, 142.01200, 141.20400, 141.31800
141.27300, 142.67900, 141.05300, 142.59500
142.59400, 142.80500, 141.95200, 142.31300
142.26700, 143.10300, 141.99900, 142.04200
142.03000, 142.42200, 141.18900, 141.53200
141.17700, 141.78100, 141.07000, 141.62900
141.62700, 142.19700, 141.27900, 142.18100
142.16800, 142.55400, 141.99800, 142.38400
142.32700, 142.32700, 140.41000, 140.57300
140.45300, 141.04200, 139.31300, 139.99400
139.71900, 140.11500, 138.49400, 138.52000
138.51800, 139.09400, 137.14800, 139.02800
139.03200, 139.66000, 138.59600, 139.39000
139.36900, 139.98100, 138.82300, 139.21100
139.18200, 140.66400, 138.88700, 140.33000
140.23600, 141.32200, 140.12400, 141.28100
141.24800, 141.88500, 140.97300, 141.68600
141.64900, 142.39800, 140.45400, 140.96700
140.94700, 141.36400, 140.37400, 141.28200
141.23800, 142.12800, 141.06900, 141.76500
141.59000, 141.81700, 140.52000, 140.82100
140.80900, 141.81200, 140.47700, 141.35900
141.32900, 142.31500, 141.14300, 141.94500
141.90100, 142.16700, 141.47000, 141.98400
141.95500, 143.30100, 141.87300, 142.72700
142.70900, 143.24300, 142.36600, 142.55400
142.53700, 142.69700, 141.37600, 141.82800
141.80400, 141.96300, 141.31400, 141.82800
141.77400, 142.02200, 141.42900, 141.66400
141.63500, 142.69500, 141.53900, 142.32400
142.35900, 143.41200, 142.31700, 143.25600
143.15900, 143.34400, 142.21000, 142.43600
142.38100, 142.53200, 141.41400, 142.06900
142.05800, 142.85900, 142.00400, 142.79900
142.76900, 143.25800, 142.45600, 142.86800
142.68600, 143.47600, 142.55300, 143.44100
143.40600, 145.33600, 143.30800, 145.05900
145.04500, 147.36300, 144.88900, 147.23300
147.15600, 148.49200, 146.92400, 148.49000
148.46700, 148.81000, 147.50000, 148.46100
148.01800, 149.81000, 147.95400, 149.74500
149.72900, 150.76700, 148.77900, 150.24500
150.26200, 150.70100, 148.33200, 148.76200
148.70900, 150.12400, 148.44700, 149.21800
149.17400, 149.27200, 148.02900, 148.21700
148.26900, 148.67700, 147.92200, 148.50500
148.48400, 149.23300, 148.18200, 149.06300
148.98500, 149.67500, 148.41400, 149.02900
149.02500, 151.43900, 143.50300, 145.71400
145.61100, 146.58600, 144.97600, 146.03700
146.08700, 146.57900, 145.15600, 145.68200
145.58600, 146.56300, 145.28500, 145.96500
145.95700, 147.84000, 145.28800, 147.64200
147.60600, 148.07300, 146.78000, 148.05500
148.02300, 148.54600, 146.56700, 146.63400
146.68000, 147.35600, 145.18300, 145.66600
145.63700, 147.43000, 145.47300, 147.16000
146.98000, 147.24300, 146.43000, 147.06900
147.05300, 147.80000, 146.20200, 146.48700
146.45900, 146.60900, 145.58100, 146.17000
146.13500, 146.46700, 145.56400, 145.73400
145.72100, 146.79500, 145.42800, 146.26300
146.22600, 147.49100, 146.05200, 147.24300
147.20200, 147.39900, 145.74300, 147.00600
146.96900, 148.05300, 146.92300, 147.90400
147.72800, 149.65100, 147.44700, 149.62000
149.57000, 150.13300, 148.76700, 150.08800
150.05800, 150.21000, 148.92000, 149.18400
149.15000, 149.85700, 148.65100, 149.69400
149.61100, 150.54500, 146.33700, 147.90000
148.13900, 149.54800, 146.02500, 148.90600
148.85300, 149.18600, 148.18400, 148.71800
148.64300, 149.09100, 148.13100, 148.40000
148.33300, 148.57100, 147.21600, 147.59400
147.54700, 148.52200, 147.24700, 148.01900
148.09800, 148.79300, 147.78700, 148.50900
148.50900, 148.66900, 147.87100, 148.25600
148.20600, 148.26100, 146.73600, 147.30800
147.31200, 147.75000, 145.83500, 146.19200
146.19700, 147.64100, 145.99600, 147.45700
147.11500, 148.37400, 146.79900, 148.32800
148.27200, 148.39200, 147.44400, 147.77400
147.72700, 148.86700, 147.43700, 148.76200
148.71500, 148.79200, 145.47800, 146.25200
146.20500, 147.47400, 144.56300, 147.36400
147.46800, 149.07800, 146.92600, 148.34800
148.26000, 148.78100, 146.99300, 147.47600
147.45600, 148.49200, 147.05100, 147.67200
147.63600, 147.72100, 147.08300, 147.22900
147.12600, 147.43800, 146.51800, 146.99300
147.02200, 148.31200, 146.92400, 148.14700
148.12900, 148.65000, 147.64200, 148.32300
148.31800, 148.85200, 147.82700, 148.10800
148.06200, 148.13600, 146.33100, 146.91100
146.84600, 147.68900, 146.52900, 147.02800
147.15800, 147.19400, 145.79100, 146.36100
146.33700, 146.66500, 145.02900, 145.33000
145.31100, 146.88700, 145.13700, 146.04700
145.99400, 146.06200, 143.98200, 144.43500
144.39600, 144.50100, 142.88700, 143.32000
143.32000, 145.27500, 143.10500, 145.09000
145.01800, 145.50100, 144.72000, 145.46100
145.43300, 146.25900, 144.89500, 145.15600
145.13600, 146.03600, 144.84700, 145.96900
145.92000, 146.54100, 145.08700, 146.10500
146.08600, 147.08900, 145.94500, 147.02600
147.00600, 147.28700, 145.28300, 145.96100
145.90000, 146.73400, 145.22300, 146.55700
146.54300, 148.47400, 146.28000, 148.40500
148.32700, 148.52000, 146.21800, 146.32900
145.39900, 147.41600, 145.39900, 147.34200
147.31000, 147.77500, 141.02600, 142.19900
142.08600, 143.21300, 141.82300, 142.83600
142.81200, 143.02500, 141.99100, 142.12500
142.09400, 142.85000, 141.89300, 142.22200
142.21600, 142.86300, 142.20600, 142.54900
142.43000, 143.79100, 142.30200, 143.59700
143.51900, 144.85600, 143.36200, 144.71800
144.66300, 144.76900, 143.76000, 144.08400
144.02600, 144.13400, 141.61600, 141.74200
141.65700, 141.89500, 141.15500, 141.26500
141.15500, 141.71600, 138.94700, 139.96200
139.89000, 142.93500, 139.64000, 142.67800
142.60500, 143.62000, 141.87400, 142.53200
142.48300, 143.37600, 142.15800, 142.34300
142.02200, 143.90500, 141.87000, 143.12000
143.06400, 143.59100, 142.65000, 143.24900
143.18300, 143.87900, 142.05100, 142.25900
142.20700, 142.21400, 139.02000, 139.41900
139.30600, 139.42400, 137.40300, 138.00000
137.65800, 139.07700, 137.56300, 138.70400
138.66300, 140.00800, 138.47400, 138.99200
138.93900, 142.43400, 138.71700, 140.63100
140.58100, 140.60800, 139.46000, 140.16600
140.14300, 141.54800, 140.05100, 140.79700
140.70700, 141.81400, 140.52100, 141.75400
141.70100, 141.75900, 140.62500, 141.08500
141.01500, 141.49100, 140.51300, 141.16300
141.13200, 141.95800, 140.62200, 141.49100
141.46000, 141.46000, 140.59300, 140.91600
140.48800, 141.54000, 140.28600, 140.99100
140.98100, 142.22600, 140.33900, 141.98400
141.95000, 142.43500, 141.02400, 141.85800
141.77100, 142.07200, 140.52300, 140.93100
140.87400, 142.05100, 140.36300, 141.61600
142.34300, 143.22600, 141.86700, 142.87900
142.86300, 142.97800, 141.88700, 142.16600
142.15400, 142.81400, 141.85200, 142.72300
142.69600, 143.13600, 142.18200, 142.59200
142.58500, 142.86200, 141.05200, 142.22000
141.98300, 144.23800, 141.98100, 143.99200
143.92800, 144.51200, 143.56800, 144.37300
144.37900, 145.28400, 143.74900, 145.18800
145.15900, 145.25500, 144.54700, 144.67100
144.65300, 145.20900, 144.52000, 145.11700
144.78100, 145.49300, 144.77300, 145.43400
145.38200, 145.90000, 145.16900, 145.51100
145.48900, 145.69300, 144.63800, 144.87800
144.84000, 145.04600, 144.08300, 144.21500
144.19900, 145.31800, 143.66200, 145.02500
144.96700, 145.57700, 144.44200, 145.56800
145.50800, 146.27900, 144.46800, 144.57200
144.51900, 145.11600, 144.36500, 144.95100
144.93000, 145.37400, 144.66000, 145.11700
145.07500, 145.57600, 144.83700, 145.06200
145.09200, 146.03500, 144.68800, 146.01200
145.91000, 146.33200, 145.30600, 145.56900
145.52400, 146.14400, 145.20600, 145.91800
145.90800, 145.97100, 144.92300, 145.96300
145.85700, 147.59700, 145.52300, 146.57900
145.75200, 146.99500, 145.29500, 146.06100
146.06500, 147.52200, 145.77500, 146.84200
146.84100, 147.55100, 142.63700, 142.76900
142.78700, 144.06000, 141.88900, 143.59500
143.62400, 144.14700, 142.00800, 142.31600
142.21200, 143.15800, 140.21800, 141.27600
141.27300, 143.67800, 141.05100, 143.52600
143.47800, 144.18400, 142.71900, 143.15400
143.07900, 143.68100, 142.21300, 142.59200
142.62000, 142.80600, 140.81700, 142.07800
142.02500, 143.72500, 141.87300, 143.65700
143.62000, 143.66500, 142.00100, 142.34300
142.29500, 144.64300, 142.09500, 144.62500
144.54500, 145.54300, 144.03000, 145.23800
145.21800, 146.07300, 144.97400, 145.08000
145.43400, 145.64500, 144.69000, 145.04500
145.01000, 145.98500, 144.81600, 145.34500
145.31700, 145.49300, 144.43400, 144.76800
144.74900, 145.74300, 144.24400, 145.63500
145.57500, 146.16500, 145.32900, 146.00300
145.83100, 146.91400, 145.71200, 146.87600
146.84200, 148.10100, 146.64200, 148.02200
147.98000, 148.96200, 147.67200, 148.53000
148.49800, 149.81300, 148.34900, 149.03100
149.00800, 149.67900, 148.80000, 149.57500
149.35600, 150.17200, 149.35600, 149.64800
149.60000, 149.92300, 149.17800, 149.57100
149.54100, 150.21200, 149.41300, 150.03600
149.98800, 150.56000, 149.74500, 150.38900
150.33200, 150.48400, 149.51200, 150.29900
150.04400, 151.47500, 149.96100, 151.22700
151.18700, 151.50900, 149.53700, 149.87500
149.91400, 150.49700, 149.60000, 149.97200
149.93600, 150.22300, 149.17800, 149.77200
149.67100, 153.14300, 149.06600, 152.24900
152.27900, 153.58100, 152.23100, 153.49400
153.47700, 153.94500, 152.60000, 152.95800
152.92800, 153.05800, 152.26600, 152.44500
152.33100, 152.52500, 150.85300, 151.56300
151.52500, 151.65000, 150.18000, 151.36300
151.24800, 152.23800, 151.21800, 151.84500
151.79100, 151.92600, 151.00400, 151.81400
151.78100, 152.33700, 150.59000, 151.02300
150.97300, 151.06000, 149.79500, 150.47500
150.41600, 151.52400, 150.17100, 151.06800
150.98900, 152.18400, 150.90000, 151.95700
151.91800, 152.51600, 151.61500, 152.12200
152.07900, 153.18200, 151.93900, 153.07500
153.04600, 153.40600, 152.75100, 153.23900
153.18700, 153.75400, 152.84800, 153.37400
153.38400, 154.45700, 153.14200, 154.35100
154.30500, 154.48300, 153.48200, 153.73400
153.69700, 154.08400, 153.21300, 154.06400
154.01000, 154.69500, 153.49000, 154.56400
154.52800, 155.44000, 154.25400, 155.29400
155.12700, 155.53600, 155.00600, 155.26400
155.25000, 155.52300, 154.13200, 154.29100
154.24500, 154.32700, 152.76100, 152.97600
152.92600, 153.83700, 152.47300, 153.22800
153.13100, 154.07500, 152.82100, 153.95400
153.91300, 154.36600, 153.39100, 154.02100
154.00900, 154.27000, 153.36200, 153.84400
153.79400, 154.12400, 153.25000, 153.99900
153.92500, 154.59100, 153.50000, 154.46900
154.45500, 155.24100, 154.24300, 154.31400
154.11900, 154.73800, 153.35300, 153.61700
153.60100, 154.92100, 153.40400, 154.89600
154.85400, 155.48900, 154.59000, 155.44400
155.42500, 157.50500, 155.29600, 157.29800
157.23600, 158.77900, 156.83700, 158.70500
158.29800, 158.77600, 157.91300, 158.46500
158.41800, 158.69600, 157.17900, 157.51600
157.48800, 158.88000, 157.32800, 158.84900
158.81500, 159.97300, 158.30700, 159.89100
159.86100, 160.30500, 158.46800, 160.23600
159.89500, 160.66900, 159.64600, 160.20100
160.17600, 161.28000, 159.96600, 161.19100
161.17700, 161.21700, 160.56700, 161.07600
161.03300, 161.30600, 160.61400, 160.93200
160.91200, 161.62700, 160.41800, 161.19700
161.16200, 161.58200, 160.54500, 161.41600
161.35300, 161.38000, 160.91100, 160.99500
160.94600, 161.33600, 160.43700, 160.93600
160.89200, 160.94800, 159.96200, 160.88100
160.84400, 160.90800, 159.48700, 159.75600
159.80200, 160.51800, 159.23500, 159.60400
159.51400, 159.80600, 158.90800, 159.58900
159.55700, 159.89900, 158.47900, 159.68500
159.63400, 161.07200, 159.40000, 160.75300
160.63100, 161.62000, 159.99200, 161.01100
160.85800, 161.77300, 160.56300, 161.19800
161.15400, 162.07000, 160.67900, 161.85600
161.75400, 163.10500, 161.49000, 162.73000
162.61000, 162.89300, 161.47700, 161.62200
161.55100, 163.96500, 161.28300, 163.77300
163.46300, 163.70600, 162.63600, 162.73600
162.69500, 163.17500, 162.47500, 163.10700
162.99500, 163.37300, 162.43900, 162.90600
162.86100, 163.77100, 159.58500, 160.49800
160.42700, 162.31300, 158.81400, 162.09000
162.09200, 163.99900, 161.68100, 163.17400
163.16500, 163.82400, 162.88200, 163.75200
163.71900, 164.02100, 162.08200, 163.29900
163.26600, 163.74800, 162.41700, 162.98600
162.90700, 163.35100, 162.35200, 162.41600
162.19600, 163.21100, 161.94400, 163.21100
163.18000, 164.24500, 162.84400, 163.67900
163.63400, 164.10500, 163.35700, 163.88300
163.85600, 165.39000, 163.69900, 165.09900
165.09300, 165.46900, 164.78600, 165.33700
165.13200, 165.70300, 164.81900, 165.69500
165.64100, 166.41100, 165.41800, 165.68700
165.67600, 166.38000, 165.43900, 166.29500
166.23400, 166.40700, 165.63400, 165.99500
165.12500, 165.12500, 165.12500, 165.12500