1.60237, 1.60448, 1.59829, 1.60331
1.60096, 1.60849, 1.60038, 1.60565
1.60563, 1.60674, 1.59357, 1.59654
1.59662, 1.60564, 1.59007, 1.59112
1.59117, 1.59909, 1.58984, 1.59274
1.59256, 1.60219, 1.59125, 1.59973
1.59855, 1.60604, 1.59467, 1.59978
1.59996, 1.60185, 1.58907, 1.59165
1.59165, 1.59947, 1.59062, 1.59405
1.59355, 1.59630, 1.58702, 1.58927
1.58930, 1.59007, 1.57752, 1.58827
1.58661, 1.59472, 1.58485, 1.59085
1.59103, 1.59548, 1.58800, 1.59186
1.59206, 1.59646, 1.58820, 1.58983
1.58921, 1.59923, 1.58485, 1.59709
1.59685, 1.60305, 1.59661, 1.60159
1.59863, 1.60592, 1.59751, 1.60532
1.60523, 1.61143, 1.60210, 1.60890
1.60850, 1.61401, 1.60747, 1.60755
1.60737, 1.61101, 1.60123, 1.60232
1.60202, 1.60533, 1.59678, 1.59962
1.59953, 1.60566, 1.59922, 1.60422
1.60313, 1.60470, 1.59985, 1.60077
1.60058, 1.60402, 1.59332, 1.59482
1.59428, 1.59669, 1.58916, 1.59152
1.59143, 1.59267, 1.58439, 1.58610
1.58444, 1.59153, 1.58384, 1.58607
1.58506, 1.59426, 1.58506, 1.59182
1.59073, 1.59636, 1.58774, 1.58854
1.58740, 1.59029, 1.58134, 1.58155
1.58151, 1.58505, 1.57757, 1.58258
1.58221, 1.58835, 1.58166, 1.58474
1.58396, 1.58883, 1.58356, 1.58396
1.58382, 1.58667, 1.56896, 1.57101
1.57069, 1.57277, 1.56590, 1.57017
1.56954, 1.57276, 1.56540, 1.56696
1.56397, 1.56627, 1.55318, 1.55484
1.55482, 1.55681, 1.54884, 1.55419
1.55434, 1.56184, 1.54654, 1.54710
1.54647, 1.55259, 1.54597, 1.54667
1.54648, 1.54882, 1.54058, 1.54279
1.54508, 1.54955, 1.53720, 1.54022
1.54028, 1.54556, 1.53160, 1.53729
1.53681, 1.54404, 1.53631, 1.53924
1.53888, 1.54610, 1.53701, 1.54502
1.54467, 1.55303, 1.53947, 1.54034
1.54061, 1.54238, 1.52742, 1.52912
1.52912, 1.53935, 1.52794, 1.53844
1.53832, 1.53916, 1.52824, 1.53562
1.53569, 1.55132, 1.53515, 1.54763
1.54764, 1.55582, 1.54677, 1.54906
1.55006, 1.55261, 1.54812, 1.54838
1.54838, 1.55195, 1.54429, 1.55056
1.55056, 1.55946, 1.54877, 1.55573
1.55600, 1.56952, 1.54271, 1.54740
1.54731, 1.56033, 1.54652, 1.55925
1.55622, 1.56653, 1.55441, 1.56570
1.56569, 1.57514, 1.56388, 1.56961
1.56954, 1.57224, 1.56183, 1.57087
1.57058, 1.57432, 1.56318, 1.57269
1.57259, 1.57558, 1.56529, 1.56608
1.56735, 1.58183, 1.56578, 1.57848
1.57858, 1.58230, 1.57471, 1.57595
1.57539, 1.58268, 1.56971, 1.57403
1.57396, 1.57854, 1.57132, 1.57317
1.57315, 1.58088, 1.57210, 1.57726
1.57514, 1.58704, 1.57498, 1.58547
1.58564, 1.58877, 1.57474, 1.57843
1.57843, 1.58093, 1.57280, 1.57857
1.57857, 1.58706, 1.57778, 1.58253
1.58253, 1.58502, 1.57786, 1.58041
1.57857, 1.58152, 1.57227, 1.57387
1.57394, 1.57596, 1.56997, 1.57406
1.57451, 1.58812, 1.57451, 1.58467
1.58480, 1.58596, 1.57515, 1.57515
1.57522, 1.57728, 1.57129, 1.57387
1.57466, 1.57954, 1.57180, 1.57805
1.57805, 1.58280, 1.57534, 1.57843
1.57843, 1.58306, 1.57279, 1.57337
1.57328, 1.58467, 1.56555, 1.58282
1.58211, 1.58899, 1.57813, 1.57974
1.57919, 1.58633, 1.57860, 1.58402
1.58404, 1.58700, 1.57442, 1.57498
1.57308, 1.58076, 1.57006, 1.57303
1.57303, 1.58069, 1.57296, 1.57803
1.57803, 1.57882, 1.57203, 1.57477
1.57446, 1.58196, 1.57373, 1.57987
1.58009, 1.58198, 1.57236, 1.57382
1.57458, 1.57890, 1.57313, 1.57480
1.57477, 1.57937, 1.57280, 1.57349
1.57308, 1.57508, 1.56284, 1.56363
1.56274, 1.56576, 1.56147, 1.56376
1.56379, 1.56528, 1.55794, 1.56309
1.56304, 1.56752, 1.56066, 1.56178
1.56178, 1.56509, 1.55878, 1.56315
1.56313, 1.57028, 1.56041, 1.56317
1.56227, 1.56961, 1.56165, 1.56873
1.56894, 1.57269, 1.56647, 1.56709
1.56652, 1.57166, 1.56507, 1.56698
1.56694, 1.57190, 1.56284, 1.56638
1.56643, 1.56830, 1.56333, 1.56333
1.56235, 1.56627, 1.56025, 1.56459
1.56426, 1.57183, 1.56377, 1.57085
1.57097, 1.57971, 1.57016, 1.57720
1.57692, 1.59325, 1.57587, 1.59216
1.59201, 1.59463, 1.58301, 1.58596
1.58424, 1.59026, 1.58403, 1.58959
1.58871, 1.59544, 1.58830, 1.59370
1.59383, 1.60558, 1.59129, 1.60144
1.60144, 1.60842, 1.59846, 1.60605
1.60602, 1.61605, 1.60521, 1.61269
1.61111, 1.61728, 1.60761, 1.61030
1.61044, 1.61507, 1.60396, 1.61363
1.61251, 1.62021, 1.60704, 1.61624
1.61614, 1.62213, 1.61304, 1.61498
1.61286, 1.62890, 1.61261, 1.62620
1.62483, 1.63198, 1.62248, 1.62991
1.62991, 1.63542, 1.62817, 1.62949
1.62938, 1.63400, 1.61968, 1.62103
1.62165, 1.62632, 1.61370, 1.62565
1.62434, 1.62862, 1.62270, 1.62438
1.62355, 1.62828, 1.62355, 1.62753
1.62751, 1.63328, 1.61553, 1.61610
1.61610, 1.61683, 1.60590, 1.60643
1.60638, 1.61706, 1.60518, 1.61522
1.61507, 1.61764, 1.61170, 1.61216
1.61668, 1.62431, 1.61340, 1.61970
1.61959, 1.62538, 1.61844, 1.62299
1.62299, 1.62352, 1.61211, 1.61740
1.61636, 1.62112, 1.61497, 1.61543
1.61541, 1.61580, 1.60303, 1.60700
1.60672, 1.60936, 1.60112, 1.60260
1.60229, 1.60821, 1.59850, 1.60630
1.60611, 1.61807, 1.60556, 1.61555
1.61556, 1.62792, 1.61416, 1.62671
1.62671, 1.63531, 1.62491, 1.63377
1.63248, 1.63473, 1.62255, 1.62348
1.62299, 1.62621, 1.61783, 1.61802
1.61801, 1.63537, 1.61469, 1.63481
1.63472, 1.63573, 1.62287, 1.62746
1.62697, 1.63019, 1.61788, 1.62414
1.62200, 1.62694, 1.62112, 1.62349
1.62377, 1.62843, 1.62024, 1.62044
1.62064, 1.62264, 1.61587, 1.61772
1.61772, 1.61833, 1.61032, 1.61297
1.61383, 1.61850, 1.60486, 1.61667
1.61771, 1.62276, 1.61494, 1.61858
1.61858, 1.62499, 1.61780, 1.61853
1.61853, 1.61991, 1.60530, 1.61313
1.61388, 1.61611, 1.60335, 1.60650
1.60650, 1.61892, 1.60528, 1.60869
1.60664, 1.61506, 1.60283, 1.61045
1.61048, 1.61166, 1.59540, 1.59716
1.59659, 1.60339, 1.59583, 1.59825
1.59842, 1.59952, 1.58170, 1.58334
1.58319, 1.58539, 1.57427, 1.58211
1.58274, 1.58519, 1.57944, 1.58195
1.58115, 1.58317, 1.57547, 1.57686
1.57601, 1.58263, 1.57030, 1.57030
1.56979, 1.57337, 1.56305, 1.56580
1.56541, 1.56963, 1.56355, 1.56768
1.56747, 1.56878, 1.56134, 1.56372
1.56341, 1.56661, 1.55747, 1.56400
1.56335, 1.56932, 1.56296, 1.56339
1.56296, 1.56498, 1.55190, 1.55719
1.55623, 1.56434, 1.55533, 1.55722
1.56100, 1.57229, 1.55779, 1.57019
1.56945, 1.57714, 1.56700, 1.57535
1.57575, 1.57805, 1.56629, 1.56725
1.56635, 1.57574, 1.56635, 1.57201
1.57123, 1.57556, 1.56454, 1.56608
1.56763, 1.57007, 1.56333, 1.56948
1.56881, 1.57047, 1.55955, 1.56257
1.56181, 1.56334, 1.55183, 1.55543
1.55481, 1.55900, 1.55055, 1.55661
1.55587, 1.55806, 1.54658, 1.54760
1.53789, 1.54420, 1.53461, 1.54295
1.54229, 1.54658, 1.54034, 1.54516
1.54496, 1.56249, 1.54220, 1.56021
1.56010, 1.57855, 1.55954, 1.57273
1.57073, 1.58448, 1.57073, 1.58206
1.58452, 1.58849, 1.57899, 1.57947
1.57919, 1.58177, 1.56994, 1.57135
1.57011, 1.57630, 1.56727, 1.57441
1.57425, 1.57652, 1.56725, 1.57233
1.57147, 1.58227, 1.57101, 1.57530
1.57432, 1.58224, 1.57406, 1.58072
1.57988, 1.58550, 1.57655, 1.58141
1.58155, 1.60376, 1.57980, 1.60064
1.59929, 1.61427, 1.59729, 1.60927
1.60925, 1.61567, 1.60243, 1.61552
1.61451, 1.62041, 1.61053, 1.61747
1.61584, 1.61731, 1.60502, 1.60594
1.60575, 1.63157, 1.60474, 1.62582
1.62537, 1.62692, 1.62025, 1.62506
1.62282, 1.62611, 1.61618, 1.62481
1.63177, 1.63345, 1.61893, 1.62362
1.62317, 1.69526, 1.62306, 1.62645
1.62595, 1.63061, 1.59997, 1.60018
1.60083, 1.60864, 1.59970, 1.60548
1.60462, 1.60753, 1.60051, 1.60248
1.60200, 1.61020, 1.59692, 1.60956
1.60945, 1.61537, 1.59949, 1.60032
1.60018, 1.60233, 1.58827, 1.58881
1.58794, 1.59883, 1.58766, 1.59332
1.59297, 1.59445, 1.58285, 1.58420
1.58450, 1.59127, 1.58053, 1.58893
1.58916, 1.59217, 1.57833, 1.58322
1.58291, 1.58809, 1.57738, 1.58552
1.58490, 1.59145, 1.58424, 1.58773
1.58761, 1.59661, 1.58723, 1.59499
1.59418, 1.59737, 1.58928, 1.59346
1.59300, 1.60373, 1.58907, 1.59428
1.59290, 1.59816, 1.58803, 1.58851
1.58825, 1.59693, 1.58510, 1.59456
1.59406, 1.60052, 1.59378, 1.59738
1.59742, 1.59906, 1.58047, 1.58339
1.58351, 1.58567, 1.57207, 1.57338
1.57316, 1.58166, 1.57288, 1.58016
1.57979, 1.58588, 1.57946, 1.58258
1.58224, 1.58981, 1.57296, 1.57594
1.57621, 1.59940, 1.57443, 1.59808
1.59918, 1.60145, 1.59252, 1.59597
1.59613, 1.60598, 1.59534, 1.59696
1.59595, 1.59986, 1.59294, 1.59648
1.59649, 1.59824, 1.59044, 1.59622
1.59612, 1.59726, 1.58612, 1.58850
1.58782, 1.59450, 1.58217, 1.58954
1.58880, 1.59409, 1.58024, 1.58107
1.58208, 1.58728, 1.57998, 1.58611
1.58558, 1.59145, 1.58154, 1.58260
1.58196, 1.58668, 1.58159, 1.58246
1.58214, 1.60194, 1.57425, 1.59819
1.59804, 1.60011, 1.58707, 1.58950
1.58818, 1.58933, 1.58096, 1.58392
1.58413, 1.59009, 1.58223, 1.58439
1.58428, 1.59628, 1.58201, 1.59209
1.59191, 1.60459, 1.58776, 1.60259
1.60204, 1.60719, 1.59828, 1.60426
1.60022, 1.60560, 1.59698, 1.59896
1.59871, 1.60376, 1.59485, 1.59603
1.59580, 1.61215, 1.59410, 1.60766
1.60761, 1.61104, 1.59332, 1.59558
1.59546, 1.60019, 1.59300, 1.59412
1.59630, 1.59788, 1.58960, 1.59077
1.59111, 1.59558, 1.58948, 1.59440
1.59424, 1.60121, 1.59421, 1.59695
1.59721, 1.60567, 1.59659, 1.60026
1.59981, 1.60086, 1.59596, 1.59810
1.59785, 1.59963, 1.59302, 1.59621
1.59626, 1.60202, 1.59478, 1.60132
1.60132, 1.60770, 1.59680, 1.60309
1.60287, 1.60330, 1.59484, 1.59861
1.59872, 1.60209, 1.58873, 1.59585
1.59471, 1.59825, 1.58984, 1.59094
1.59069, 1.59172, 1.57801, 1.57928
1.57935, 1.59167, 1.57863, 1.58727
1.58732, 1.59033, 1.58334, 1.58662
1.58609, 1.58734, 1.57940, 1.58054
1.57637, 1.57969, 1.57451, 1.57624
1.57662, 1.58683, 1.57131, 1.58445
1.58445, 1.58791, 1.57621, 1.57925
1.57907, 1.58109, 1.57529, 1.57715
1.57701, 1.58142, 1.57502, 1.57793
1.57786, 1.58406, 1.57683, 1.57991
1.57991, 1.58232, 1.57593, 1.58045
1.58066, 1.58341, 1.57135, 1.57211
1.57211, 1.58176, 1.57139, 1.57997
1.57902, 1.58525, 1.57364, 1.57500
1.57479, 1.57898, 1.57345, 1.57598
1.57583, 1.58346, 1.57188, 1.57217
1.57230, 1.57703, 1.56827, 1.57392
1.57390, 1.57651, 1.56935, 1.57080
1.57077, 1.57348, 1.56974, 1.57111
1.57217, 1.57887, 1.57057, 1.57755
1.57755, 1.58285, 1.57695, 1.58090
1.58089, 1.59586, 1.58026, 1.59059
1.59054, 1.59301, 1.58639, 1.58653
1.58653, 1.58802, 1.58064, 1.58211
1.58219, 1.58538, 1.58058, 1.58504
1.58505, 1.59471, 1.58265, 1.59052
1.59044, 1.59889, 1.58969, 1.59564
1.59562, 1.59911, 1.59402, 1.59612
1.59600, 1.59942, 1.59201, 1.59479
1.60122, 1.60645, 1.59824, 1.60032
1.60025, 1.60397, 1.59048, 1.59619
1.59615, 1.60193, 1.59452, 1.60149
1.60143, 1.61212, 1.59968, 1.60440
1.60431, 1.60841, 1.60036, 1.60505
1.60531, 1.61881, 1.60337, 1.61640
1.61628, 1.61956, 1.61262, 1.61332
1.61332, 1.62044, 1.61270, 1.61689
1.61688, 1.62511, 1.61610, 1.62130
1.62125, 1.62621, 1.62063, 1.62451
1.61395, 1.62003, 1.60961, 1.61628
1.61618, 1.62522, 1.61226, 1.62115
1.62111, 1.62384, 1.61942, 1.62049
1.62010, 1.62376, 1.61743, 1.62062
1.62063, 1.62471, 1.61632, 1.61750
1.61642, 1.61878, 1.61530, 1.61761
1.61745, 1.61815, 1.61152, 1.61198
1.61191, 1.61393, 1.60867, 1.60927
1.60927, 1.61246, 1.60503, 1.61008
1.61008, 1.61449, 1.60689, 1.61033
1.60971, 1.61351, 1.60679, 1.61141
1.61136, 1.61608, 1.60779, 1.60932
1.60928, 1.61498, 1.60817, 1.61021
1.61021, 1.61790, 1.60698, 1.61608
1.61599, 1.61971, 1.61448, 1.61862
1.61461, 1.62651, 1.61461, 1.62516
1.62513, 1.62881, 1.62417, 1.62704
1.62703, 1.63268, 1.62653, 1.62902
1.62900, 1.63620, 1.62714, 1.63070
1.63057, 1.63636, 1.63015, 1.63125
1.63010, 1.63881, 1.62980, 1.63700
1.63700, 1.64481, 1.62753, 1.62780
1.62780, 1.63437, 1.62649, 1.63085
1.63081, 1.63632, 1.62960, 1.63075
1.63065, 1.64166, 1.62868, 1.64157
1.63957, 1.64124, 1.63467, 1.63687
1.63629, 1.63997, 1.63155, 1.63280
1.63264, 1.63408, 1.62410, 1.62744
1.62738, 1.62847, 1.62204, 1.62215
1.62215, 1.62547, 1.61866, 1.61877
1.61598, 1.62590, 1.61452, 1.62044
1.61992, 1.62091, 1.61342, 1.61353
1.61353, 1.61657, 1.60255, 1.60393
1.60381, 1.60819, 1.60245, 1.60675
1.60646, 1.61111, 1.60366, 1.60816
1.60774, 1.60963, 1.60492, 1.60790
1.60789, 1.61890, 1.60770, 1.61746
1.61736, 1.62308, 1.61534, 1.61628
1.61627, 1.61904, 1.61163, 1.61337
1.61321, 1.61427, 1.60448, 1.60479
1.60499, 1.60732, 1.59894, 1.59909
1.59909, 1.60099, 1.59450, 1.59871
1.59868, 1.60340, 1.59705, 1.60117
1.60119, 1.60329, 1.59231, 1.59385
1.59370, 1.59483, 1.58944, 1.59228
1.59198, 1.59529, 1.58941, 1.59302
1.59303, 1.59470, 1.58936, 1.59193
1.59190, 1.59759, 1.59095, 1.59624
1.59616, 1.60910, 1.59204, 1.60304
1.60297, 1.61104, 1.60261, 1.60995
1.61051, 1.61553, 1.60927, 1.61487
1.61441, 1.62320, 1.61274, 1.62308
1.62305, 1.62463, 1.61464, 1.61751
1.61747, 1.63144, 1.61075, 1.62960
1.62952, 1.63918, 1.62566, 1.63313
1.63359, 1.65794, 1.63354, 1.65790
1.65790, 1.66265, 1.64575, 1.65754
1.65747, 1.67860, 1.65299, 1.65657
1.65659, 1.66046, 1.64267, 1.64354
1.64354, 1.65222, 1.64061, 1.65037
1.65016, 1.66235, 1.64761, 1.66132
1.66049, 1.66201, 1.63931, 1.64369
1.64357, 1.65938, 1.64130, 1.65047
1.65043, 1.65146, 1.63569, 1.63946
1.63942, 1.64091, 1.63084, 1.63653
1.63544, 1.64090, 1.63358, 1.63777
1.63719, 1.64068, 1.63092, 1.63783
1.63775, 1.63848, 1.63236, 1.63467
1.63459, 1.64195, 1.63396, 1.63999
1.63999, 1.65256, 1.63571, 1.64887
1.65370, 1.66807, 1.63633, 1.63798
1.63798, 1.64699, 1.63727, 1.64236
1.64233, 1.64656, 1.63956, 1.64520
1.64520, 1.65014, 1.63967, 1.64308
1.64306, 1.64741, 1.63084, 1.63130
1.63338, 1.63521, 1.62979, 1.63279
1.63265, 1.63512, 1.62199, 1.62296
1.62280, 1.62470, 1.61768, 1.62336
1.62298, 1.62416, 1.61574, 1.61915
1.61903, 1.62039, 1.60921, 1.60921
1.61111, 1.61208, 1.60486, 1.60926
1.60927, 1.61189, 1.60759, 1.60944
1.60937, 1.61287, 1.60121, 1.60421
1.60417, 1.61280, 1.59055, 1.61145
1.61134, 1.61673, 1.60686, 1.60925
1.61368, 1.61387, 1.60166, 1.60269
1.60269, 1.61383, 1.60156, 1.61242
1.61242, 1.61827, 1.61170, 1.61484
1.61482, 1.63016, 1.61340, 1.62501
1.62494, 1.62975, 1.62229, 1.62888
1.62614, 1.62853, 1.62002, 1.62314
1.62314, 1.62409, 1.61543, 1.62077
1.62066, 1.62835, 1.61675, 1.62123
1.62118, 1.62368, 1.61443, 1.61828
1.61828, 1.62198, 1.61318, 1.61721
1.61811, 1.62149, 1.61190, 1.61466
1.61464, 1.63392, 1.60742, 1.63049
1.63043, 1.63681, 1.62777, 1.63389
1.63463, 1.63497, 1.62626, 1.62636
1.62632, 1.62829, 1.62082, 1.62232
1.62508, 1.63170, 1.62250, 1.62938
1.62923, 1.63132, 1.62525, 1.62842
1.62818, 1.63242, 1.62572, 1.63140
1.63129, 1.63698, 1.62620, 1.62759
1.62750, 1.62975, 1.62032, 1.62423
1.62468, 1.63513, 1.62186, 1.62692
1.62737, 1.63442, 1.62453, 1.63268
1.63276, 1.64327, 1.63224, 1.63799
1.63808, 1.63991, 1.62597, 1.62978
1.62946, 1.63063, 1.62606, 1.62891
1.62872, 1.63015, 1.62195, 1.62340
1.62319, 1.62500, 1.62061, 1.62229
1.62264, 1.62705, 1.62161, 1.62384
1.62377, 1.63099, 1.62359, 1.62871
1.62833, 1.63040, 1.62118, 1.62429
1.62371, 1.62720, 1.62152, 1.62310
1.62305, 1.62350, 1.61669, 1.61923
1.61916, 1.62181, 1.61492, 1.61618
1.61612, 1.62079, 1.61126, 1.61799
1.61791, 1.61966, 1.61326, 1.61494
1.61493, 1.61781, 1.61220, 1.61611
1.61623, 1.61805, 1.60428, 1.60643
1.60591, 1.61092, 1.60448, 1.60733
1.60745, 1.61166, 1.59756, 1.60162
1.60164, 1.60957, 1.59960, 1.60627
1.60682, 1.61175, 1.60619, 1.61057
1.61020, 1.61393, 1.60811, 1.60916
1.60873, 1.61447, 1.60546, 1.60968
1.60939, 1.62611, 1.60897, 1.62399
1.62353, 1.62639, 1.61962, 1.61995
1.62078, 1.62700, 1.62067, 1.62630
1.62486, 1.63073, 1.62092, 1.62216
1.62184, 1.63042, 1.62165, 1.62785
1.62761, 1.63234, 1.62703, 1.62915
1.62906, 1.63153, 1.62287, 1.62366
1.62217, 1.62668, 1.62120, 1.62469
1.62366, 1.62733, 1.62154, 1.62380
1.62350, 1.62598, 1.62121, 1.62344
1.62293, 1.62875, 1.62250, 1.62634
1.62522, 1.63144, 1.62240, 1.62797
1.62840, 1.62939, 1.62145, 1.62467
1.62421, 1.62531, 1.61479, 1.61801
1.61754, 1.62610, 1.61568, 1.61723
1.61714, 1.62674, 1.61676, 1.62531
1.62437, 1.62574, 1.61481, 1.61626
1.61845, 1.62367, 1.61707, 1.62075
1.62080, 1.62918, 1.61912, 1.62865
1.62751, 1.62986, 1.61545, 1.61816
1.61761, 1.62108, 1.60940, 1.61183
1.61174, 1.62344, 1.60942, 1.61631
1.61587, 1.62214, 1.61483, 1.61838
1.61840, 1.63144, 1.61808, 1.62713
1.62658, 1.62864, 1.62002, 1.62178
1.62113, 1.62296, 1.61461, 1.61478
1.61433, 1.61602, 1.60327, 1.60426
1.60656, 1.60739, 1.59872, 1.60196
1.60152, 1.60401, 1.59973, 1.60110
1.60028, 1.60224, 1.59716, 1.59729
1.59699, 1.60353, 1.59698, 1.59949
1.59974, 1.60355, 1.59824, 1.60121
1.60032, 1.60156, 1.59634, 1.59834
1.60125, 1.60230, 1.59743, 1.59814
1.59669, 1.60661, 1.59669, 1.60637
1.60763, 1.61514, 1.60483, 1.61303
1.61300, 1.62703, 1.61240, 1.62280
1.62277, 1.62934, 1.61614, 1.61694
1.61665, 1.62169, 1.61546, 1.61930
1.61872, 1.62128, 1.60900, 1.61160
1.61107, 1.61344, 1.60811, 1.61280
1.61203, 1.61691, 1.60866, 1.61167
1.61129, 1.61987, 1.61129, 1.61436
1.61452, 1.61644, 1.61017, 1.61462
1.61334, 1.61759, 1.61023, 1.61309
1.61298, 1.61624, 1.61145, 1.61370
1.61351, 1.62107, 1.61229, 1.61893
1.61858, 1.62303, 1.61702, 1.62098
1.62032, 1.62228, 1.61087, 1.61492
1.61399, 1.61793, 1.61068, 1.61494
1.61864, 1.63144, 1.61711, 1.63005
1.62919, 1.63561, 1.62813, 1.62979
1.62872, 1.63330, 1.62501, 1.63036
1.62965, 1.64686, 1.62965, 1.64090
1.64082, 1.65918, 1.63932, 1.65896
1.65815, 1.65903, 1.64687, 1.65278
1.65239, 1.65603, 1.63821, 1.63881
1.63814, 1.64228, 1.62609, 1.63039
1.62960, 1.63240, 1.62563, 1.63142
1.63119, 1.64481, 1.62993, 1.63984
1.64001, 1.64238, 1.63199, 1.63216
1.63168, 1.63270, 1.62128, 1.62596
1.62494, 1.62664, 1.61295, 1.61363
1.61356, 1.62122, 1.60860, 1.61318
1.61280, 1.61657, 1.60969, 1.61314
1.61195, 1.61427, 1.60990, 1.61386
1.61332, 1.62289, 1.61306, 1.61367
1.61345, 1.61916, 1.61110, 1.61823
1.61838, 1.63317, 1.61458, 1.63064
1.62924, 1.64069, 1.62886, 1.63668
1.64101, 1.64450, 1.63677, 1.64324
1.64262, 1.65030, 1.63899, 1.64838
1.64682, 1.66271, 1.64447, 1.66216
1.66221, 1.67439, 1.66119, 1.67438
1.67421, 1.70688, 1.67038, 1.69480
1.70421, 1.71256, 1.68765, 1.70151
1.70236, 1.71022, 1.68293, 1.69650
1.69671, 1.69973, 1.67745, 1.68031
1.68024, 1.70182, 1.67780, 1.69880
1.69877, 1.71085, 1.69297, 1.69876
1.71946, 1.82060, 1.70876, 1.73747
1.73576, 1.75337, 1.72320, 1.73836
1.73612, 1.74807, 1.72861, 1.73493
1.73485, 1.79828, 1.73461, 1.76844
1.77502, 1.81079, 1.76379, 1.79633
1.78919, 1.83347, 1.78125, 1.82998
1.82976, 1.84253, 1.81490, 1.82999
1.82970, 1.89502, 1.82767, 1.88539
1.88719, 1.97992, 1.80257, 1.85713
1.85787, 1.88230, 1.80086, 1.84228
1.84125, 1.87481, 1.83717, 1.84081
1.84300, 1.84669, 1.80174, 1.80529
1.81025, 1.82831, 1.78339, 1.82649
1.82623, 1.85720, 1.81206, 1.82437
1.82487, 1.82859, 1.79417, 1.80642
1.80659, 1.81661, 1.78537, 1.78984
1.78877, 1.80921, 1.77325, 1.79641
1.79624, 1.81245, 1.76703, 1.80510
1.80698, 1.80745, 1.78788, 1.79027
1.79191, 1.80588, 1.78465, 1.80345
1.79748, 1.80403, 1.76801, 1.77268
1.77144, 1.77551, 1.75501, 1.76455
1.76505, 1.77577, 1.74077, 1.74158
1.74281, 1.75050, 1.72048, 1.72467
1.72316, 1.72986, 1.71770, 1.72096
1.72312, 1.72826, 1.70333, 1.70863
1.70663, 1.71635, 1.70028, 1.70451
1.70495, 1.73146, 1.70407, 1.72616
1.72613, 1.73507, 1.71475, 1.71504
1.71360, 1.71635, 1.70157, 1.70871
1.70653, 1.71489, 1.70168, 1.71410
1.71316, 1.73214, 1.71149, 1.72767
1.72807, 1.72904, 1.70889, 1.71158
1.71064, 1.71979, 1.68853, 1.69185
1.69089, 1.69786, 1.68723, 1.69185
1.69446, 1.69500, 1.67460, 1.67565
1.67442, 1.68224, 1.66409, 1.66615
1.66607, 1.66806, 1.65789, 1.65965
1.65778, 1.68323, 1.65391, 1.68299
1.68223, 1.71405, 1.68128, 1.70993
1.71156, 1.71962, 1.69428, 1.69638
1.69581, 1.69853, 1.67828, 1.68405
1.68353, 1.68802, 1.67633, 1.68583
1.68496, 1.69246, 1.66121, 1.66791
1.66750, 1.66875, 1.65720, 1.65958
1.65796, 1.67428, 1.65329, 1.66602
1.66449, 1.67731, 1.66071, 1.67657
1.67512, 1.68140, 1.66685, 1.67559
1.67518, 1.68389, 1.67020, 1.67206
1.67144, 1.68927, 1.66933, 1.68615
1.68307, 1.68675, 1.66910, 1.67346
1.67166, 1.67717, 1.66273, 1.67104
1.67035, 1.67616, 1.66150, 1.66330
1.66414, 1.67345, 1.66325, 1.66696
1.66729, 1.67637, 1.66629, 1.66797
1.66664, 1.67024, 1.66358, 1.66427
1.66446, 1.66675, 1.64690, 1.65032
1.64990, 1.67168, 1.64535, 1.66173
1.66080, 1.67062, 1.65858, 1.66898
1.66816, 1.67720, 1.66330, 1.66560
1.66801, 1.67067, 1.63621, 1.63776
1.63646, 1.64167, 1.61890, 1.61907
1.62012, 1.63164, 1.60329, 1.62265
1.62268, 1.63659, 1.62062, 1.63243
1.63273, 1.63567, 1.61673, 1.62019
1.62119, 1.62257, 1.60745, 1.60864
1.60776, 1.63268, 1.60656, 1.62811
1.62845, 1.63490, 1.61566, 1.62532
1.62553, 1.65596, 1.62372, 1.64854
1.64891, 1.65862, 1.63799, 1.63835
1.64112, 1.65718, 1.63441, 1.63577
1.63599, 1.64298, 1.62462, 1.63432
1.63469, 1.64245, 1.62206, 1.63303
1.63320, 1.64211, 1.63063, 1.63508
1.63499, 1.63716, 1.62576, 1.63479
1.64031, 1.64060, 1.62646, 1.62998
1.62899, 1.63809, 1.62427, 1.63168
1.63213, 1.64148, 1.62635, 1.63726
1.63698, 1.64146, 1.62840, 1.62851
1.62781, 1.63704, 1.62727, 1.63476
1.63482, 1.64445, 1.63254, 1.63658
1.63601, 1.64032, 1.62627, 1.62665
1.62685, 1.62996, 1.62090, 1.62686
1.62635, 1.63049, 1.62188, 1.62250
1.62251, 1.62483, 1.61716, 1.61913
1.62136, 1.62520, 1.61762, 1.62152
1.62084, 1.62798, 1.61730, 1.62306
1.62170, 1.62800, 1.62108, 1.62239
1.62165, 1.62712, 1.61977, 1.62015
1.61967, 1.62908, 1.61947, 1.62571
1.62479, 1.63450, 1.62222, 1.63422
1.63342, 1.63996, 1.63139, 1.63387
1.63458, 1.63459, 1.62544, 1.62844
1.62765, 1.63486, 1.62609, 1.63239
1.63263, 1.63866, 1.62863, 1.63278
1.63164, 1.64052, 1.62948, 1.63129
1.63080, 1.63238, 1.61150, 1.61745
1.61715, 1.62334, 1.61009, 1.61979
1.61816, 1.63454, 1.61816, 1.63383
1.63272, 1.64332, 1.63003, 1.63976
1.64123, 1.64970, 1.63843, 1.64339
1.64327, 1.64653, 1.63577, 1.63684
1.63586, 1.64402, 1.63389, 1.64073
1.63970, 1.65457, 1.63847, 1.64638
1.64636, 1.65279, 1.64515, 1.64783
1.65043, 1.65579, 1.64685, 1.65122
1.65098, 1.65382, 1.64333, 1.64720
1.64698, 1.65019, 1.64062, 1.64958
1.64784, 1.65193, 1.63887, 1.64112
1.64027, 1.64779, 1.63839, 1.64580
1.64518, 1.64752, 1.63978, 1.64146
1.64104, 1.64470, 1.63517, 1.64317
1.64277, 1.65163, 1.64180, 1.64537
1.64469, 1.65351, 1.64331, 1.65239
1.65159, 1.65494, 1.64910, 1.65065
1.65163, 1.65259, 1.64360, 1.64540
1.64419, 1.65290, 1.64361, 1.64722
1.64758, 1.64954, 1.64136, 1.64774
1.64726, 1.65496, 1.64679, 1.64844
1.64844, 1.65043, 1.64121, 1.64725
1.64770, 1.64859, 1.64369, 1.64558
1.64541, 1.65189, 1.64337, 1.64483
1.64398, 1.64542, 1.63365, 1.63471
1.63552, 1.63622, 1.62730, 1.62863
1.62739, 1.62965, 1.61584, 1.61594
1.61653, 1.62226, 1.61489, 1.61776
1.61707, 1.62457, 1.61513, 1.61519
1.61562, 1.62119, 1.61397, 1.61557
1.61504, 1.63100, 1.61360, 1.62940
1.62846, 1.63261, 1.62282, 1.62484
1.62499, 1.62721, 1.62241, 1.62313
1.62257, 1.63362, 1.61748, 1.63211
1.63108, 1.63515, 1.62026, 1.62053
1.62010, 1.63122, 1.61981, 1.62762
1.62681, 1.62958, 1.62323, 1.62639
1.62551, 1.63342, 1.62399, 1.62742
1.62623, 1.63256, 1.61733, 1.62212
1.62075, 1.62337, 1.61225, 1.61737
1.61694, 1.62339, 1.61167, 1.62048
1.61997, 1.62503, 1.61690, 1.62427
1.62160, 1.63117, 1.61920, 1.62942
1.62877, 1.63619, 1.62549, 1.63315
1.63176, 1.64931, 1.63127, 1.64860
1.64808, 1.65917, 1.64506, 1.65568
1.65464, 1.65775, 1.64761, 1.65379
1.65212, 1.65459, 1.64718, 1.64928
1.64886, 1.64959, 1.64009, 1.64647
1.64537, 1.65127, 1.63289, 1.63597
1.63668, 1.63760, 1.63144, 1.63483
1.63416, 1.64217, 1.63272, 1.63523
1.63390, 1.64183, 1.63062, 1.64076
1.64045, 1.65237, 1.63619, 1.65198
1.64962, 1.65307, 1.64571, 1.64761
1.64650, 1.65080, 1.63908, 1.64034
1.63988, 1.64208, 1.63259, 1.63341
1.63396, 1.63874, 1.63294, 1.63808
1.63769, 1.64578, 1.63586, 1.64007
1.63927, 1.64188, 1.63357, 1.63998
1.63950, 1.65667, 1.63808, 1.64986
1.64962, 1.65829, 1.64905, 1.65531
1.65471, 1.66699, 1.64837, 1.66501
1.66369, 1.68260, 1.66297, 1.67735
1.67566, 1.67813, 1.66382, 1.66616
1.66517, 1.67111, 1.65945, 1.66040
1.65919, 1.66643, 1.65523, 1.66132
1.66055, 1.66590, 1.65324, 1.65855
1.65781, 1.66048, 1.65385, 1.65412
1.65393, 1.66845, 1.64591, 1.66606
1.66628, 1.66853, 1.65798, 1.66056
1.66019, 1.66402, 1.65277, 1.65689
1.65747, 1.66393, 1.64853, 1.64916
1.64860, 1.65739, 1.63352, 1.63531
1.63554, 1.65035, 1.62855, 1.63227
1.63202, 1.63913, 1.62288, 1.62331
1.62281, 1.63726, 1.62281, 1.63483
1.63254, 1.63492, 1.62052, 1.62238
1.62178, 1.62819, 1.61870, 1.62176
1.62208, 1.62422, 1.61433, 1.61802
1.61725, 1.63343, 1.61573, 1.63238
1.63099, 1.63425, 1.62638, 1.62741
1.62888, 1.62906, 1.61580, 1.61917
1.61858, 1.62796, 1.61755, 1.62423
1.62460, 1.63039, 1.61871, 1.62237
1.62185, 1.63075, 1.62148, 1.63004
1.62955, 1.63325, 1.62040, 1.62285
1.62227, 1.62679, 1.61903, 1.62457
1.62386, 1.62498, 1.61210, 1.61504
1.61495, 1.62436, 1.61391, 1.61731
1.61791, 1.62117, 1.61537, 1.61795
1.61802, 1.61987, 1.61442, 1.61844
1.61861, 1.62775, 1.61618, 1.62401
1.62356, 1.63846, 1.62140, 1.63700
1.63697, 1.64187, 1.63190, 1.63397
1.63296, 1.63703, 1.62987, 1.63222
1.63183, 1.64095, 1.63022, 1.63184
1.63026, 1.63989, 1.62805, 1.63186
1.63093, 1.63644, 1.63025, 1.63334
1.63290, 1.63468, 1.61769, 1.62345
1.62238, 1.62611, 1.60894, 1.61044
1.61051, 1.61404, 1.60394, 1.60706
1.60579, 1.61278, 1.60439, 1.61215
1.61173, 1.61793, 1.60648, 1.60830
1.60727, 1.61441, 1.60607, 1.60980
1.60958, 1.61202, 1.60051, 1.60847
1.60793, 1.61445, 1.60578, 1.60640
1.61030, 1.62554, 1.60756, 1.61339
1.61261, 1.62304, 1.61191, 1.61609
1.61646, 1.61765, 1.60616, 1.60747
1.60873, 1.61007, 1.60268, 1.60308
1.60201, 1.61520, 1.60201, 1.61096
1.61025, 1.61328, 1.60628, 1.60979
1.60778, 1.61118, 1.59823, 1.60012
1.59950, 1.60077, 1.58271, 1.58757
1.58762, 1.60285, 1.58610, 1.59777
1.59696, 1.59873, 1.58147, 1.58428
1.58379, 1.58784, 1.57687, 1.57907
1.57816, 1.58636, 1.57816, 1.57948
1.57863, 1.58130, 1.57231, 1.57332
1.57410, 1.58305, 1.57305, 1.57865
1.57788, 1.57917, 1.56927, 1.57005
1.57001, 1.57459, 1.56834, 1.57169
1.57222, 1.57222, 1.55920, 1.56221
1.56131, 1.57323, 1.56085, 1.56709
1.56624, 1.57496, 1.56606, 1.57209
1.57168, 1.57687, 1.56704, 1.57526
1.57459, 1.57635, 1.56005, 1.56260
1.56139, 1.56833, 1.55958, 1.56704
1.56629, 1.58035, 1.56498, 1.57730
1.57598, 1.57840, 1.57064, 1.57410
1.57320, 1.57937, 1.56894, 1.56954
1.56870, 1.58248, 1.56724, 1.58042
1.57911, 1.59461, 1.57607, 1.57854
1.57786, 1.58913, 1.57691, 1.58762
1.59016, 1.59342, 1.57868, 1.58183
1.58187, 1.58956, 1.57688, 1.58249
1.58216, 1.58364, 1.57639, 1.57901
1.57915, 1.57960, 1.57046, 1.57389
1.57395, 1.57624, 1.56848, 1.56892
1.56904, 1.57163, 1.56160, 1.56406
1.56353, 1.56873, 1.56216, 1.56609
1.56625, 1.57037, 1.56483, 1.56938
1.56870, 1.57067, 1.56241, 1.56454
1.56209, 1.56819, 1.56095, 1.56116
1.56114, 1.56208, 1.55749, 1.55834
1.55841, 1.56309, 1.55585, 1.56050
1.55953, 1.56351, 1.55293, 1.55338
1.55214, 1.56042, 1.55036, 1.55614
1.55570, 1.55749, 1.53872, 1.53872
1.53885, 1.54094, 1.53425, 1.53550
1.53558, 1.54012, 1.53416, 1.53531
1.53468, 1.53741, 1.52611, 1.52683
1.52596, 1.54772, 1.52514, 1.54636
1.54531, 1.56904, 1.54439, 1.56604
1.56431, 1.56625, 1.54772, 1.54985
1.54933, 1.55348, 1.54084, 1.54537
1.54505, 1.55135, 1.54207, 1.55120
1.55054, 1.55399, 1.54212, 1.55060
1.54856, 1.56091, 1.54736, 1.54988
1.54840, 1.55388, 1.54425, 1.54906
1.54864, 1.55285, 1.54061, 1.54103
1.54215, 1.54768, 1.53896, 1.54161
1.54135, 1.54298, 1.53524, 1.53920
1.53777, 1.54228, 1.53663, 1.53962
1.53987, 1.54563, 1.53685, 1.53808
1.53816, 1.54720, 1.53438, 1.53680
1.53661, 1.54609, 1.53380, 1.53609
1.53611, 1.53637, 1.52694, 1.53539
1.53538, 1.54100, 1.53345, 1.53679
1.53857, 1.54180, 1.53718, 1.54073
1.54058, 1.55459, 1.54016, 1.55231
1.55236, 1.56067, 1.55084, 1.55702
1.55709, 1.55777, 1.55068, 1.55176
1.55193, 1.55259, 1.54309, 1.54318
1.54333, 1.54623, 1.53866, 1.54133
1.54018, 1.54445, 1.53565, 1.54228
1.54215, 1.54479, 1.53794, 1.54422
1.54306, 1.55521, 1.54242, 1.54596
1.54539, 1.54812, 1.54188, 1.54364
1.54486, 1.54610, 1.54024, 1.54353
1.54309, 1.55258, 1.54239, 1.54927
1.54822, 1.56101, 1.54701, 1.55904
1.55787, 1.56008, 1.55273, 1.55657
1.55711, 1.56614, 1.55509, 1.56182
1.56029, 1.56510, 1.55891, 1.56243
1.56161, 1.56737, 1.56070, 1.56293
1.56288, 1.56550, 1.54856, 1.55107
1.54998, 1.55336, 1.54279, 1.54362
1.54347, 1.54986, 1.54250, 1.54890
1.54814, 1.55276, 1.54477, 1.55121
1.55103, 1.55980, 1.54407, 1.55792
1.55678, 1.56072, 1.55022, 1.55247
1.55106, 1.56032, 1.55040, 1.55879
1.55835, 1.56111, 1.55418, 1.56087
1.56106, 1.56147, 1.54587, 1.54962
1.54951, 1.55675, 1.54765, 1.55624
1.55600, 1.56323, 1.55414, 1.55564
1.55585, 1.56245, 1.55363, 1.56077
1.55988, 1.56144, 1.55557, 1.55866
1.55740, 1.56087, 1.55317, 1.55368
1.55382, 1.56409, 1.55262, 1.55774
1.55846, 1.55846, 1.54802, 1.54937
1.54871, 1.55739, 1.54780, 1.54936
1.54952, 1.55514, 1.54665, 1.55045
1.54785, 1.55032, 1.54186, 1.54918
1.54750, 1.55428, 1.54712, 1.54936
1.54727, 1.56412, 1.54727, 1.56228
1.56175, 1.56881, 1.55656, 1.56266
1.56209, 1.56681, 1.55923, 1.56016
1.56011, 1.57017, 1.55901, 1.56393
1.56412, 1.56896, 1.56043, 1.56879
1.56788, 1.57930, 1.56475, 1.57582
1.57415, 1.57697, 1.56960, 1.57264
1.57219, 1.57967, 1.56815, 1.57539
1.57441, 1.58198, 1.57414, 1.57546
1.57509, 1.58127, 1.57353, 1.57964
1.57957, 1.58070, 1.57224, 1.57500
1.57357, 1.57738, 1.57213, 1.57486
1.57309, 1.58302, 1.57254, 1.58105
1.58104, 1.58214, 1.57487, 1.57999
1.58026, 1.58129, 1.57459, 1.57529
1.57499, 1.57988, 1.57250, 1.57485
1.57408, 1.58499, 1.57408, 1.58302
1.58349, 1.58419, 1.57053, 1.57101
1.57111, 1.57312, 1.56658, 1.57152
1.57058, 1.57547, 1.56983, 1.57324
1.57157, 1.57711, 1.57110, 1.57487
1.57509, 1.57653, 1.56919, 1.57050
1.56926, 1.57315, 1.56581, 1.57151
1.57064, 1.57263, 1.56862, 1.57119
1.57069, 1.57914, 1.57048, 1.57726
1.57680, 1.57877, 1.57103, 1.57639
1.57535, 1.57889, 1.56891, 1.57651
1.57652, 1.58550, 1.57498, 1.58527
1.58369, 1.58656, 1.57806, 1.57972
1.57957, 1.58711, 1.57931, 1.58021
1.58012, 1.58181, 1.57382, 1.57407
1.57341, 1.57672, 1.57230, 1.57357
1.57255, 1.57418, 1.57073, 1.57181
1.57285, 1.57703, 1.56889, 1.57579
1.57535, 1.58437, 1.57470, 1.58382
1.58288, 1.58595, 1.57867, 1.58122
1.58090, 1.58777, 1.57991, 1.58580
1.58575, 1.58755, 1.57562, 1.57621
1.57557, 1.57845, 1.57410, 1.57468
1.57426, 1.57855, 1.56146, 1.57708
1.57624, 1.57953, 1.57020, 1.57558
1.57434, 1.59768, 1.57167, 1.59374
1.59320, 1.59738, 1.58399, 1.58465
1.58556, 1.59113, 1.58268, 1.58514
1.58461, 1.58847, 1.58005, 1.58118
1.58049, 1.58448, 1.57743, 1.58140
1.58052, 1.59253, 1.58052, 1.59132
1.59022, 1.59682, 1.58725, 1.59602
1.59392, 1.61207, 1.59117, 1.60622
1.60630, 1.61126, 1.60398, 1.60705
1.60649, 1.61289, 1.60241, 1.60257
1.60211, 1.60531, 1.59304, 1.59436
1.59309, 1.59961, 1.58928, 1.59806
1.59533, 1.60584, 1.59533, 1.59915
1.59863, 1.60851, 1.59742, 1.60544
1.60476, 1.60991, 1.60163, 1.60586
1.60572, 1.61012, 1.60221, 1.60718
1.60715, 1.61754, 1.60592, 1.61562
1.61623, 1.61830, 1.60946, 1.61221
1.61159, 1.61308, 1.60335, 1.60440
1.60417, 1.60581, 1.59661, 1.60338
1.60342, 1.60391, 1.59626, 1.59817
1.59796, 1.60163, 1.59520, 1.59903
1.59686, 1.60224, 1.59624, 1.60101
1.60075, 1.60362, 1.59295, 1.59491
1.59462, 1.59921, 1.58994, 1.59213
1.59193, 1.59981, 1.59089, 1.59913
1.59892, 1.60131, 1.59422, 1.60037
1.59944, 1.60849, 1.59910, 1.60509
1.60496, 1.61655, 1.60361, 1.61401
1.61391, 1.61894, 1.61168, 1.61812
1.61823, 1.63554, 1.61572, 1.63332
1.63330, 1.64351, 1.63181, 1.63832
1.63761, 1.64072, 1.62705, 1.62816
1.62823, 1.63009, 1.61723, 1.61963
1.61944, 1.62193, 1.61659, 1.61778
1.61774, 1.62419, 1.61641, 1.62353
1.62349, 1.62640, 1.61211, 1.61325
1.61334, 1.61890, 1.61215, 1.61674
1.61669, 1.61941, 1.61125, 1.61420
1.61411, 1.61473, 1.60540, 1.60677
1.60655, 1.60914, 1.60059, 1.60402
1.60383, 1.60627, 1.59208, 1.59408
1.59134, 1.59789, 1.59029, 1.59504
1.59501, 1.60514, 1.59076, 1.60264
1.60244, 1.60846, 1.59948, 1.60392
1.60390, 1.60780, 1.59761, 1.60407
1.60412, 1.60687, 1.59730, 1.60589
1.60385, 1.60704, 1.59920, 1.60205
1.60204, 1.61392, 1.60093, 1.61218
1.61206, 1.61657, 1.61021, 1.61097
1.61086, 1.61696, 1.60605, 1.61333
1.61314, 1.61499, 1.60886, 1.61372
1.61397, 1.62129, 1.61297, 1.61682
1.61667, 1.62331, 1.61107, 1.62062
1.62061, 1.62261, 1.60989, 1.61480
1.61450, 1.61950, 1.60580, 1.60869
1.60864, 1.61750, 1.60526, 1.61390
1.61486, 1.61486, 1.60375, 1.60491
1.60469, 1.61616, 1.60009, 1.61313
1.61317, 1.61813, 1.60660, 1.61588
1.61574, 1.61637, 1.59777, 1.60200
1.60173, 1.61027, 1.59387, 1.59619
1.59555, 1.60089, 1.59305, 1.59386
1.59379, 1.59918, 1.58898, 1.59064
1.59066, 1.59932, 1.58806, 1.58867
1.58859, 1.58887, 1.57843, 1.57989
1.57983, 1.58497, 1.57789, 1.58334
1.58204, 1.58569, 1.56957, 1.57243
1.57232, 1.57552, 1.56441, 1.56811
1.56806, 1.57535, 1.56767, 1.57109
1.57096, 1.57210, 1.56102, 1.56362
1.56356, 1.56594, 1.56085, 1.56296
1.56268, 1.57175, 1.56003, 1.56633
1.56624, 1.56727, 1.55445, 1.55602
1.55595, 1.55796, 1.54892, 1.54993
1.54962, 1.55867, 1.54572, 1.55672
1.55654, 1.55988, 1.54954, 1.55902
1.55779, 1.55936, 1.54838, 1.54967
1.54952, 1.55064, 1.54292, 1.54570
1.54537, 1.54835, 1.53964, 1.54292
1.54293, 1.54993, 1.53944, 1.54855
1.54843, 1.55250, 1.53567, 1.53709
1.53837, 1.54398, 1.53555, 1.54216
1.54234, 1.56011, 1.53965, 1.55726
1.55763, 1.56204, 1.55442, 1.55819
1.55828, 1.56234, 1.55331, 1.56065
1.56065, 1.56659, 1.55772, 1.56218
1.56292, 1.56472, 1.55787, 1.56054
1.56039, 1.57293, 1.55958, 1.57100
1.57088, 1.57443, 1.56374, 1.56639
1.56634, 1.57349, 1.56465, 1.57028
1.57017, 1.57177, 1.55991, 1.56020
1.56169, 1.56242, 1.54627, 1.54722
1.54721, 1.55166, 1.54476, 1.55007
1.55009, 1.55851, 1.54850, 1.55813
1.55801, 1.56475, 1.55267, 1.56288
1.56260, 1.56293, 1.55591, 1.55854
1.55942, 1.56072, 1.54900, 1.55526
1.55501, 1.56270, 1.55326, 1.55652
1.55636, 1.56101, 1.55208, 1.55645
1.55620, 1.56296, 1.55491, 1.55850
1.55844, 1.59078, 1.55649, 1.58593
1.58384, 1.58885, 1.57510, 1.58075
1.58047, 1.59695, 1.57871, 1.59054
1.59035, 1.59443, 1.57988, 1.59284
1.59253, 1.60052, 1.59090, 1.59311
1.59307, 1.61696, 1.59120, 1.61507
1.61311, 1.61537, 1.59889, 1.60009
1.59964, 1.60258, 1.57884, 1.58259
1.58188, 1.58615, 1.57914, 1.58112
1.58059, 1.58524, 1.57677, 1.57992
1.57957, 1.58253, 1.57163, 1.57716
1.57885, 1.58695, 1.57353, 1.58174
1.58121, 1.59063, 1.57992, 1.58403
1.58409, 1.58559, 1.57320, 1.57416
1.57397, 1.57957, 1.56563, 1.57710
1.57693, 1.58376, 1.57523, 1.57640
1.57538, 1.58993, 1.57513, 1.58587
1.58564, 1.58821, 1.57554, 1.57689
1.57636, 1.58291, 1.56841, 1.56997
1.56978, 1.57557, 1.56107, 1.56379
1.56375, 1.56742, 1.56359, 1.56653
1.56366, 1.56947, 1.56266, 1.56406
1.56397, 1.56606, 1.55924, 1.56412
1.56394, 1.56695, 1.55928, 1.56521
1.56475, 1.56561, 1.55651, 1.56174
1.56113, 1.56740, 1.55601, 1.56465
1.56512, 1.57289, 1.56068, 1.57093
1.57062, 1.57184, 1.55752, 1.55868
1.55853, 1.56721, 1.55725, 1.56624
1.56621, 1.58219, 1.56583, 1.57709
1.57683, 1.58530, 1.57392, 1.58139
1.58134, 1.58355, 1.57292, 1.57890
1.57860, 1.58226, 1.57570, 1.57661
1.57639, 1.57836, 1.56892, 1.57027
1.57017, 1.57421, 1.56811, 1.57321
1.57293, 1.58475, 1.57189, 1.58136
1.58065, 1.58542, 1.57925, 1.58159
1.58143, 1.58710, 1.57563, 1.57619
1.57599, 1.57859, 1.56685, 1.57264
1.57267, 1.57318, 1.55857, 1.56502
1.56497, 1.58140, 1.56358, 1.58015
1.58023, 1.59449, 1.57679, 1.58471
1.58472, 1.58633, 1.57542, 1.58019
1.57987, 1.58451, 1.57136, 1.57965
1.57944, 1.58809, 1.57413, 1.58396
1.58400, 1.59780, 1.58259, 1.59303
1.59288, 1.59507, 1.58133, 1.58919
1.58917, 1.59641, 1.58016, 1.58103
1.58098, 1.58676, 1.57771, 1.58388
1.58369, 1.60382, 1.58303, 1.60199
1.60175, 1.62241, 1.59987, 1.61755
1.61720, 1.61984, 1.60422, 1.60575
1.60560, 1.60680, 1.59727, 1.59738
1.59719, 1.59854, 1.58991, 1.59048
1.59032, 1.59856, 1.58386, 1.59426
1.59407, 1.60025, 1.58605, 1.58947
1.58981, 1.59589, 1.58355, 1.58617
1.58609, 1.59317, 1.58440, 1.58786
1.58787, 1.58871, 1.58004, 1.58030
1.58034, 1.58459, 1.57554, 1.58048
1.58037, 1.58262, 1.57324, 1.57706
1.57745, 1.57874, 1.57063, 1.57303
1.57290, 1.57511, 1.56770, 1.56890
1.56864, 1.56966, 1.55778, 1.56277
1.56270, 1.56778, 1.55531, 1.56244
1.56220, 1.56805, 1.55135, 1.55806
1.55022, 1.55837, 1.54320, 1.54409
1.54398, 1.54566, 1.53020, 1.53334
1.53318, 1.53404, 1.52244, 1.52436
1.52403, 1.52441, 1.50732, 1.50996
1.50982, 1.51037, 1.48011, 1.48180
1.48068, 1.48858, 1.45637, 1.48347
1.48320, 1.50491, 1.47898, 1.49896
1.49881, 1.51586, 1.49352, 1.51238
1.51235, 1.51518, 1.49109, 1.49285
1.49276, 1.50725, 1.49198, 1.49590
1.49710, 1.52430, 1.49557, 1.52124
1.52143, 1.53279, 1.51764, 1.52099
1.52111, 1.52591, 1.51256, 1.51292
1.51322, 1.51444, 1.50272, 1.50320
1.50331, 1.50477, 1.48913, 1.49048
1.49137, 1.49869, 1.48741, 1.48887
1.48884, 1.49060, 1.47575, 1.47696
1.47700, 1.48047, 1.46613, 1.46760
1.46764, 1.47122, 1.46085, 1.46339
1.46347, 1.46991, 1.45920, 1.46115
1.46268, 1.46963, 1.45344, 1.46603
1.46581, 1.48959, 1.46349, 1.47634
1.47629, 1.48780, 1.47410, 1.48551
1.48542, 1.49414, 1.47621, 1.47882
1.47866, 1.48136, 1.46884, 1.47309
1.47263, 1.47589, 1.45280, 1.45390
1.45399, 1.45590, 1.43194, 1.43915
1.43895, 1.45390, 1.43377, 1.45084
1.45058, 1.46138, 1.44873, 1.45454
1.45436, 1.46069, 1.44964, 1.45760
1.46163, 1.46840, 1.45907, 1.46682
1.46683, 1.46876, 1.44853, 1.45239
1.45218, 1.46432, 1.44918, 1.46101
1.46065, 1.46644, 1.45075, 1.46000
1.45981, 1.46164, 1.45750, 1.46123
1.46037, 1.46787, 1.45976, 1.46643
1.46617, 1.46758, 1.45925, 1.46256
1.46240, 1.46329, 1.45495, 1.45608
1.45583, 1.47273, 1.45498, 1.47000
1.46962, 1.49131, 1.46743, 1.49093
1.48987, 1.50537, 1.48778, 1.49140
1.49139, 1.49421, 1.48107, 1.49321
1.49307, 1.49392, 1.47700, 1.48150
1.48139, 1.48838, 1.47268, 1.47863
1.47834, 1.49406, 1.46844, 1.49351
1.49025, 1.49653, 1.48641, 1.48958
1.48938, 1.49145, 1.47192, 1.48293
1.48274, 1.48395, 1.45989, 1.46370
1.46340, 1.48511, 1.46129, 1.48164
1.48149, 1.49676, 1.47892, 1.49083
1.48978, 1.52034, 1.48961, 1.51947
1.51908, 1.52763, 1.51100, 1.51716
1.51708, 1.51914, 1.49830, 1.51455
1.51463, 1.52774, 1.50845, 1.51418
1.51379, 1.51379, 1.49923, 1.49934
1.49982, 1.51168, 1.49505, 1.49696
1.49679, 1.50579, 1.48865, 1.50075
1.50053, 1.50551, 1.49712, 1.50497
1.50455, 1.50774, 1.49482, 1.50135
1.50090, 1.50854, 1.49433, 1.49819
1.49719, 1.50569, 1.48833, 1.50359
1.50343, 1.51975, 1.50255, 1.51019
1.50982, 1.51402, 1.50217, 1.50665
1.50618, 1.51640, 1.50467, 1.51108
1.51090, 1.51381, 1.49593, 1.49876
1.49867, 1.50089, 1.49570, 1.49752
1.49744, 1.49910, 1.48742, 1.49523
1.49511, 1.49587, 1.48118, 1.48371
1.48358, 1.49165, 1.47818, 1.47902
1.47841, 1.48778, 1.47750, 1.48648
1.48396, 1.49142, 1.48178, 1.48603
1.48607, 1.49040, 1.47574, 1.47998
1.47974, 1.49210, 1.47811, 1.48991
1.48956, 1.50402, 1.48776, 1.49612
1.49597, 1.49790, 1.48266, 1.49349
1.49334, 1.50542, 1.48965, 1.50263
1.50251, 1.51833, 1.49675, 1.51564
1.51537, 1.51885, 1.48769, 1.49129
1.49111, 1.50856, 1.48621, 1.49709
1.49666, 1.51582, 1.49526, 1.51276
1.51280, 1.51502, 1.50471, 1.51162
1.51130, 1.52090, 1.50767, 1.51064
1.51056, 1.52788, 1.51028, 1.52565
1.52553, 1.53434, 1.51985, 1.52592
1.52541, 1.52779, 1.51663, 1.51989
1.51936, 1.52989, 1.51840, 1.52848
1.52810, 1.52926, 1.51596, 1.52321
1.52304, 1.53158, 1.51642, 1.51760
1.51747, 1.52261, 1.50604, 1.51819
1.51815, 1.53965, 1.51711, 1.52943
1.52780, 1.53515, 1.51672, 1.51766
1.51738, 1.52436, 1.50904, 1.50965
1.50939, 1.51128, 1.49279, 1.50167
1.50152, 1.50435, 1.48378, 1.48507
1.48518, 1.49016, 1.48038, 1.48559
1.48456, 1.49783, 1.48277, 1.49063
1.49050, 1.49393, 1.48377, 1.48484
1.48473, 1.49138, 1.47864, 1.48810
1.48801, 1.49407, 1.47615, 1.48455
1.48413, 1.49224, 1.48177, 1.48445
1.48463, 1.49050, 1.48113, 1.48894
1.48872, 1.49026, 1.48020, 1.48200
1.48202, 1.48485, 1.47490, 1.47775
1.47755, 1.49080, 1.47422, 1.47441
1.47443, 1.47676, 1.46508, 1.47410
1.47337, 1.48024, 1.46755, 1.46900
1.46881, 1.47160, 1.45554, 1.45823
1.45802, 1.46672, 1.45685, 1.45805
1.45751, 1.46173, 1.45094, 1.45813
1.45742, 1.46840, 1.45530, 1.46197
1.46081, 1.46611, 1.45280, 1.45982
1.45988, 1.48048, 1.45794, 1.46919
1.46912, 1.47409, 1.46142, 1.46291
1.46258, 1.47035, 1.45607, 1.47022
1.46981, 1.47727, 1.46706, 1.47252
1.47111, 1.47389, 1.45724, 1.45972
1.45957, 1.46891, 1.45791, 1.46658
1.46628, 1.47043, 1.45199, 1.45456
1.45399, 1.45677, 1.45034, 1.45246
1.45224, 1.45386, 1.43935, 1.43983
1.44071, 1.45431, 1.43929, 1.44621
1.44612, 1.45309, 1.44322, 1.44731
1.44724, 1.47054, 1.44606, 1.46720
1.46707, 1.47137, 1.45737, 1.45877
1.45794, 1.46331, 1.45602, 1.46031
1.45952, 1.46088, 1.44395, 1.44511
1.44502, 1.44695, 1.43604, 1.43842
1.43843, 1.44643, 1.43579, 1.44254
1.44209, 1.44355, 1.42832, 1.42870
1.42867, 1.44657, 1.42840, 1.44582
1.44680, 1.45567, 1.44416, 1.44848
1.44821, 1.46303, 1.44175, 1.46129
1.46107, 1.46952, 1.45168, 1.46884
1.46872, 1.47398, 1.45870, 1.46493
1.46485, 1.47046, 1.46084, 1.46243
1.46296, 1.46398, 1.45650, 1.46024
1.46001, 1.47254, 1.45834, 1.47021
1.47015, 1.48008, 1.46926, 1.47816
1.47810, 1.48810, 1.47485, 1.48108
1.48080, 1.48160, 1.46649, 1.46711
1.47567, 1.48182, 1.46896, 1.46971
1.46943, 1.48220, 1.46816, 1.48053
1.48060, 1.48970, 1.47492, 1.47881
1.47857, 1.49229, 1.47353, 1.49207
1.49148, 1.49673, 1.48703, 1.49008
1.48849, 1.49621, 1.48770, 1.49024
1.48997, 1.49476, 1.48707, 1.49053
1.49046, 1.49475, 1.47703, 1.48365
1.48348, 1.49410, 1.47901, 1.48016
1.47991, 1.48758, 1.47827, 1.48376
1.48311, 1.49221, 1.47148, 1.48792
1.48801, 1.49324, 1.48204, 1.49064
1.49048, 1.50018, 1.48412, 1.49222
1.49213, 1.51260, 1.49083, 1.50943
1.50969, 1.53355, 1.50340, 1.53109
1.52731, 1.52955, 1.50494, 1.50740
1.50714, 1.54176, 1.50573, 1.53548
1.53546, 1.53961, 1.51902, 1.52311
1.52257, 1.53256, 1.51665, 1.52731
1.52708, 1.53177, 1.52267, 1.53063
1.52836, 1.54488, 1.52779, 1.54077
1.54047, 1.55168, 1.53896, 1.54656
1.54658, 1.55379, 1.54273, 1.54606
1.54577, 1.56393, 1.54304, 1.55222
1.55204, 1.56849, 1.54312, 1.56694
1.56434, 1.56861, 1.55594, 1.56407
1.56400, 1.56781, 1.55434, 1.56192
1.56176, 1.56271, 1.55337, 1.55835
1.55823, 1.56678, 1.54635, 1.55762
1.55756, 1.56451, 1.54266, 1.54545
1.54209, 1.57049, 1.53952, 1.56435
1.56417, 1.56579, 1.55484, 1.55852
1.55845, 1.56205, 1.54475, 1.55168
1.55135, 1.56057, 1.53901, 1.54336
1.54327, 1.55670, 1.54163, 1.55360
1.55448, 1.55593, 1.54362, 1.54476
1.54472, 1.54882, 1.53601, 1.54367
1.54371, 1.54794, 1.53403, 1.54494
1.54473, 1.55293, 1.54273, 1.54883
1.54923, 1.55156, 1.52703, 1.53837
1.54101, 1.54946, 1.54008, 1.54635
1.54618, 1.55214, 1.53956, 1.54845
1.54833, 1.55853, 1.54561, 1.55668
1.55658, 1.56490, 1.53982, 1.54127
1.54099, 1.54753, 1.53566, 1.54318
1.54105, 1.54595, 1.53781, 1.54151
1.54104, 1.54852, 1.52561, 1.53085
1.53066, 1.54480, 1.52826, 1.54150
1.54144, 1.55506, 1.53970, 1.54904
1.54886, 1.55081, 1.54208, 1.54685
1.54768, 1.55456, 1.54386, 1.55014
1.55012, 1.55204, 1.54411, 1.54962
1.54965, 1.55527, 1.54217, 1.54359
1.54372, 1.54598, 1.53645, 1.53865
1.53853, 1.54497, 1.53754, 1.54013
1.54229, 1.56444, 1.54069, 1.55437
1.55433, 1.55640, 1.53704, 1.54398
1.54405, 1.54888, 1.53055, 1.53297
1.53288, 1.54533, 1.52736, 1.54463
1.54443, 1.55127, 1.54223, 1.55096
1.54924, 1.56765, 1.54357, 1.56653
1.56629, 1.56891, 1.55733, 1.56463
1.56460, 1.57482, 1.55969, 1.56231
1.56215, 1.56755, 1.55472, 1.55887
1.55885, 1.56485, 1.54797, 1.54927
1.54753, 1.56600, 1.54704, 1.56149
1.56120, 1.56333, 1.54432, 1.55088
1.55082, 1.56009, 1.54708, 1.55642
1.55625, 1.58823, 1.55402, 1.58612
1.58570, 1.59176, 1.58196, 1.58316
1.57772, 1.58655, 1.57630, 1.58317
1.58231, 1.59773, 1.57777, 1.59076
1.59085, 1.59425, 1.57979, 1.58096
1.58047, 1.59106, 1.57228, 1.58873
1.58847, 1.58997, 1.57929, 1.58043
1.57931, 1.58266, 1.57859, 1.58014
1.57998, 1.58183, 1.57357, 1.57942
1.57940, 1.58142, 1.56519, 1.57443
1.57431, 1.58622, 1.57255, 1.57272
1.57262, 1.57885, 1.56719, 1.56916
1.56893, 1.57296, 1.56238, 1.56659
1.56585, 1.57407, 1.56172, 1.56754
1.56735, 1.56963, 1.54162, 1.55063
1.55059, 1.56159, 1.54968, 1.55817
1.55782, 1.56094, 1.54568, 1.54739
1.54627, 1.55367, 1.53842, 1.55261
1.55212, 1.56205, 1.54804, 1.55694
1.55700, 1.56244, 1.55216, 1.55729
1.55709, 1.56172, 1.54975, 1.55712
1.55680, 1.56069, 1.55128, 1.55281
1.55250, 1.55695, 1.54840, 1.55620
1.55600, 1.56215, 1.54261, 1.54352
1.54342, 1.55563, 1.53775, 1.55494
1.55459, 1.57493, 1.55297, 1.56725
1.56661, 1.56785, 1.55632, 1.55774
1.55900, 1.56396, 1.54389, 1.54662
1.54664, 1.54997, 1.54049, 1.54488
1.54491, 1.54781, 1.53072, 1.53628
1.53623, 1.53800, 1.52779, 1.53092
1.53061, 1.53260, 1.52550, 1.52844
1.52795, 1.54074, 1.52657, 1.53670
1.53649, 1.54971, 1.53530, 1.53979
1.53960, 1.54742, 1.53568, 1.53948
1.53935, 1.54394, 1.53320, 1.54141
1.54140, 1.56035, 1.53904, 1.55912
1.56235, 1.56508, 1.55371, 1.55792
1.55768, 1.55821, 1.53918, 1.54114
1.54086, 1.54864, 1.53743, 1.54744
1.54702, 1.54893, 1.53867, 1.54813
1.54787, 1.55100, 1.53898, 1.54309
1.54253, 1.54690, 1.53766, 1.53928
1.53900, 1.54746, 1.53546, 1.53631
1.53623, 1.55505, 1.53526, 1.54778
1.54773, 1.55749, 1.54452, 1.55145
1.55141, 1.56065, 1.55052, 1.55470
1.55465, 1.55588, 1.54336, 1.54614
1.54605, 1.55469, 1.54394, 1.55283
1.55283, 1.56326, 1.55062, 1.55765
1.55748, 1.56002, 1.55129, 1.55652
1.55640, 1.56933, 1.55396, 1.56753
1.56624, 1.57670, 1.56503, 1.57408
1.57387, 1.58146, 1.56948, 1.57131
1.57102, 1.58274, 1.56687, 1.57839
1.57819, 1.58243, 1.57359, 1.57455
1.57434, 1.57505, 1.56914, 1.57083
1.57210, 1.58828, 1.57000, 1.58678
1.58664, 1.60404, 1.58411, 1.60108
1.60110, 1.60303, 1.59362, 1.60017
1.59967, 1.60774, 1.59397, 1.60554
1.60525, 1.61890, 1.60281, 1.61611
1.61923, 1.62031, 1.59694, 1.60881
1.60872, 1.61417, 1.60181, 1.60601
1.60596, 1.60939, 1.58484, 1.59816
1.59863, 1.60085, 1.59015, 1.59435
1.59428, 1.59520, 1.58559, 1.59155
1.58994, 1.60023, 1.58710, 1.59537
1.59536, 1.61941, 1.59419, 1.61329
1.61354, 1.62541, 1.60547, 1.62363
1.62387, 1.62543, 1.61676, 1.61920
1.61932, 1.62501, 1.61373, 1.61931
1.61801, 1.62553, 1.61480, 1.62364
1.62345, 1.62397, 1.61488, 1.61681
1.61664, 1.62758, 1.61547, 1.62218
1.62194, 1.63128, 1.61413, 1.62446
1.62450, 1.63081, 1.61963, 1.62143
1.61860, 1.62382, 1.60343, 1.60640
1.60637, 1.62723, 1.60426, 1.62229
1.62200, 1.63874, 1.61641, 1.62227
1.62212, 1.63904, 1.62082, 1.63640
1.63627, 1.63913, 1.63127, 1.63598
1.63469, 1.63860, 1.63325, 1.63498
1.63511, 1.64094, 1.62987, 1.63990
1.63968, 1.64364, 1.63305, 1.64187
1.64133, 1.64448, 1.62628, 1.62824
1.62826, 1.64033, 1.62656, 1.63819
1.63850, 1.64000, 1.62979, 1.63045
1.63012, 1.63150, 1.62449, 1.63060
1.63045, 1.63450, 1.62781, 1.63164
1.63095, 1.63597, 1.62195, 1.62682
1.62655, 1.64280, 1.62418, 1.64171
1.63948, 1.65133, 1.63919, 1.64953
1.64950, 1.65863, 1.64862, 1.65621
1.65554, 1.67847, 1.65302, 1.67168
1.67125, 1.67320, 1.66230, 1.66311
1.66262, 1.67143, 1.66047, 1.66516
1.66542, 1.66690, 1.65030, 1.65519
1.65434, 1.65815, 1.63549, 1.65054
1.65040, 1.65926, 1.64989, 1.65678
1.65632, 1.66675, 1.64323, 1.64537
1.64520, 1.64613, 1.63117, 1.63125
1.63124, 1.63508, 1.62103, 1.62271
1.62235, 1.62568, 1.61956, 1.62069
1.62041, 1.62485, 1.61349, 1.62016
1.62006, 1.63171, 1.61775, 1.62864
1.62841, 1.63484, 1.62751, 1.63331
1.63143, 1.63370, 1.62107, 1.62284
1.62260, 1.63317, 1.62125, 1.63200
1.63181, 1.63570, 1.62401, 1.62735
1.62714, 1.63481, 1.62405, 1.62610
1.62590, 1.62659, 1.61982, 1.62451
1.62511, 1.63105, 1.62347, 1.62535
1.62484, 1.63078, 1.62271, 1.62919
1.62892, 1.64719, 1.62779, 1.64275
1.64236, 1.64959, 1.64046, 1.64868
1.64791, 1.65143, 1.64275, 1.64521
1.64346, 1.64430, 1.63684, 1.63734
1.63706, 1.64772, 1.63505, 1.64670
1.64636, 1.65143, 1.64073, 1.64330
1.64327, 1.64688, 1.63318, 1.63712
1.63681, 1.63756, 1.61878, 1.62051
1.61788, 1.62391, 1.61444, 1.61855
1.61794, 1.62073, 1.60101, 1.60249
1.60240, 1.60952, 1.59767, 1.60808
1.60763, 1.60897, 1.60173, 1.60564
1.60525, 1.61017, 1.59361, 1.59402
1.59303, 1.59496, 1.59079, 1.59342
1.59324, 1.59819, 1.58791, 1.59480
1.59460, 1.59957, 1.58740, 1.59315
1.59252, 1.59877, 1.58472, 1.59009
1.58962, 1.59561, 1.58752, 1.59115
1.58595, 1.60014, 1.58595, 1.59434
1.59420, 1.61434, 1.59261, 1.60811
1.60811, 1.61856, 1.60579, 1.61623
1.61602, 1.62576, 1.61374, 1.62096
1.62111, 1.63367, 1.61880, 1.63155
1.63025, 1.63631, 1.62943, 1.63361
1.63292, 1.64124, 1.62565, 1.63922
1.63877, 1.65525, 1.63755, 1.65311
1.65249, 1.65425, 1.63987, 1.64190
1.64144, 1.64601, 1.63647, 1.63796
1.63648, 1.64323, 1.63137, 1.63566
1.63513, 1.64104, 1.62508, 1.62551
1.62525, 1.63513, 1.62348, 1.63098
1.63089, 1.64398, 1.62487, 1.64376
1.64351, 1.64630, 1.63659, 1.63885
1.63778, 1.65239, 1.63719, 1.64770
1.64732, 1.65198, 1.64472, 1.64636
1.64612, 1.64983, 1.63532, 1.63934
1.63906, 1.64122, 1.62326, 1.62935
1.62895, 1.64347, 1.62758, 1.64189
1.64017, 1.65211, 1.63941, 1.64878
1.64815, 1.65425, 1.64538, 1.64839
1.64810, 1.66019, 1.64647, 1.65441
1.65387, 1.65549, 1.63806, 1.64168
1.64168, 1.65377, 1.64077, 1.65266
1.65034, 1.65595, 1.64021, 1.64143
1.64108, 1.64498, 1.62605, 1.62745
1.62738, 1.64383, 1.62655, 1.63988
1.63908, 1.64061, 1.62774, 1.63614
1.63593, 1.65780, 1.63523, 1.65706
1.65334, 1.65692, 1.63523, 1.63672
1.63609, 1.66148, 1.63395, 1.66075
1.66054, 1.67318, 1.65882, 1.67299
1.67277, 1.67660, 1.66854, 1.67100
1.67067, 1.67671, 1.66357, 1.67595
1.67412, 1.67674, 1.66840, 1.67313
1.67328, 1.68591, 1.67277, 1.67425
1.67394, 1.68365, 1.67033, 1.68055
1.68047, 1.68501, 1.67092, 1.68498
1.68466, 1.68831, 1.68204, 1.68527
1.68434, 1.69291, 1.67950, 1.68086
1.68060, 1.69110, 1.67384, 1.68899
1.68854, 1.69542, 1.68629, 1.69334
1.69325, 1.70635, 1.69133, 1.69771
1.69760, 1.69760, 1.69760, 1.69760