1.58443, 1.58983, 1.58434, 1.58764
1.58818, 1.59266, 1.58656, 1.58837
1.58837, 1.58950, 1.56717, 1.57108
1.57135, 1.57968, 1.56663, 1.56728
1.56754, 1.56965, 1.55990, 1.56099
1.56050, 1.57093, 1.55876, 1.56957
1.56712, 1.57514, 1.56277, 1.56423
1.56420, 1.56794, 1.55473, 1.55657
1.55657, 1.56309, 1.55338, 1.55493
1.55413, 1.55925, 1.54921, 1.55178
1.55181, 1.55680, 1.54631, 1.55481
1.55285, 1.56029, 1.55212, 1.55539
1.55571, 1.55902, 1.54750, 1.55247
1.55194, 1.56806, 1.55150, 1.56254
1.56210, 1.56471, 1.55789, 1.56412
1.56373, 1.56813, 1.55488, 1.56781
1.56434, 1.57033, 1.56295, 1.56844
1.56830, 1.57073, 1.56387, 1.56978
1.56956, 1.57136, 1.56174, 1.56233
1.56138, 1.56601, 1.55742, 1.55796
1.55739, 1.55932, 1.55325, 1.55563
1.55568, 1.55923, 1.54684, 1.55117
1.55084, 1.55121, 1.54025, 1.54084
1.54065, 1.54361, 1.53558, 1.53944
1.53938, 1.54300, 1.53655, 1.54002
1.53976, 1.54226, 1.53360, 1.53635
1.53541, 1.53920, 1.53162, 1.53585
1.53557, 1.54436, 1.53517, 1.53661
1.53599, 1.53740, 1.52074, 1.52340
1.52275, 1.52520, 1.51490, 1.52131
1.52084, 1.52876, 1.51774, 1.52741
1.52575, 1.53140, 1.52575, 1.52788
1.52777, 1.52979, 1.52229, 1.52398
1.52414, 1.52418, 1.50763, 1.51044
1.50990, 1.51231, 1.50526, 1.51068
1.50988, 1.52018, 1.50665, 1.51631
1.51506, 1.51628, 1.50718, 1.50753
1.50762, 1.51065, 1.50225, 1.50960
1.50946, 1.51381, 1.50013, 1.50154
1.50012, 1.51502, 1.50012, 1.50934
1.50937, 1.51518, 1.50877, 1.51093
1.51428, 1.52241, 1.50765, 1.51038
1.51028, 1.51146, 1.49861, 1.50226
1.50146, 1.51190, 1.49168, 1.50199
1.50200, 1.51669, 1.49728, 1.51474
1.51428, 1.51832, 1.50838, 1.51072
1.50941, 1.51638, 1.50941, 1.51278
1.51270, 1.52392, 1.51078, 1.51912
1.51904, 1.52568, 1.51265, 1.52404
1.52405, 1.53614, 1.52397, 1.53034
1.53072, 1.53384, 1.52047, 1.52115
1.52976, 1.53556, 1.52633, 1.53008
1.53001, 1.53449, 1.52584, 1.52851
1.52866, 1.53302, 1.52668, 1.53079
1.53088, 1.53585, 1.51189, 1.51632
1.51632, 1.53398, 1.51493, 1.53232
1.52727, 1.53608, 1.52465, 1.53439
1.53433, 1.53943, 1.52677, 1.53933
1.53931, 1.54314, 1.53530, 1.54098
1.54098, 1.54723, 1.53358, 1.54558
1.54546, 1.55841, 1.54338, 1.54596
1.54677, 1.55860, 1.54568, 1.55578
1.55578, 1.55798, 1.54860, 1.54958
1.54948, 1.55342, 1.53534, 1.54168
1.54168, 1.54272, 1.53244, 1.53307
1.53308, 1.54575, 1.53145, 1.53438
1.53526, 1.53749, 1.53040, 1.53433
1.53433, 1.53641, 1.52988, 1.53163
1.53168, 1.53417, 1.52871, 1.53178
1.53185, 1.53815, 1.53132, 1.53560
1.53548, 1.54428, 1.53385, 1.53722
1.53632, 1.54158, 1.53628, 1.54024
1.54018, 1.54272, 1.53623, 1.54023
1.54057, 1.54418, 1.53388, 1.54198
1.54218, 1.54312, 1.53461, 1.53528
1.53533, 1.53775, 1.53218, 1.53677
1.53780, 1.54156, 1.53568, 1.53826
1.53877, 1.54263, 1.53684, 1.53878
1.53878, 1.54260, 1.53243, 1.53258
1.53258, 1.54511, 1.53191, 1.54468
1.54468, 1.54678, 1.53592, 1.53992
1.53918, 1.54288, 1.53700, 1.54036
1.54014, 1.54150, 1.53647, 1.53678
1.53678, 1.53792, 1.52588, 1.52992
1.52988, 1.53068, 1.52136, 1.52213
1.52213, 1.52392, 1.51718, 1.52251
1.52106, 1.52682, 1.52097, 1.52558
1.52564, 1.53258, 1.51880, 1.52119
1.52132, 1.52323, 1.51455, 1.51550
1.51550, 1.51690, 1.50810, 1.50886
1.50851, 1.51011, 1.50191, 1.50254
1.50269, 1.50568, 1.50113, 1.50208
1.50215, 1.51556, 1.50086, 1.51416
1.51415, 1.51888, 1.50973, 1.51198
1.51165, 1.51218, 1.50298, 1.50401
1.50416, 1.50503, 1.49145, 1.49832
1.49746, 1.50129, 1.49577, 1.49858
1.49839, 1.49839, 1.48120, 1.48120
1.48167, 1.49242, 1.47989, 1.49068
1.49068, 1.49871, 1.49035, 1.49694
1.49684, 1.49985, 1.48894, 1.49390
1.49350, 1.49793, 1.48979, 1.49741
1.49764, 1.51048, 1.49655, 1.50871
1.50841, 1.51437, 1.50570, 1.50734
1.50668, 1.51339, 1.50544, 1.50988
1.50939, 1.51661, 1.50899, 1.51368
1.51157, 1.51891, 1.51068, 1.51400
1.51443, 1.51624, 1.51058, 1.51170
1.51240, 1.51528, 1.50783, 1.51126
1.51124, 1.51610, 1.50977, 1.51422
1.51446, 1.52136, 1.51121, 1.51318
1.51583, 1.52249, 1.51312, 1.52151
1.52150, 1.52768, 1.51738, 1.52752
1.52654, 1.53458, 1.52399, 1.53269
1.53285, 1.53709, 1.52657, 1.52779
1.52778, 1.53044, 1.52043, 1.52074
1.51940, 1.52926, 1.51935, 1.52585
1.52586, 1.52930, 1.51321, 1.51629
1.51628, 1.51630, 1.50905, 1.51148
1.51074, 1.52208, 1.51021, 1.51918
1.51933, 1.52258, 1.51434, 1.51437
1.51432, 1.52387, 1.51411, 1.52355
1.52344, 1.52603, 1.51338, 1.51427
1.51383, 1.51700, 1.50607, 1.50795
1.50795, 1.52098, 1.50753, 1.51959
1.51960, 1.52258, 1.51524, 1.51729
1.51767, 1.52621, 1.51613, 1.52158
1.52158, 1.52845, 1.52035, 1.52378
1.52379, 1.53083, 1.51990, 1.52888
1.52877, 1.53218, 1.51778, 1.51813
1.51813, 1.51867, 1.49746, 1.49758
1.49251, 1.49598, 1.47947, 1.48383
1.48319, 1.48375, 1.47673, 1.48056
1.48056, 1.48600, 1.47608, 1.47728
1.47717, 1.48908, 1.47592, 1.48805
1.48804, 1.49237, 1.48285, 1.49072
1.49123, 1.49425, 1.48753, 1.48915
1.48915, 1.48999, 1.48558, 1.48791
1.48798, 1.50518, 1.48651, 1.50502
1.50515, 1.51344, 1.50313, 1.51098
1.51040, 1.51298, 1.50261, 1.50482
1.50181, 1.51229, 1.50116, 1.50448
1.50443, 1.50574, 1.49553, 1.49701
1.49697, 1.49968, 1.49489, 1.49778
1.49772, 1.50262, 1.49610, 1.49828
1.49848, 1.51319, 1.49308, 1.50816
1.50798, 1.51149, 1.50117, 1.50185
1.50156, 1.50511, 1.49947, 1.50058
1.50058, 1.50132, 1.47763, 1.48694
1.48698, 1.49430, 1.48470, 1.48628
1.48642, 1.49552, 1.48633, 1.49400
1.49264, 1.49751, 1.48885, 1.49318
1.49318, 1.49445, 1.48651, 1.48735
1.48739, 1.49121, 1.48478, 1.48822
1.48864, 1.49519, 1.48819, 1.49238
1.49186, 1.49822, 1.49092, 1.49155
1.49024, 1.49750, 1.48759, 1.49558
1.49481, 1.50118, 1.49453, 1.49946
1.49894, 1.50488, 1.49745, 1.49834
1.49764, 1.50030, 1.49136, 1.49453
1.49427, 1.49939, 1.49355, 1.49666
1.49429, 1.49582, 1.48469, 1.48602
1.48563, 1.49488, 1.48530, 1.49420
1.49413, 1.50181, 1.49078, 1.49749
1.49699, 1.50047, 1.49057, 1.49293
1.49219, 1.50435, 1.49078, 1.50087
1.50085, 1.51138, 1.49963, 1.50838
1.50818, 1.51371, 1.50425, 1.51338
1.51267, 1.51689, 1.50603, 1.50622
1.50562, 1.51193, 1.50326, 1.50379
1.50345, 1.50771, 1.49508, 1.49994
1.49877, 1.50298, 1.49750, 1.50121
1.50076, 1.50380, 1.49828, 1.50157
1.49961, 1.51029, 1.49961, 1.50920
1.50826, 1.51358, 1.50768, 1.51348
1.51259, 1.51489, 1.50275, 1.50388
1.50234, 1.50418, 1.49139, 1.49808
1.49796, 1.50453, 1.49663, 1.50443
1.50389, 1.51958, 1.50315, 1.51518
1.51449, 1.53078, 1.51441, 1.52248
1.52099, 1.52528, 1.50990, 1.51763
1.51858, 1.52619, 1.51798, 1.52168
1.52075, 1.52730, 1.51521, 1.51559
1.51505, 1.52003, 1.51361, 1.51769
1.51718, 1.52211, 1.51473, 1.51688
1.51683, 1.52018, 1.50843, 1.51284
1.51244, 1.52279, 1.51190, 1.52132
1.52075, 1.53342, 1.51900, 1.53038
1.52917, 1.53768, 1.52909, 1.53318
1.53297, 1.55298, 1.53268, 1.54548
1.54572, 1.54899, 1.53914, 1.54569
1.54549, 1.55502, 1.54394, 1.55178
1.55047, 1.55229, 1.53989, 1.54088
1.54062, 1.56338, 1.53997, 1.55651
1.55549, 1.56404, 1.55504, 1.55975
1.55904, 1.56336, 1.55523, 1.56021
1.55810, 1.56032, 1.53828, 1.54078
1.53931, 1.55061, 1.53430, 1.53649
1.53621, 1.53898, 1.52367, 1.52367
1.52403, 1.53219, 1.52317, 1.52593
1.52580, 1.52636, 1.51798, 1.51848
1.51827, 1.52693, 1.51493, 1.52488
1.52436, 1.53048, 1.52034, 1.52218
1.52194, 1.52648, 1.51838, 1.52091
1.51889, 1.52523, 1.51889, 1.52308
1.52325, 1.52425, 1.51082, 1.51382
1.51371, 1.51443, 1.50850, 1.51006
1.50969, 1.51815, 1.50928, 1.51216
1.51145, 1.51409, 1.50428, 1.50710
1.50677, 1.51271, 1.50649, 1.51123
1.51057, 1.51817, 1.51045, 1.51700
1.51670, 1.52247, 1.51156, 1.51875
1.51796, 1.52041, 1.50792, 1.51016
1.50854, 1.51300, 1.50673, 1.50737
1.50676, 1.51850, 1.50639, 1.51512
1.51458, 1.51891, 1.51292, 1.51708
1.51673, 1.51847, 1.50556, 1.51004
1.50943, 1.51187, 1.50187, 1.50192
1.50182, 1.50823, 1.49797, 1.50052
1.49886, 1.50301, 1.49736, 1.49936
1.49915, 1.50072, 1.49580, 1.49683
1.49677, 1.50394, 1.49648, 1.50091
1.50090, 1.51214, 1.50001, 1.50872
1.50873, 1.51120, 1.50153, 1.50281
1.50165, 1.50538, 1.49787, 1.49954
1.49942, 1.50165, 1.49539, 1.49897
1.49893, 1.49978, 1.49223, 1.49270
1.49229, 1.50611, 1.49141, 1.50158
1.50119, 1.50252, 1.49268, 1.49545
1.49613, 1.50039, 1.49461, 1.49703
1.49703, 1.50375, 1.49488, 1.49832
1.49798, 1.49943, 1.49299, 1.49383
1.49354, 1.49982, 1.49121, 1.49965
1.49878, 1.50106, 1.48833, 1.48833
1.48847, 1.49965, 1.48780, 1.49764
1.49754, 1.50472, 1.49726, 1.49976
1.49934, 1.50094, 1.49390, 1.49572
1.49550, 1.50493, 1.49468, 1.49759
1.49729, 1.51187, 1.49199, 1.51102
1.51115, 1.51156, 1.50587, 1.50890
1.50861, 1.51254, 1.50706, 1.50975
1.50943, 1.52226, 1.50896, 1.51942
1.51962, 1.52119, 1.50388, 1.50595
1.50535, 1.51037, 1.50282, 1.50731
1.50689, 1.51130, 1.50566, 1.50671
1.50667, 1.51227, 1.50635, 1.50742
1.50742, 1.51018, 1.50489, 1.50660
1.50687, 1.50898, 1.50458, 1.50711
1.50692, 1.51467, 1.50453, 1.51046
1.50975, 1.51453, 1.50851, 1.51138
1.51173, 1.51357, 1.50396, 1.51187
1.51190, 1.52002, 1.51118, 1.51901
1.51888, 1.52112, 1.51585, 1.51936
1.51973, 1.52147, 1.51051, 1.51733
1.51603, 1.52127, 1.51539, 1.51677
1.51646, 1.51703, 1.50702, 1.50836
1.50820, 1.51352, 1.50619, 1.50851
1.50869, 1.51138, 1.50481, 1.50760
1.50759, 1.50960, 1.49729, 1.49737
1.49785, 1.50248, 1.49060, 1.49210
1.49174, 1.49760, 1.49038, 1.49410
1.49395, 1.50006, 1.49234, 1.49900
1.49876, 1.50160, 1.49694, 1.49906
1.49867, 1.50608, 1.49843, 1.50044
1.50074, 1.50523, 1.49827, 1.49888
1.49906, 1.50330, 1.49708, 1.50126
1.50092, 1.50448, 1.49905, 1.50156
1.50158, 1.50862, 1.50060, 1.50617
1.50498, 1.51006, 1.50428, 1.50551
1.50652, 1.51430, 1.50387, 1.51099
1.51087, 1.51538, 1.50575, 1.50579
1.50569, 1.50928, 1.50017, 1.50684
1.50637, 1.50960, 1.50209, 1.50262
1.50110, 1.50600, 1.50110, 1.50480
1.50460, 1.50542, 1.50122, 1.50243
1.50200, 1.50809, 1.50143, 1.50678
1.50667, 1.51327, 1.50229, 1.50495
1.50425, 1.50593, 1.50050, 1.50102
1.50061, 1.50402, 1.49858, 1.49883
1.49919, 1.50514, 1.49919, 1.50507
1.50497, 1.51103, 1.50131, 1.50151
1.50146, 1.51007, 1.50049, 1.50397
1.50554, 1.50807, 1.50303, 1.50497
1.50508, 1.50527, 1.49871, 1.50344
1.50292, 1.51005, 1.50280, 1.50596
1.50558, 1.50858, 1.50317, 1.50776
1.50751, 1.51033, 1.50603, 1.50829
1.50787, 1.51808, 1.50715, 1.51070
1.51069, 1.51406, 1.50445, 1.50679
1.50711, 1.51465, 1.50703, 1.51333
1.51147, 1.51475, 1.50839, 1.50839
1.50803, 1.51152, 1.50450, 1.50529
1.50477, 1.50705, 1.49951, 1.50421
1.50374, 1.50994, 1.49979, 1.50208
1.49998, 1.50230, 1.49729, 1.49939
1.49922, 1.50014, 1.49441, 1.49607
1.49591, 1.49913, 1.49244, 1.49826
1.49803, 1.50812, 1.49720, 1.50638
1.50610, 1.50948, 1.50393, 1.50608
1.50599, 1.50745, 1.50373, 1.50431
1.50424, 1.50812, 1.50214, 1.50593
1.50582, 1.50879, 1.50332, 1.50474
1.50454, 1.50606, 1.49947, 1.50227
1.50210, 1.51234, 1.50195, 1.50939
1.50883, 1.51420, 1.50737, 1.51072
1.51023, 1.51396, 1.50665, 1.50712
1.50665, 1.51262, 1.50543, 1.50543
1.50513, 1.51464, 1.50312, 1.50664
1.50626, 1.50726, 1.50196, 1.50342
1.49898, 1.50275, 1.49828, 1.50085
1.50069, 1.50634, 1.49841, 1.50431
1.50402, 1.50829, 1.50224, 1.50591
1.50576, 1.50652, 1.50092, 1.50264
1.50247, 1.50572, 1.49829, 1.50337
1.50274, 1.50770, 1.50261, 1.50467
1.50445, 1.50839, 1.49713, 1.49739
1.49706, 1.49993, 1.49084, 1.49088
1.49064, 1.49308, 1.48624, 1.48936
1.48929, 1.50356, 1.48793, 1.50334
1.50193, 1.50532, 1.50041, 1.50232
1.50212, 1.50496, 1.49629, 1.49668
1.49665, 1.49826, 1.49076, 1.49219
1.49223, 1.49434, 1.48869, 1.48875
1.48855, 1.49191, 1.48630, 1.48801
1.48523, 1.48790, 1.48177, 1.48202
1.48222, 1.48532, 1.47872, 1.47898
1.47895, 1.48036, 1.47250, 1.47258
1.47186, 1.47620, 1.47066, 1.47216
1.47207, 1.47497, 1.46706, 1.46776
1.46654, 1.46889, 1.46365, 1.46848
1.46813, 1.47297, 1.46791, 1.47162
1.47104, 1.47738, 1.46970, 1.47160
1.47145, 1.47338, 1.46939, 1.47051
1.47072, 1.47108, 1.46521, 1.46830
1.46806, 1.46991, 1.46693, 1.46894
1.46871, 1.47016, 1.46045, 1.46690
1.46698, 1.46777, 1.46341, 1.46530
1.46484, 1.47084, 1.46308, 1.46890
1.46878, 1.47111, 1.46412, 1.46471
1.46412, 1.47157, 1.46280, 1.47030
1.47014, 1.47147, 1.46385, 1.46480
1.46410, 1.46541, 1.46166, 1.46378
1.46344, 1.47078, 1.45745, 1.46716
1.46685, 1.46934, 1.46474, 1.46499
1.46453, 1.46745, 1.46250, 1.46681
1.46645, 1.47014, 1.46572, 1.46702
1.46672, 1.46752, 1.45938, 1.46081
1.46048, 1.46772, 1.45807, 1.46430
1.46417, 1.47137, 1.46331, 1.46609
1.46684, 1.48169, 1.46605, 1.48046
1.47926, 1.48857, 1.47605, 1.48687
1.48615, 1.49949, 1.48529, 1.48964
1.48920, 1.49229, 1.47876, 1.47911
1.47844, 1.48689, 1.47794, 1.48019
1.47782, 1.48676, 1.47723, 1.48473
1.48387, 1.49142, 1.47399, 1.47723
1.47706, 1.48871, 1.47625, 1.48337
1.48333, 1.48718, 1.47779, 1.47933
1.47838, 1.47998, 1.47129, 1.47170
1.47207, 1.47797, 1.47056, 1.47606
1.47543, 1.47950, 1.47479, 1.47867
1.47756, 1.47922, 1.47107, 1.47336
1.47281, 1.47658, 1.47080, 1.47385
1.47332, 1.48499, 1.47193, 1.47967
1.48185, 1.48586, 1.47024, 1.47117
1.47075, 1.47489, 1.46843, 1.47322
1.47270, 1.47659, 1.47187, 1.47405
1.47353, 1.47604, 1.46877, 1.46944
1.46872, 1.47003, 1.45928, 1.46267
1.46310, 1.46560, 1.45991, 1.46107
1.46134, 1.46544, 1.45793, 1.46388
1.46296, 1.46916, 1.45823, 1.45925
1.45906, 1.46378, 1.45537, 1.45944
1.45938, 1.46024, 1.45132, 1.45149
1.45249, 1.45569, 1.45030, 1.45453
1.45448, 1.45684, 1.44986, 1.45208
1.45223, 1.45362, 1.44567, 1.45269
1.45217, 1.46334, 1.44340, 1.46130
1.46094, 1.47153, 1.46056, 1.47086
1.46435, 1.46926, 1.45557, 1.45694
1.45626, 1.46810, 1.45550, 1.46615
1.46667, 1.47004, 1.46312, 1.46578
1.46541, 1.47088, 1.46232, 1.46439
1.46437, 1.46834, 1.45887, 1.46177
1.45990, 1.46351, 1.45645, 1.45761
1.45750, 1.46034, 1.45637, 1.45941
1.45907, 1.45932, 1.45012, 1.45209
1.45154, 1.45332, 1.44719, 1.44865
1.44870, 1.45223, 1.44707, 1.44822
1.44865, 1.44903, 1.44203, 1.44312
1.44290, 1.44904, 1.44155, 1.44552
1.44516, 1.46031, 1.44349, 1.46031
1.46050, 1.46749, 1.45725, 1.46192
1.46208, 1.46441, 1.45776, 1.46119
1.46318, 1.46376, 1.45954, 1.45995
1.45994, 1.46470, 1.45783, 1.45981
1.45955, 1.46395, 1.45864, 1.46291
1.46229, 1.46895, 1.46144, 1.46246
1.46218, 1.46841, 1.45468, 1.45649
1.45631, 1.45978, 1.45501, 1.45904
1.45917, 1.46110, 1.45321, 1.45608
1.45587, 1.46223, 1.45512, 1.46148
1.46133, 1.46604, 1.45950, 1.46131
1.46117, 1.46612, 1.46049, 1.46606
1.46583, 1.46632, 1.45823, 1.45916
1.45895, 1.46064, 1.45608, 1.45642
1.45671, 1.45777, 1.45406, 1.45491
1.45458, 1.45893, 1.45075, 1.45137
1.45137, 1.45294, 1.44657, 1.44706
1.44682, 1.45056, 1.44664, 1.44903
1.44896, 1.45559, 1.44552, 1.45413
1.45416, 1.46847, 1.45279, 1.46747
1.46781, 1.47203, 1.46423, 1.46805
1.46797, 1.47078, 1.46639, 1.46658
1.46711, 1.46932, 1.46290, 1.46357
1.46317, 1.46454, 1.45436, 1.45680
1.45653, 1.46134, 1.45508, 1.45884
1.45887, 1.46012, 1.45437, 1.45567
1.45531, 1.45997, 1.45444, 1.45738
1.45696, 1.46125, 1.45613, 1.45988
1.45970, 1.46254, 1.45496, 1.45721
1.45617, 1.46182, 1.45605, 1.45880
1.45858, 1.46208, 1.45729, 1.46021
1.45989, 1.46357, 1.45755, 1.46138
1.46077, 1.46543, 1.46067, 1.46188
1.46171, 1.47075, 1.46069, 1.46974
1.46950, 1.47520, 1.46861, 1.47295
1.47274, 1.47716, 1.46813, 1.46900
1.46851, 1.47112, 1.46392, 1.46548
1.46457, 1.46645, 1.46383, 1.46450
1.46431, 1.46735, 1.46242, 1.46266
1.46246, 1.46313, 1.45876, 1.46060
1.46080, 1.46472, 1.46027, 1.46216
1.46183, 1.46490, 1.45998, 1.46203
1.46258, 1.47445, 1.46249, 1.47424
1.47360, 1.47589, 1.47198, 1.47319
1.47267, 1.47415, 1.46083, 1.46232
1.46205, 1.46377, 1.45978, 1.46293
1.46296, 1.46880, 1.46099, 1.46538
1.46513, 1.46865, 1.46292, 1.46454
1.46388, 1.46850, 1.46383, 1.46770
1.46750, 1.46853, 1.46220, 1.46591
1.46581, 1.47020, 1.46357, 1.46711
1.47140, 1.47448, 1.46385, 1.46385
1.46519, 1.46716, 1.46168, 1.46645
1.46556, 1.47125, 1.46520, 1.46710
1.46673, 1.46810, 1.45674, 1.45739
1.45718, 1.46180, 1.45716, 1.45921
1.45889, 1.46156, 1.45619, 1.45619
1.45619, 1.46119, 1.45549, 1.45768
1.45797, 1.45958, 1.45672, 1.45874
1.45843, 1.45945, 1.45434, 1.45466
1.45444, 1.46242, 1.45432, 1.46198
1.46025, 1.46518, 1.45980, 1.46314
1.46198, 1.46377, 1.45446, 1.45664
1.45571, 1.45594, 1.44983, 1.45082
1.44995, 1.45215, 1.44498, 1.45038
1.44964, 1.45383, 1.44785, 1.45159
1.45073, 1.45268, 1.44884, 1.45012
1.44985, 1.45194, 1.44623, 1.44777
1.44739, 1.45460, 1.44739, 1.45000
1.44922, 1.45280, 1.44598, 1.45138
1.45062, 1.45476, 1.44964, 1.45374
1.45265, 1.45661, 1.45166, 1.45327
1.45252, 1.45814, 1.45241, 1.45412
1.45383, 1.45652, 1.45127, 1.45216
1.45178, 1.45373, 1.44776, 1.44898
1.44786, 1.45023, 1.44573, 1.44741
1.44711, 1.45237, 1.44708, 1.44844
1.44807, 1.45835, 1.44554, 1.45704
1.45719, 1.46147, 1.45078, 1.45158
1.45079, 1.45193, 1.44771, 1.44918
1.45019, 1.45519, 1.44969, 1.45384
1.45320, 1.45520, 1.44916, 1.44994
1.44981, 1.45410, 1.44799, 1.45304
1.45231, 1.45957, 1.45186, 1.45698
1.45653, 1.46848, 1.45544, 1.46848
1.46733, 1.47197, 1.46090, 1.46951
1.46900, 1.47126, 1.46371, 1.46641
1.46592, 1.46865, 1.46054, 1.46075
1.46047, 1.46264, 1.45769, 1.45864
1.45835, 1.46137, 1.45537, 1.45600
1.45495, 1.45842, 1.45281, 1.45291
1.45290, 1.45343, 1.44920, 1.45034
1.45001, 1.45139, 1.43986, 1.44066
1.44059, 1.44360, 1.43547, 1.43801
1.43748, 1.43946, 1.43500, 1.43500
1.43579, 1.43663, 1.43267, 1.43360
1.43330, 1.43709, 1.43004, 1.43071
1.43017, 1.43189, 1.42637, 1.42867
1.42845, 1.43405, 1.42674, 1.42974
1.42905, 1.43767, 1.42905, 1.43352
1.43406, 1.44360, 1.43383, 1.44255
1.44199, 1.44748, 1.43811, 1.44491
1.44421, 1.45172, 1.44077, 1.45071
1.45026, 1.47372, 1.44920, 1.47332
1.47283, 1.48691, 1.47130, 1.47700
1.48351, 1.49246, 1.47270, 1.48304
1.48288, 1.49779, 1.48128, 1.49550
1.49489, 1.49709, 1.47934, 1.49052
1.48989, 1.50750, 1.48989, 1.50680
1.50650, 1.52457, 1.50159, 1.51510
1.54200, 1.58154, 1.54074, 1.56769
1.56658, 1.57022, 1.54381, 1.54835
1.54976, 1.56060, 1.54453, 1.55165
1.55136, 1.56567, 1.52878, 1.55387
1.55387, 1.56339, 1.53048, 1.53220
1.53772, 1.56746, 1.53251, 1.56494
1.56485, 1.56923, 1.54472, 1.56359
1.56355, 1.58825, 1.56107, 1.58132
1.58310, 1.59915, 1.54191, 1.54653
1.54558, 1.55016, 1.52158, 1.53250
1.53522, 1.56862, 1.53493, 1.55474
1.55531, 1.57926, 1.55466, 1.55901
1.55920, 1.56266, 1.54134, 1.54409
1.54406, 1.55857, 1.54081, 1.54847
1.54874, 1.56036, 1.54426, 1.55640
1.55789, 1.56620, 1.55323, 1.56343
1.56247, 1.57120, 1.54432, 1.55120
1.55136, 1.56172, 1.54423, 1.55540
1.55594, 1.55656, 1.53138, 1.53500
1.53386, 1.53736, 1.52149, 1.53370
1.53747, 1.54189, 1.52137, 1.52279
1.52267, 1.52968, 1.52000, 1.52343
1.52326, 1.52959, 1.52010, 1.52020
1.52163, 1.53367, 1.52028, 1.52688
1.52722, 1.53066, 1.52455, 1.52558
1.52500, 1.53082, 1.51217, 1.51642
1.51538, 1.52890, 1.51408, 1.52420
1.52422, 1.54126, 1.52414, 1.53943
1.53889, 1.53993, 1.52713, 1.52716
1.52600, 1.52993, 1.52096, 1.52220
1.52277, 1.53712, 1.52267, 1.53672
1.53555, 1.54554, 1.53243, 1.54259
1.54260, 1.54445, 1.52985, 1.53246
1.53231, 1.53481, 1.51411, 1.51640
1.51644, 1.52686, 1.51148, 1.52510
1.52511, 1.52743, 1.51830, 1.51997
1.51900, 1.52280, 1.51355, 1.51440
1.51403, 1.51623, 1.50798, 1.50900
1.50890, 1.52825, 1.50531, 1.52703
1.52782, 1.55336, 1.52538, 1.54670
1.54474, 1.54945, 1.53417, 1.53580
1.53565, 1.53651, 1.51923, 1.52189
1.52264, 1.52988, 1.51660, 1.52690
1.52665, 1.53058, 1.50777, 1.51340
1.51404, 1.51559, 1.50862, 1.50920
1.50769, 1.51858, 1.50666, 1.51450
1.51460, 1.52735, 1.51360, 1.52719
1.52640, 1.52803, 1.52074, 1.52524
1.52466, 1.52626, 1.51554, 1.51746
1.51698, 1.52735, 1.51552, 1.52539
1.52450, 1.52726, 1.51845, 1.52130
1.52204, 1.52778, 1.51659, 1.52294
1.52276, 1.52829, 1.52101, 1.52580
1.52592, 1.53174, 1.52426, 1.52784
1.52737, 1.53228, 1.52429, 1.52650
1.52446, 1.52649, 1.52143, 1.52333
1.52320, 1.52369, 1.51176, 1.51252
1.51194, 1.51998, 1.50550, 1.51347
1.51326, 1.52727, 1.51260, 1.52440
1.52333, 1.53863, 1.52332, 1.52940
1.53096, 1.53254, 1.50945, 1.51112
1.51088, 1.51369, 1.50548, 1.51000
1.50942, 1.52004, 1.50925, 1.51580
1.51605, 1.53356, 1.51131, 1.52993
1.52998, 1.53459, 1.51426, 1.51520
1.51484, 1.51721, 1.50924, 1.51113
1.51092, 1.52649, 1.51035, 1.52062
1.52110, 1.52715, 1.51745, 1.52530
1.52461, 1.54491, 1.52372, 1.53967
1.53859, 1.54194, 1.52717, 1.52880
1.52779, 1.53927, 1.52724, 1.53664
1.53549, 1.53935, 1.52172, 1.52470
1.52466, 1.52783, 1.51924, 1.52451
1.52502, 1.52830, 1.52080, 1.52345
1.52410, 1.52540, 1.51506, 1.52050
1.52180, 1.52544, 1.51948, 1.52267
1.52224, 1.53275, 1.52203, 1.53195
1.53180, 1.53464, 1.52803, 1.53410
1.53395, 1.53520, 1.52665, 1.52992
1.52910, 1.53709, 1.52864, 1.53409
1.53378, 1.54251, 1.53369, 1.53580
1.53423, 1.53653, 1.52426, 1.52472
1.52496, 1.53076, 1.51970, 1.52830
1.52805, 1.53541, 1.52399, 1.52410
1.52373, 1.52680, 1.52178, 1.52355
1.52417, 1.53609, 1.52271, 1.53090
1.53068, 1.53545, 1.52863, 1.53351
1.53283, 1.53685, 1.52937, 1.53062
1.52996, 1.53499, 1.52827, 1.53273
1.53254, 1.53977, 1.53158, 1.53570
1.53498, 1.54461, 1.53389, 1.54328
1.54258, 1.55373, 1.54135, 1.55175
1.55154, 1.55432, 1.54025, 1.54126
1.54110, 1.54787, 1.53924, 1.54470
1.54458, 1.55337, 1.54295, 1.55160
1.54808, 1.55738, 1.54649, 1.54907
1.54874, 1.55167, 1.53757, 1.55149
1.55064, 1.55873, 1.54951, 1.55218
1.55144, 1.55548, 1.54759, 1.55445
1.55313, 1.56425, 1.55251, 1.56394
1.56242, 1.57733, 1.56176, 1.56915
1.56914, 1.57187, 1.56593, 1.56728
1.56621, 1.57560, 1.56569, 1.57194
1.57152, 1.59317, 1.57046, 1.58970
1.58995, 1.59778, 1.57701, 1.57900
1.57742, 1.58089, 1.57065, 1.57493
1.57455, 1.57840, 1.57077, 1.57168
1.57154, 1.57817, 1.56823, 1.57330
1.57313, 1.58085, 1.57165, 1.58069
1.57906, 1.58241, 1.57314, 1.57685
1.57732, 1.57793, 1.56666, 1.56668
1.56649, 1.56876, 1.55971, 1.56110
1.56099, 1.56545, 1.56038, 1.56099
1.56013, 1.56730, 1.56003, 1.56200
1.56140, 1.57090, 1.56030, 1.57090
1.56752, 1.57212, 1.56525, 1.56816
1.56791, 1.57533, 1.56529, 1.57080
1.57096, 1.57240, 1.56210, 1.56470
1.56432, 1.56778, 1.56122, 1.56380
1.56340, 1.56426, 1.55228, 1.55398
1.55306, 1.56166, 1.55228, 1.55758
1.55721, 1.56458, 1.55721, 1.55830
1.55843, 1.55910, 1.55229, 1.55500
1.55431, 1.55985, 1.54687, 1.55150
1.55032, 1.56047, 1.54982, 1.55900
1.55861, 1.56030, 1.55378, 1.55700
1.55556, 1.56474, 1.55526, 1.55622
1.55548, 1.55754, 1.54471, 1.54640
1.54588, 1.55769, 1.54275, 1.55538
1.55488, 1.55608, 1.54523, 1.54610
1.54552, 1.55225, 1.54481, 1.54632
1.54663, 1.55881, 1.54624, 1.55836
1.55758, 1.56135, 1.55144, 1.55144
1.55070, 1.56577, 1.55058, 1.55830
1.55721, 1.56358, 1.55674, 1.56091
1.55963, 1.56553, 1.55833, 1.56290
1.56260, 1.56488, 1.55934, 1.56173
1.56186, 1.56432, 1.55266, 1.55703
1.55634, 1.56246, 1.55332, 1.55964
1.55845, 1.56550, 1.55761, 1.56310
1.56290, 1.56680, 1.55769, 1.56595
1.56543, 1.56705, 1.55620, 1.55632
1.55688, 1.56169, 1.55384, 1.56030
1.55969, 1.56354, 1.55673, 1.55857
1.55740, 1.55986, 1.55505, 1.55680
1.55506, 1.56274, 1.55491, 1.55950
1.55949, 1.57381, 1.55844, 1.57205
1.57147, 1.57378, 1.55912, 1.56108
1.56106, 1.56387, 1.55782, 1.56049
1.55946, 1.56243, 1.55738, 1.55900
1.55709, 1.56476, 1.55600, 1.56192
1.56210, 1.56548, 1.56088, 1.56187
1.56033, 1.56590, 1.55890, 1.55930
1.55887, 1.56056, 1.55130, 1.55160
1.55169, 1.55515, 1.55010, 1.55160
1.55079, 1.55229, 1.54737, 1.54821
1.54816, 1.55023, 1.54031, 1.54260
1.54232, 1.54666, 1.53885, 1.54452
1.54402, 1.55054, 1.54291, 1.54828
1.54774, 1.55090, 1.54387, 1.54540
1.54511, 1.55275, 1.54247, 1.55217
1.55121, 1.55835, 1.55045, 1.55174
1.55119, 1.55917, 1.55047, 1.55887
1.55720, 1.56031, 1.55177, 1.55240
1.55133, 1.55892, 1.54995, 1.55620
1.55637, 1.56290, 1.55561, 1.55923
1.55911, 1.56007, 1.55292, 1.55375
1.55418, 1.56551, 1.55212, 1.56413
1.56381, 1.56690, 1.55371, 1.55490
1.55467, 1.55868, 1.54998, 1.55110
1.55047, 1.55636, 1.53801, 1.53821
1.53749, 1.54289, 1.53608, 1.53960
1.53866, 1.54879, 1.53540, 1.53934
1.53863, 1.55060, 1.53813, 1.54260
1.54228, 1.55257, 1.54143, 1.55067
1.55082, 1.55157, 1.53117, 1.53637
1.53585, 1.54127, 1.53354, 1.53960
1.53839, 1.54143, 1.53306, 1.53830
1.53733, 1.55188, 1.53689, 1.55110
1.55019, 1.55751, 1.55017, 1.55384
1.55453, 1.55515, 1.54623, 1.54951
1.54928, 1.55834, 1.54896, 1.55400
1.55352, 1.55539, 1.54657, 1.55100
1.55016, 1.55237, 1.54759, 1.55190
1.55168, 1.55363, 1.54733, 1.55190
1.55059, 1.55464, 1.54646, 1.54940
1.54799, 1.55204, 1.54485, 1.54550
1.54442, 1.55075, 1.54442, 1.54920
1.54912, 1.55177, 1.54642, 1.54987
1.55025, 1.55487, 1.54803, 1.55291
1.55484, 1.55529, 1.54731, 1.55110
1.55013, 1.56225, 1.54957, 1.56100
1.56128, 1.56601, 1.55740, 1.56442
1.56428, 1.57099, 1.55993, 1.56230
1.56093, 1.56609, 1.54785, 1.54940
1.54934, 1.55643, 1.54815, 1.54970
1.54906, 1.55366, 1.54822, 1.55150
1.55030, 1.55393, 1.54414, 1.54820
1.54776, 1.54974, 1.54019, 1.54680
1.54593, 1.54957, 1.54446, 1.54570
1.54700, 1.55352, 1.54598, 1.54990
1.54939, 1.55181, 1.54214, 1.54311
1.54321, 1.55662, 1.54247, 1.55370
1.55305, 1.56230, 1.55278, 1.56060
1.55981, 1.56690, 1.55962, 1.56670
1.56361, 1.57400, 1.56312, 1.57354
1.57152, 1.57844, 1.56838, 1.56970
1.56929, 1.57186, 1.56421, 1.56480
1.56474, 1.56851, 1.56188, 1.56269
1.56626, 1.57305, 1.56517, 1.56870
1.56861, 1.57157, 1.56590, 1.57000
1.56883, 1.57366, 1.56606, 1.56790
1.56743, 1.56882, 1.55666, 1.56009
1.55665, 1.56792, 1.55511, 1.56510
1.56460, 1.56672, 1.55642, 1.55780
1.55730, 1.56579, 1.55676, 1.56240
1.56169, 1.56377, 1.55425, 1.55640
1.55569, 1.55800, 1.55043, 1.55090
1.55090, 1.55897, 1.54988, 1.55290
1.55084, 1.55362, 1.54832, 1.55160
1.55135, 1.55355, 1.54167, 1.54274
1.54348, 1.54439, 1.53338, 1.53650
1.53552, 1.54319, 1.53514, 1.53781
1.53775, 1.54489, 1.53706, 1.53928
1.54002, 1.54778, 1.53837, 1.54400
1.54269, 1.54514, 1.52672, 1.52891
1.52893, 1.53820, 1.52833, 1.53750
1.53641, 1.55039, 1.53633, 1.54930
1.54661, 1.54917, 1.54290, 1.54700
1.54618, 1.54965, 1.54301, 1.54340
1.54259, 1.55184, 1.54176, 1.55020
1.54913, 1.55925, 1.54727, 1.55500
1.55455, 1.55807, 1.54713, 1.55030
1.55118, 1.55381, 1.54543, 1.55010
1.54911, 1.55126, 1.53880, 1.53920
1.53919, 1.54008, 1.53483, 1.53850
1.53796, 1.53958, 1.53188, 1.53355
1.53392, 1.53853, 1.53120, 1.53726
1.53555, 1.53851, 1.53406, 1.53484
1.53441, 1.54367, 1.53441, 1.53790
1.53877, 1.54122, 1.53737, 1.53891
1.53790, 1.54139, 1.53677, 1.54085
1.54003, 1.54412, 1.53735, 1.53770
1.53737, 1.53832, 1.53193, 1.53198
1.53217, 1.53783, 1.53121, 1.53594
1.53570, 1.53704, 1.52837, 1.52909
1.52833, 1.53664, 1.52832, 1.53300
1.53241, 1.53779, 1.52755, 1.52850
1.52865, 1.53502, 1.52620, 1.53387
1.53232, 1.53490, 1.52800, 1.52910
1.52821, 1.53040, 1.52096, 1.52220
1.52130, 1.53528, 1.52130, 1.53460
1.53399, 1.53860, 1.52900, 1.53780
1.53577, 1.53810, 1.52259, 1.52330
1.52308, 1.52825, 1.51998, 1.52763
1.52749, 1.52802, 1.52208, 1.52624
1.52609, 1.52695, 1.51398, 1.51623
1.51497, 1.51772, 1.50481, 1.50699
1.50692, 1.50815, 1.49913, 1.50014
1.49989, 1.50518, 1.49851, 1.50421
1.50236, 1.50681, 1.50229, 1.50515
1.50415, 1.50655, 1.50088, 1.50209
1.50083, 1.50199, 1.48927, 1.49090
1.49040, 1.49145, 1.48421, 1.48811
1.48801, 1.49023, 1.47918, 1.48048
1.48071, 1.48927, 1.48029, 1.48606
1.48618, 1.49156, 1.48057, 1.48809
1.48802, 1.49058, 1.48392, 1.48700
1.48703, 1.49541, 1.48496, 1.49426
1.49402, 1.49734, 1.48552, 1.49063
1.48999, 1.49252, 1.48377, 1.48574
1.48534, 1.48974, 1.48207, 1.48347
1.48340, 1.48591, 1.48010, 1.48225
1.48184, 1.48696, 1.48082, 1.48100
1.48048, 1.48289, 1.47696, 1.47921
1.47902, 1.47987, 1.47258, 1.47322
1.47237, 1.47968, 1.47233, 1.47740
1.47678, 1.48023, 1.47498, 1.47817
1.47755, 1.48116, 1.47411, 1.47890
1.47894, 1.49342, 1.47817, 1.49240
1.49178, 1.50327, 1.49111, 1.49670
1.49576, 1.49951, 1.49436, 1.49637
1.49612, 1.49979, 1.48938, 1.49030
1.49187, 1.49705, 1.48930, 1.49519
1.49506, 1.50285, 1.49499, 1.49730
1.49730, 1.50453, 1.49684, 1.49952
1.49895, 1.50181, 1.49454, 1.50114
1.50081, 1.50229, 1.49638, 1.49810
1.49697, 1.50952, 1.49499, 1.50790
1.50782, 1.51842, 1.50557, 1.51770
1.51700, 1.51911, 1.49897, 1.50364
1.50312, 1.50866, 1.49812, 1.50211
1.50229, 1.51012, 1.49939, 1.50890
1.50838, 1.50988, 1.49575, 1.49731
1.49794, 1.49992, 1.49634, 1.49930
1.49920, 1.49986, 1.49021, 1.49270
1.49287, 1.49375, 1.48790, 1.48800
1.48794, 1.48902, 1.47573, 1.47670
1.47758, 1.48395, 1.47616, 1.48054
1.48088, 1.48372, 1.47773, 1.47781
1.47803, 1.47849, 1.47036, 1.47220
1.47221, 1.47674, 1.46446, 1.46477
1.46496, 1.47854, 1.46475, 1.47450
1.47404, 1.47612, 1.46693, 1.46785
1.46701, 1.47465, 1.46680, 1.46985
1.46964, 1.47006, 1.45809, 1.46490
1.46388, 1.47201, 1.46285, 1.46861
1.46816, 1.47288, 1.46686, 1.46960
1.47037, 1.47411, 1.46591, 1.46630
1.46572, 1.47508, 1.46416, 1.47392
1.47398, 1.48161, 1.47217, 1.47526
1.47491, 1.47996, 1.47267, 1.47422
1.47387, 1.47842, 1.46683, 1.46931
1.46947, 1.47582, 1.46809, 1.47124
1.47135, 1.47842, 1.47080, 1.47790
1.47738, 1.48200, 1.47526, 1.47811
1.47701, 1.47949, 1.47049, 1.47121
1.47080, 1.47497, 1.46782, 1.47155
1.47147, 1.47770, 1.46987, 1.47456
1.47419, 1.47574, 1.46969, 1.47390
1.47402, 1.47528, 1.46894, 1.46923
1.46900, 1.47191, 1.46751, 1.46813
1.46798, 1.47250, 1.46653, 1.46925
1.46809, 1.47334, 1.46768, 1.47250
1.47240, 1.47568, 1.47000, 1.47460
1.47360, 1.47539, 1.47225, 1.47480
1.47468, 1.47594, 1.47082, 1.47230
1.47213, 1.47384, 1.46762, 1.47220
1.47185, 1.47479, 1.46980, 1.47206
1.47096, 1.47919, 1.47065, 1.47762
1.47678, 1.47826, 1.47042, 1.47250
1.47229, 1.47336, 1.46786, 1.47070
1.47058, 1.47962, 1.46967, 1.47936
1.47808, 1.48240, 1.47163, 1.47314
1.47262, 1.47574, 1.46872, 1.46918
1.46891, 1.47014, 1.46545, 1.46727
1.46739, 1.47188, 1.46627, 1.46996
1.46967, 1.47136, 1.46705, 1.46720
1.46712, 1.47256, 1.46652, 1.47107
1.47004, 1.47566, 1.46921, 1.47511
1.47421, 1.47707, 1.46632, 1.46969
1.46975, 1.47410, 1.46811, 1.47357
1.47351, 1.47400, 1.46110, 1.46200
1.46108, 1.46709, 1.46061, 1.46353
1.46295, 1.47710, 1.46159, 1.47259
1.47267, 1.47648, 1.46759, 1.47180
1.47151, 1.49141, 1.47054, 1.48439
1.48380, 1.48625, 1.47738, 1.47770
1.47821, 1.48315, 1.47636, 1.47650
1.47651, 1.48162, 1.47347, 1.47355
1.47320, 1.48112, 1.46899, 1.47988
1.47984, 1.48924, 1.47880, 1.48722
1.48687, 1.48977, 1.48406, 1.48873
1.48808, 1.50988, 1.48808, 1.50340
1.50360, 1.50595, 1.49322, 1.49352
1.49307, 1.49735, 1.47751, 1.48139
1.47986, 1.48810, 1.47733, 1.47825
1.47639, 1.48243, 1.47639, 1.47871
1.47815, 1.48334, 1.47790, 1.48085
1.48063, 1.48965, 1.47997, 1.48898
1.48899, 1.48938, 1.48219, 1.48289
1.48283, 1.48383, 1.47778, 1.47920
1.47886, 1.48193, 1.47593, 1.47949
1.48081, 1.48552, 1.47899, 1.48431
1.48394, 1.49241, 1.48281, 1.48701
1.48691, 1.49239, 1.48382, 1.48455
1.48447, 1.48495, 1.47661, 1.47870
1.47845, 1.47964, 1.47517, 1.47648
1.47527, 1.47827, 1.47401, 1.47618
1.47626, 1.47701, 1.46707, 1.46759
1.46741, 1.46939, 1.46610, 1.46829
1.46809, 1.47052, 1.46597, 1.46933
1.46917, 1.47679, 1.46831, 1.47604
1.47615, 1.48278, 1.47558, 1.48078
1.48064, 1.48660, 1.47750, 1.47816
1.47810, 1.48257, 1.47690, 1.48241
1.48231, 1.49808, 1.48071, 1.49805
1.49784, 1.51131, 1.49691, 1.50005
1.49901, 1.50095, 1.48507, 1.48563
1.48550, 1.48626, 1.47936, 1.47998
1.47989, 1.48476, 1.47904, 1.48199
1.48197, 1.49175, 1.48124, 1.49033
1.49036, 1.49247, 1.48706, 1.48772
1.48766, 1.49081, 1.48270, 1.48722
1.48702, 1.49339, 1.48600, 1.48959
1.48944, 1.49594, 1.48547, 1.49389
1.49373, 1.49650, 1.48907, 1.49023
1.49026, 1.49204, 1.48562, 1.48794
1.48682, 1.48993, 1.48600, 1.48726
1.48725, 1.49822, 1.48676, 1.49745
1.49735, 1.50618, 1.49427, 1.49964
1.49945, 1.50471, 1.49359, 1.49674
1.49684, 1.49860, 1.48818, 1.49846
1.49798, 1.49875, 1.49121, 1.49310
1.49304, 1.49917, 1.49164, 1.49806
1.49809, 1.50128, 1.49137, 1.49168
1.49170, 1.49381, 1.48505, 1.49242
1.49216, 1.49776, 1.48827, 1.49717
1.49537, 1.50970, 1.49407, 1.50313
1.50313, 1.50578, 1.49507, 1.50189
1.50188, 1.50339, 1.49008, 1.49344
1.49318, 1.49551, 1.48260, 1.48561
1.48555, 1.49085, 1.48137, 1.48310
1.48189, 1.48318, 1.47587, 1.47682
1.47676, 1.48384, 1.47342, 1.48141
1.48149, 1.48301, 1.47740, 1.47911
1.47906, 1.48004, 1.46445, 1.46783
1.46780, 1.47583, 1.46449, 1.46515
1.46565, 1.46814, 1.46028, 1.46258
1.46246, 1.46414, 1.45494, 1.45855
1.45845, 1.46229, 1.45372, 1.45489
1.45480, 1.45685, 1.44868, 1.44969
1.44969, 1.45120, 1.44118, 1.44363
1.44229, 1.44424, 1.43891, 1.44183
1.44173, 1.44391, 1.43463, 1.43699
1.43665, 1.44282, 1.43551, 1.44267
1.44245, 1.44307, 1.43214, 1.43437
1.43417, 1.43752, 1.43178, 1.43363
1.43250, 1.43854, 1.43250, 1.43704
1.43685, 1.44097, 1.43488, 1.43799
1.43796, 1.43867, 1.43415, 1.43480
1.43465, 1.43997, 1.43319, 1.43756
1.43738, 1.44070, 1.43277, 1.43995
1.43887, 1.44042, 1.43352, 1.43757
1.43736, 1.43769, 1.43351, 1.43655
1.43621, 1.44408, 1.42917, 1.43406
1.43393, 1.44339, 1.43078, 1.44212
1.44195, 1.44410, 1.42947, 1.43165
1.43106, 1.43608, 1.42950, 1.43490
1.43496, 1.43976, 1.43458, 1.43600
1.43576, 1.44067, 1.43576, 1.43817
1.43818, 1.44067, 1.43231, 1.43858
1.43869, 1.44127, 1.43337, 1.44061
1.43888, 1.44360, 1.43782, 1.44140
1.44133, 1.44613, 1.43909, 1.44183
1.44181, 1.44230, 1.43023, 1.43414
1.43380, 1.44452, 1.43103, 1.44025
1.44010, 1.44212, 1.43499, 1.43559
1.43511, 1.43765, 1.42152, 1.42202
1.42206, 1.42537, 1.42073, 1.42167
1.42148, 1.42835, 1.41741, 1.42727
1.42728, 1.43571, 1.42627, 1.43274
1.43261, 1.43294, 1.42393, 1.42580
1.42677, 1.42893, 1.42327, 1.42691
1.42674, 1.43530, 1.42395, 1.42503
1.42492, 1.42693, 1.41626, 1.41811
1.41791, 1.42279, 1.41703, 1.41718
1.41710, 1.44844, 1.41701, 1.44766
1.44050, 1.44300, 1.43335, 1.43824
1.43809, 1.45486, 1.43693, 1.44920
1.44893, 1.45201, 1.44188, 1.45088
1.45076, 1.45526, 1.44538, 1.44677
1.44670, 1.45333, 1.43974, 1.45246
1.44899, 1.45144, 1.43864, 1.43938
1.43911, 1.44040, 1.42087, 1.42391
1.42370, 1.43671, 1.42216, 1.43472
1.43467, 1.43662, 1.43188, 1.43544
1.43526, 1.44013, 1.43040, 1.43947
1.43951, 1.44703, 1.43515, 1.44532
1.44452, 1.45180, 1.44227, 1.44784
1.44757, 1.45468, 1.44654, 1.44910
1.44889, 1.45187, 1.44170, 1.44736
1.44716, 1.45344, 1.44456, 1.44886
1.44776, 1.46447, 1.44731, 1.45957
1.45943, 1.46275, 1.45572, 1.45654
1.45611, 1.46123, 1.45379, 1.45389
1.45373, 1.45731, 1.44811, 1.45068
1.45010, 1.45493, 1.44839, 1.44945
1.44763, 1.45343, 1.44607, 1.44785
1.44782, 1.45109, 1.44536, 1.44912
1.44894, 1.45545, 1.44537, 1.45159
1.45133, 1.45205, 1.44194, 1.44237
1.44227, 1.44379, 1.43475, 1.43991
1.43698, 1.44383, 1.43573, 1.43973
1.43962, 1.44194, 1.43273, 1.43369
1.43358, 1.44383, 1.43169, 1.44345
1.44325, 1.44798, 1.43577, 1.43771
1.43749, 1.44015, 1.43317, 1.43585
1.43504, 1.43850, 1.42829, 1.43573
1.43546, 1.43607, 1.42835, 1.42918
1.42910, 1.43192, 1.42334, 1.43047
1.43029, 1.43384, 1.42875, 1.43376
1.43337, 1.43573, 1.42910, 1.43174
1.43056, 1.43276, 1.42530, 1.42742
1.42737, 1.42800, 1.41606, 1.41719
1.41699, 1.42060, 1.41275, 1.41939
1.41927, 1.42087, 1.40987, 1.41375
1.41375, 1.42765, 1.41356, 1.42714
1.42592, 1.43714, 1.42190, 1.43094
1.43084, 1.43191, 1.42239, 1.42716
1.42702, 1.42753, 1.41624, 1.42342
1.42324, 1.42761, 1.41171, 1.41969
1.41960, 1.42629, 1.41760, 1.42265
1.42173, 1.42874, 1.42038, 1.42700
1.42698, 1.43271, 1.42429, 1.42947
1.42941, 1.43570, 1.42882, 1.43234
1.43220, 1.45105, 1.43138, 1.44996
1.44976, 1.46331, 1.44889, 1.46115
1.45919, 1.46102, 1.44755, 1.44894
1.44894, 1.45209, 1.44500, 1.45019
1.45011, 1.45243, 1.44695, 1.44722
1.44712, 1.45607, 1.44584, 1.45379
1.45369, 1.45369, 1.44164, 1.44457
1.44345, 1.44748, 1.43714, 1.43874
1.43864, 1.45013, 1.43692, 1.44428
1.44426, 1.44575, 1.43861, 1.44302
1.44291, 1.44610, 1.44037, 1.44371
1.44350, 1.44522, 1.44019, 1.44393
1.44306, 1.44964, 1.44189, 1.44220
1.44197, 1.44794, 1.44037, 1.44617
1.44607, 1.44675, 1.43759, 1.43931
1.43930, 1.44070, 1.42862, 1.43449
1.43422, 1.43758, 1.43023, 1.43118
1.42111, 1.43041, 1.41833, 1.42158
1.42136, 1.42252, 1.40935, 1.41714
1.41687, 1.41794, 1.40305, 1.40506
1.40474, 1.40532, 1.39654, 1.40289
1.40273, 1.40321, 1.38940, 1.39195
1.39017, 1.39469, 1.37611, 1.39078
1.39079, 1.41076, 1.38963, 1.40504
1.40471, 1.42258, 1.40320, 1.41793
1.41784, 1.42316, 1.40035, 1.40296
1.40279, 1.40912, 1.38564, 1.39118
1.38955, 1.40655, 1.38865, 1.40251
1.40249, 1.41601, 1.39690, 1.39764
1.39761, 1.40285, 1.39399, 1.39824
1.39822, 1.40714, 1.39672, 1.39985
1.39959, 1.40299, 1.38929, 1.39258
1.39348, 1.39456, 1.38567, 1.38690
1.38690, 1.39131, 1.38116, 1.38597
1.38612, 1.38854, 1.37831, 1.38223
1.38233, 1.38351, 1.37545, 1.37701
1.37713, 1.38320, 1.36898, 1.37021
1.37094, 1.38182, 1.36717, 1.37536
1.37504, 1.39349, 1.37278, 1.38611
1.38579, 1.39581, 1.38372, 1.39274
1.39253, 1.39787, 1.38043, 1.38397
1.38365, 1.38674, 1.37822, 1.38213
1.38067, 1.38420, 1.36911, 1.36977
1.36974, 1.37098, 1.35876, 1.36193
1.36173, 1.36706, 1.36000, 1.36697
1.36652, 1.37483, 1.36485, 1.36971
1.36960, 1.37110, 1.36572, 1.36723
1.36974, 1.37585, 1.36833, 1.37495
1.37474, 1.37640, 1.36554, 1.36858
1.36859, 1.37200, 1.36549, 1.36805
1.36769, 1.37118, 1.35533, 1.36495
1.36450, 1.36481, 1.36065, 1.36244
1.36157, 1.36529, 1.35875, 1.35948
1.35920, 1.36449, 1.35416, 1.36119
1.36112, 1.36348, 1.35311, 1.35582
1.35550, 1.36438, 1.35179, 1.36337
1.36320, 1.37408, 1.36216, 1.37307
1.37373, 1.37588, 1.36227, 1.36415
1.36400, 1.36864, 1.35994, 1.36385
1.36395, 1.36433, 1.35106, 1.35346
1.35323, 1.35323, 1.34308, 1.34436
1.34423, 1.35778, 1.33838, 1.35561
1.35291, 1.35959, 1.35190, 1.35291
1.35268, 1.35915, 1.34968, 1.35067
1.35048, 1.35490, 1.34719, 1.35268
1.35252, 1.35476, 1.34586, 1.35297
1.35275, 1.36476, 1.34795, 1.36056
1.35986, 1.37431, 1.35827, 1.37410
1.37400, 1.37676, 1.36733, 1.37166
1.37149, 1.37290, 1.36349, 1.36582
1.36572, 1.36947, 1.35005, 1.35423
1.35391, 1.35482, 1.34163, 1.34336
1.34325, 1.35002, 1.33916, 1.34043
1.34027, 1.35449, 1.33887, 1.35128
1.35117, 1.35230, 1.34488, 1.34867
1.34854, 1.35876, 1.34503, 1.35671
1.35663, 1.35716, 1.35054, 1.35468
1.35573, 1.36723, 1.35418, 1.36516
1.36497, 1.38071, 1.36367, 1.37615
1.37595, 1.37687, 1.36678, 1.36866
1.36846, 1.37478, 1.36766, 1.36989
1.36972, 1.37261, 1.36346, 1.36491
1.36533, 1.36748, 1.36260, 1.36389
1.36379, 1.36404, 1.35030, 1.35777
1.35754, 1.35883, 1.34426, 1.34830
1.34804, 1.35389, 1.34717, 1.35088
1.35037, 1.35296, 1.34660, 1.34952
1.34913, 1.35050, 1.34210, 1.34514
1.34516, 1.34753, 1.34065, 1.34162
1.34138, 1.34678, 1.33883, 1.34546
1.34536, 1.35495, 1.34264, 1.34842
1.34836, 1.35153, 1.34198, 1.34463
1.34284, 1.34651, 1.34008, 1.34218
1.34206, 1.35273, 1.34074, 1.34948
1.34895, 1.36055, 1.34319, 1.34635
1.34613, 1.36752, 1.34186, 1.36600
1.36571, 1.36985, 1.36090, 1.36707
1.36433, 1.37015, 1.36344, 1.36424
1.36396, 1.36800, 1.35979, 1.36049
1.36050, 1.37139, 1.35983, 1.36809
1.36793, 1.37090, 1.35918, 1.36704
1.36674, 1.36866, 1.36000, 1.36059
1.36003, 1.36662, 1.35823, 1.36234
1.36226, 1.36257, 1.35135, 1.35437
1.35426, 1.35628, 1.34547, 1.34649
1.34621, 1.35116, 1.34039, 1.34953
1.34944, 1.35255, 1.34100, 1.34319
1.34039, 1.34578, 1.33961, 1.33992
1.33964, 1.34219, 1.32932, 1.33769
1.33738, 1.33896, 1.32466, 1.32760
1.32742, 1.32957, 1.31732, 1.31778
1.31768, 1.32202, 1.31166, 1.31721
1.31646, 1.31847, 1.30515, 1.30568
1.30547, 1.31140, 1.30357, 1.30700
1.30689, 1.31146, 1.29668, 1.30514
1.30495, 1.31905, 1.30049, 1.31392
1.31376, 1.31631, 1.31062, 1.31371
1.31276, 1.31909, 1.31010, 1.31700
1.31658, 1.32902, 1.31332, 1.31595
1.31590, 1.32114, 1.30934, 1.31151
1.31131, 1.32477, 1.31026, 1.31569
1.31565, 1.31937, 1.30502, 1.31858
1.31908, 1.32167, 1.31092, 1.31293
1.31275, 1.31520, 1.30283, 1.30342
1.30327, 1.31027, 1.30109, 1.30763
1.30751, 1.31086, 1.29661, 1.30570
1.30555, 1.31399, 1.30285, 1.30844
1.30714, 1.31843, 1.30619, 1.31682
1.31701, 1.32179, 1.30678, 1.30918
1.30901, 1.31158, 1.30239, 1.30547
1.30535, 1.31809, 1.30461, 1.31786
1.31772, 1.31963, 1.31352, 1.31649
1.31467, 1.31713, 1.30976, 1.31058
1.31033, 1.31876, 1.30925, 1.31588
1.31588, 1.32721, 1.31387, 1.31535
1.31529, 1.32130, 1.31360, 1.31731
1.31718, 1.31807, 1.30966, 1.30993
1.30945, 1.32088, 1.30853, 1.31069
1.31075, 1.31202, 1.30516, 1.30621
1.30597, 1.31639, 1.30458, 1.31408
1.31390, 1.31641, 1.30472, 1.30587
1.30552, 1.30914, 1.30254, 1.30430
1.30273, 1.30481, 1.29458, 1.29763
1.29746, 1.29842, 1.29039, 1.29115
1.29116, 1.29733, 1.28871, 1.29266
1.29238, 1.29513, 1.28747, 1.28885
1.28883, 1.30416, 1.28787, 1.29944
1.29827, 1.30532, 1.29540, 1.30067
1.30048, 1.31383, 1.29800, 1.31115
1.31104, 1.32044, 1.30729, 1.32035
1.32011, 1.32435, 1.30724, 1.30841
1.30839, 1.31641, 1.30665, 1.30677
1.30274, 1.30721, 1.29981, 1.30471
1.30450, 1.30916, 1.29769, 1.30232
1.30243, 1.31399, 1.30114, 1.31264
1.31270, 1.31708, 1.30482, 1.30877
1.30860, 1.31453, 1.30576, 1.30797
1.31626, 1.32419, 1.31027, 1.31417
1.31411, 1.32021, 1.30944, 1.31303
1.31292, 1.31953, 1.31126, 1.31381
1.31353, 1.32340, 1.31173, 1.32251
1.32236, 1.33229, 1.32132, 1.32827
1.32693, 1.33161, 1.32558, 1.32814
1.32798, 1.33337, 1.32407, 1.33261
1.33246, 1.33326, 1.31785, 1.32484
1.32458, 1.33127, 1.32309, 1.32611
1.32598, 1.32691, 1.31509, 1.31697
1.31511, 1.32754, 1.29984, 1.31971
1.31956, 1.32215, 1.31514, 1.31647
1.31640, 1.32692, 1.31229, 1.32439
1.32435, 1.34351, 1.32141, 1.34241
1.34250, 1.35617, 1.33685, 1.35561
1.35225, 1.35401, 1.33654, 1.33836
1.33833, 1.35687, 1.33715, 1.34885
1.34889, 1.35033, 1.34466, 1.34609
1.34558, 1.35251, 1.34362, 1.34586
1.34565, 1.34725, 1.33449, 1.33791
1.33590, 1.33860, 1.32925, 1.33717
1.33695, 1.34458, 1.33594, 1.33837
1.33841, 1.34205, 1.33290, 1.34081
1.34060, 1.34947, 1.33840, 1.34426
1.34408, 1.35367, 1.34093, 1.34953
1.34784, 1.35089, 1.34297, 1.34994
1.34982, 1.35867, 1.34678, 1.35401
1.35392, 1.35510, 1.34412, 1.34493
1.34489, 1.34820, 1.34036, 1.34726
1.34704, 1.35143, 1.34275, 1.34568
1.34532, 1.35818, 1.34297, 1.35341
1.35332, 1.35933, 1.35099, 1.35615
1.35600, 1.36951, 1.35340, 1.36651
1.36627, 1.36862, 1.34967, 1.35173
1.35134, 1.35940, 1.35045, 1.35580
1.35531, 1.35782, 1.34525, 1.34579
1.34579, 1.35098, 1.34431, 1.34558
1.34552, 1.35148, 1.34333, 1.34520
1.34528, 1.34680, 1.33732, 1.33936
1.33963, 1.34292, 1.32706, 1.34232
1.34076, 1.35390, 1.34003, 1.35173
1.35157, 1.35478, 1.34778, 1.35231
1.35234, 1.35523, 1.34732, 1.35412
1.35403, 1.36078, 1.34582, 1.35916
1.35884, 1.37344, 1.35723, 1.37187
1.37123, 1.37610, 1.36582, 1.37514
1.37494, 1.38618, 1.36872, 1.37383
1.37377, 1.38715, 1.37172, 1.38505
1.38488, 1.38609, 1.37811, 1.38121
1.38075, 1.38745, 1.37909, 1.38148
1.37951, 1.38268, 1.37372, 1.37721
1.37600, 1.37887, 1.37338, 1.37708
1.37708, 1.39058, 1.37701, 1.38788
1.38788, 1.39295, 1.38588, 1.38849
1.38835, 1.39268, 1.38506, 1.38945
1.38890, 1.40860, 1.38822, 1.39523
1.39476, 1.41253, 1.38922, 1.40243
1.40217, 1.40553, 1.39448, 1.39751
1.39717, 1.41448, 1.39552, 1.41342
1.41312, 1.41957, 1.40843, 1.41904
1.41711, 1.42726, 1.41326, 1.42559
1.42516, 1.43496, 1.42455, 1.42840
1.42838, 1.44022, 1.42654, 1.43427
1.43398, 1.43981, 1.42768, 1.43474
1.43463, 1.44150, 1.43317, 1.43730
1.43454, 1.44604, 1.43454, 1.43656
1.43632, 1.44477, 1.43330, 1.43998
1.43983, 1.44765, 1.43868, 1.44682
1.44678, 1.45920, 1.43912, 1.45209
1.45181, 1.45611, 1.44790, 1.45005
1.44763, 1.45347, 1.44533, 1.44792
1.44776, 1.45172, 1.44246, 1.44632
1.44610, 1.44930, 1.44183, 1.44339
1.44329, 1.44931, 1.44211, 1.44618
1.44610, 1.44781, 1.44075, 1.44201
1.44463, 1.44493, 1.44192, 1.44401
1.44393, 1.44438, 1.43387, 1.43823
1.43789, 1.44491, 1.43557, 1.44376
1.44341, 1.44818, 1.44147, 1.44403
1.44407, 1.45128, 1.44134, 1.44951
1.44644, 1.45078, 1.44415, 1.44637
1.44581, 1.45194, 1.43435, 1.44151
1.44141, 1.44558, 1.42876, 1.42899
1.42893, 1.43594, 1.42690, 1.42739
1.42742, 1.43406, 1.42334, 1.43053
1.42904, 1.43870, 1.42728, 1.43695
1.43672, 1.44229, 1.43536, 1.44077
1.44076, 1.44780, 1.43833, 1.44376
1.44354, 1.45063, 1.44015, 1.45011
1.44983, 1.45341, 1.44535, 1.45081
1.44929, 1.45249, 1.44740, 1.45088
1.45076, 1.45574, 1.44289, 1.44438
1.44435, 1.45677, 1.44068, 1.45609
1.45590, 1.46393, 1.45393, 1.45820
1.45806, 1.46124, 1.45191, 1.45245
1.45335, 1.45998, 1.45154, 1.45306
1.45309, 1.45533, 1.44999, 1.45512
1.45503, 1.46414, 1.45169, 1.46120
1.46126, 1.46373, 1.44948, 1.45082
1.45056, 1.45184, 1.44402, 1.44635
1.44564, 1.45427, 1.44490, 1.45241
1.45223, 1.45859, 1.44490, 1.44497
1.44501, 1.46100, 1.44418, 1.46009
1.45992, 1.46405, 1.45135, 1.45239
1.45241, 1.46161, 1.44600, 1.44658
1.44620, 1.44785, 1.43998, 1.44195
1.44194, 1.44263, 1.43591, 1.43698
1.43648, 1.44222, 1.43544, 1.44082
1.44037, 1.44603, 1.43923, 1.44452
1.44419, 1.44483, 1.42412, 1.42486
1.42512, 1.43119, 1.42371, 1.42967
1.42959, 1.43643, 1.42921, 1.43175
1.43174, 1.43762, 1.42966, 1.43132
1.43117, 1.43705, 1.42919, 1.43609
1.43566, 1.44133, 1.43407, 1.44085
1.43994, 1.44111, 1.43624, 1.43758
1.43739, 1.44335, 1.43263, 1.44109
1.44108, 1.44421, 1.43672, 1.43693
1.43671, 1.43722, 1.43292, 1.43540
1.43492, 1.44078, 1.43397, 1.43478
1.43495, 1.44068, 1.43265, 1.44002
1.43976, 1.44820, 1.43726, 1.44292
1.44281, 1.45497, 1.44203, 1.44996
1.44990, 1.45084, 1.44006, 1.44064
1.44043, 1.44811, 1.43813, 1.44553
1.44474, 1.45534, 1.44358, 1.45396
1.45375, 1.45584, 1.45033, 1.45080
1.45050, 1.45687, 1.44851, 1.45522
1.45497, 1.46375, 1.45406, 1.46312
1.46281, 1.47591, 1.46193, 1.47093
1.47608, 1.47819, 1.46655, 1.47285
1.47274, 1.47431, 1.46150, 1.46839
1.46836, 1.47093, 1.44891, 1.45501
1.45518, 1.46163, 1.45161, 1.45585
1.45562, 1.46576, 1.45540, 1.46447
1.46385, 1.46795, 1.46000, 1.46432
1.46435, 1.47960, 1.46435, 1.47586
1.47594, 1.49109, 1.47378, 1.49055
1.48960, 1.49370, 1.48389, 1.48473
1.48485, 1.48689, 1.47648, 1.47819
1.47905, 1.48009, 1.47338, 1.47479
1.47471, 1.48105, 1.47333, 1.47442
1.47418, 1.47614, 1.46918, 1.46995
1.46987, 1.47847, 1.46669, 1.47429
1.47416, 1.47690, 1.46455, 1.46499
1.46218, 1.46557, 1.45773, 1.46499
1.46439, 1.47516, 1.46210, 1.47285
1.47249, 1.47659, 1.46607, 1.46726
1.46685, 1.47368, 1.46513, 1.47287
1.47239, 1.47514, 1.47109, 1.47258
1.47188, 1.47378, 1.46611, 1.46688
1.46677, 1.47522, 1.46560, 1.46928
1.46898, 1.47881, 1.46794, 1.47722
1.47688, 1.48036, 1.47273, 1.47331
1.47313, 1.47534, 1.46827, 1.46842
1.46809, 1.46911, 1.46221, 1.46335
1.46304, 1.46987, 1.46121, 1.46884
1.46871, 1.47491, 1.46680, 1.47431
1.47408, 1.47979, 1.47297, 1.47813
1.47770, 1.48825, 1.47625, 1.48776
1.48605, 1.49664, 1.48605, 1.49543
1.49530, 1.49897, 1.49344, 1.49522
1.49482, 1.51113, 1.49349, 1.50546
1.50509, 1.50720, 1.49754, 1.49873
1.49825, 1.50305, 1.49095, 1.49184
1.49113, 1.49630, 1.48394, 1.48637
1.48581, 1.49973, 1.48436, 1.49848
1.49828, 1.50712, 1.49690, 1.50574
1.50541, 1.50972, 1.48992, 1.49078
1.49059, 1.49223, 1.47324, 1.47341
1.47334, 1.47649, 1.46949, 1.47144
1.47088, 1.47167, 1.46569, 1.46695
1.46667, 1.47041, 1.46256, 1.46842
1.46813, 1.47372, 1.46303, 1.47221
1.47221, 1.47477, 1.46726, 1.47061
1.46953, 1.47239, 1.46364, 1.46420
1.46392, 1.46742, 1.45852, 1.46391
1.46319, 1.46599, 1.45612, 1.45809
1.45796, 1.46044, 1.45112, 1.45395
1.45374, 1.46285, 1.45201, 1.45824
1.45780, 1.46260, 1.45780, 1.46020
1.45980, 1.46163, 1.45220, 1.45414
1.45399, 1.46365, 1.45288, 1.46118
1.46100, 1.46303, 1.45667, 1.46291
1.46263, 1.46476, 1.45889, 1.46018
1.45872, 1.46021, 1.45492, 1.45519
1.45500, 1.46123, 1.45152, 1.45953
1.45928, 1.46107, 1.44632, 1.45038
1.45012, 1.45382, 1.44443, 1.44706
1.44687, 1.44751, 1.43695, 1.43756
1.43633, 1.44237, 1.43396, 1.44007
1.43993, 1.44058, 1.43168, 1.43273
1.43266, 1.43805, 1.42889, 1.43031
1.43006, 1.44272, 1.42819, 1.43973
1.43940, 1.44134, 1.43185, 1.43371
1.43256, 1.43920, 1.43216, 1.43758
1.43749, 1.44362, 1.43451, 1.43661
1.43650, 1.44406, 1.43374, 1.44299
1.44266, 1.44991, 1.44086, 1.44681
1.44642, 1.45014, 1.44091, 1.44367
1.44084, 1.44664, 1.43966, 1.44250
1.44234, 1.44760, 1.44125, 1.44443
1.44436, 1.44660, 1.44157, 1.44609
1.44588, 1.44861, 1.44007, 1.44028
1.44026, 1.44230, 1.43139, 1.43562
1.43639, 1.43784, 1.43242, 1.43429
1.43403, 1.44606, 1.43269, 1.44557
1.44539, 1.45162, 1.44422, 1.44655
1.44643, 1.45044, 1.43910, 1.44005
1.43959, 1.44695, 1.43641, 1.44514
1.44412, 1.44688, 1.44216, 1.44592
1.44561, 1.44626, 1.43802, 1.43838
1.43835, 1.44748, 1.43754, 1.44148
1.44135, 1.45614, 1.44049, 1.45589
1.45551, 1.45706, 1.45107, 1.45583
1.45367, 1.46079, 1.45356, 1.46065
1.46056, 1.46193, 1.45587, 1.45634
1.45611, 1.46948, 1.45551, 1.46754
1.46737, 1.47273, 1.46525, 1.47150
1.47083, 1.48551, 1.46980, 1.48402
1.48223, 1.48712, 1.47761, 1.48351
1.48307, 1.48799, 1.47791, 1.47836
1.47824, 1.48038, 1.47244, 1.47456
1.47425, 1.47587, 1.46478, 1.46594
1.46589, 1.47126, 1.46319, 1.47091
1.46946, 1.47180, 1.45613, 1.45689
1.45665, 1.45840, 1.45291, 1.45598
1.45559, 1.46557, 1.45463, 1.46395
1.46361, 1.47006, 1.44884, 1.45136
1.45115, 1.46170, 1.44833, 1.45914
1.45674, 1.46128, 1.44830, 1.45001
1.44974, 1.45955, 1.44865, 1.45871
1.45840, 1.46282, 1.45502, 1.46018
1.45976, 1.46309, 1.45759, 1.46210
1.46165, 1.47440, 1.45990, 1.47340
1.47133, 1.47320, 1.46739, 1.47062
1.47048, 1.47696, 1.46912, 1.46994
1.46975, 1.47685, 1.46858, 1.47280
1.47264, 1.47953, 1.47187, 1.47629
1.47590, 1.48005, 1.47102, 1.47180
1.47069, 1.47385, 1.46553, 1.46787
1.46770, 1.47596, 1.46649, 1.47157
1.47150, 1.47596, 1.47071, 1.47188
1.47163, 1.47413, 1.46915, 1.47246
1.47279, 1.47279, 1.47279, 1.47279