1.17625, 1.17691, 1.17312, 1.17444
1.17362, 1.17638, 1.17350, 1.17522
1.17385, 1.17747, 1.17373, 1.17619
1.17593, 1.18043, 1.17550, 1.17970
1.17975, 1.18052, 1.17717, 1.17926
1.17933, 1.18049, 1.17688, 1.17770
1.17668, 1.17980, 1.17609, 1.17800
1.17795, 1.18258, 1.17676, 1.18233
1.18233, 1.18805, 1.18157, 1.18445
1.18472, 1.18897, 1.18407, 1.18618
1.18576, 1.18794, 1.18498, 1.18577
1.18593, 1.18846, 1.18534, 1.18822
1.18817, 1.19536, 1.18793, 1.19500
1.19470, 1.19917, 1.19468, 1.19863
1.19859, 1.20013, 1.19568, 1.19910
1.19895, 1.20050, 1.19498, 1.19777
1.19567, 1.19834, 1.19258, 1.19404
1.19416, 1.19901, 1.19246, 1.19747
1.19708, 1.19966, 1.19553, 1.19555
1.19562, 1.19897, 1.19540, 1.19715
1.19699, 1.19837, 1.19521, 1.19827
1.19726, 1.19872, 1.19557, 1.19663
1.19671, 1.19732, 1.19353, 1.19523
1.19492, 1.19630, 1.19345, 1.19420
1.19393, 1.19686, 1.19347, 1.19609
1.19604, 1.19745, 1.19358, 1.19577
1.19573, 1.19792, 1.19469, 1.19544
1.19536, 1.19596, 1.18661, 1.18850
1.18841, 1.19221, 1.18662, 1.19147
1.19131, 1.19571, 1.18992, 1.19502
1.19484, 1.19574, 1.19245, 1.19440
1.19368, 1.19798, 1.19305, 1.19319
1.19314, 1.19410, 1.18481, 1.18533
1.18517, 1.18620, 1.17708, 1.18209
1.18221, 1.18403, 1.18022, 1.18141
1.18083, 1.18173, 1.17296, 1.17403
1.17409, 1.17614, 1.17068, 1.17568
1.17574, 1.17710, 1.16838, 1.16917
1.16914, 1.16964, 1.15807, 1.16466
1.16447, 1.16522, 1.15879, 1.16181
1.16158, 1.16421, 1.15290, 1.15290
1.15767, 1.16286, 1.15452, 1.15487
1.15488, 1.15540, 1.13678, 1.14393
1.14344, 1.15670, 1.14188, 1.15372
1.15346, 1.15711, 1.14631, 1.15291
1.15222, 1.15740, 1.15013, 1.15160
1.15218, 1.15645, 1.15194, 1.15567
1.15567, 1.15634, 1.15062, 1.15390
1.15390, 1.16396, 1.15293, 1.16167
1.16163, 1.16348, 1.15581, 1.15658
1.15657, 1.16187, 1.15368, 1.15922
1.15879, 1.16565, 1.15866, 1.16113
1.16113, 1.16250, 1.15808, 1.15904
1.15903, 1.16244, 1.15861, 1.16222
1.16221, 1.16492, 1.15318, 1.15325
1.15325, 1.15859, 1.15252, 1.15778
1.15542, 1.15715, 1.15329, 1.15670
1.15671, 1.15721, 1.14868, 1.15204
1.15213, 1.15523, 1.15081, 1.15311
1.15309, 1.15408, 1.14788, 1.15078
1.15078, 1.15506, 1.14976, 1.15109
1.15127, 1.15570, 1.14898, 1.15505
1.15506, 1.15650, 1.15248, 1.15388
1.15387, 1.15548, 1.15091, 1.15195
1.15195, 1.15655, 1.15041, 1.15399
1.15398, 1.16002, 1.15233, 1.15666
1.15528, 1.15708, 1.15341, 1.15619
1.15616, 1.15852, 1.15523, 1.15708
1.15711, 1.15838, 1.15489, 1.15698
1.15697, 1.16193, 1.15630, 1.16158
1.16142, 1.16394, 1.15912, 1.16262
1.16106, 1.16565, 1.16051, 1.16508
1.16508, 1.16589, 1.16317, 1.16508
1.16508, 1.16583, 1.16187, 1.16277
1.16277, 1.17081, 1.16191, 1.16976
1.16976, 1.17088, 1.16575, 1.17025
1.17023, 1.17137, 1.16699, 1.16722
1.16721, 1.16813, 1.16398, 1.16629
1.16629, 1.16693, 1.16025, 1.16273
1.16278, 1.16396, 1.16133, 1.16348
1.16348, 1.16543, 1.16148, 1.16326
1.16275, 1.16413, 1.16026, 1.16079
1.16078, 1.16315, 1.15951, 1.16088
1.16098, 1.16340, 1.15947, 1.16310
1.16315, 1.16379, 1.15742, 1.15752
1.15752, 1.16057, 1.15668, 1.15960
1.15808, 1.16042, 1.15666, 1.15671
1.15671, 1.15975, 1.15604, 1.15778
1.15781, 1.16038, 1.15641, 1.15668
1.15683, 1.15709, 1.15300, 1.15322
1.15343, 1.15418, 1.14971, 1.15003
1.14956, 1.15284, 1.14956, 1.15120
1.15120, 1.15476, 1.15091, 1.15464
1.15465, 1.15574, 1.15272, 1.15300
1.15308, 1.15366, 1.14502, 1.14539
1.14539, 1.14610, 1.13396, 1.13527
1.12945, 1.13604, 1.12864, 1.13290
1.13290, 1.13548, 1.12657, 1.12775
1.12775, 1.13053, 1.12434, 1.12738
1.12738, 1.13476, 1.12583, 1.13398
1.13398, 1.13935, 1.13237, 1.13870
1.13777, 1.13868, 1.13531, 1.13815
1.13789, 1.14183, 1.13587, 1.13941
1.13941, 1.14097, 1.13745, 1.14005
1.13991, 1.14073, 1.13642, 1.13800
1.13799, 1.14300, 1.13664, 1.14261
1.14219, 1.14499, 1.14105, 1.14390
1.14373, 1.14538, 1.14163, 1.14169
1.14169, 1.14232, 1.13438, 1.13602
1.13602, 1.13686, 1.13029, 1.13081
1.13080, 1.13110, 1.12391, 1.12397
1.12405, 1.12714, 1.12399, 1.12576
1.12575, 1.12903, 1.12417, 1.12846
1.12845, 1.13204, 1.12530, 1.13028
1.13024, 1.13113, 1.12174, 1.12174
1.12168, 1.12450, 1.11831, 1.11942
1.11865, 1.13155, 1.11848, 1.13029
1.13029, 1.13433, 1.12634, 1.12838
1.12832, 1.13112, 1.12685, 1.12823
1.12823, 1.13153, 1.12617, 1.12883
1.12898, 1.13038, 1.12406, 1.12417
1.12410, 1.12599, 1.12304, 1.12424
1.12428, 1.12621, 1.12219, 1.12520
1.12509, 1.13264, 1.12478, 1.12896
1.12896, 1.13212, 1.12728, 1.12938
1.12937, 1.13082, 1.12216, 1.12577
1.12559, 1.13363, 1.12518, 1.13332
1.13332, 1.13821, 1.13231, 1.13539
1.13537, 1.13848, 1.13319, 1.13397
1.13397, 1.14147, 1.13114, 1.13767
1.13767, 1.13985, 1.12807, 1.13904
1.13810, 1.14282, 1.13644, 1.13892
1.13888, 1.13945, 1.13121, 1.13604
1.13593, 1.14208, 1.13572, 1.13884
1.13883, 1.14352, 1.13659, 1.14181
1.14174, 1.14495, 1.14109, 1.14255
1.14234, 1.14416, 1.13812, 1.14031
1.14028, 1.14153, 1.13688, 1.13976
1.13959, 1.14438, 1.13895, 1.14044
1.14042, 1.14889, 1.13914, 1.14709
1.14710, 1.14925, 1.14488, 1.14590
1.14351, 1.14638, 1.14147, 1.14270
1.14270, 1.14782, 1.14238, 1.14651
1.14608, 1.14828, 1.14374, 1.14454
1.14452, 1.14661, 1.13986, 1.14013
1.14009, 1.14917, 1.13918, 1.14699
1.14528, 1.15008, 1.14165, 1.14188
1.14166, 1.14298, 1.13969, 1.14109
1.14097, 1.14184, 1.13547, 1.13656
1.13656, 1.14159, 1.13547, 1.13701
1.13698, 1.13857, 1.13428, 1.13662
1.13637, 1.14090, 1.13634, 1.13936
1.13937, 1.14188, 1.13706, 1.14028
1.14030, 1.14142, 1.13793, 1.13984
1.14000, 1.14487, 1.14000, 1.14297
1.14263, 1.14548, 1.14051, 1.14231
1.14235, 1.14630, 1.14130, 1.14582
1.14453, 1.14699, 1.14443, 1.14549
1.14418, 1.14695, 1.14374, 1.14547
1.14534, 1.14699, 1.14277, 1.14317
1.14296, 1.14382, 1.13829, 1.13911
1.13785, 1.13993, 1.13341, 1.13396
1.13375, 1.13873, 1.13347, 1.13705
1.13709, 1.14233, 1.13588, 1.13769
1.13692, 1.14201, 1.13444, 1.14062
1.13862, 1.14339, 1.13862, 1.14090
1.14077, 1.14173, 1.13704, 1.13801
1.13690, 1.13811, 1.13053, 1.13128
1.13109, 1.13468, 1.13036, 1.13221
1.13155, 1.13571, 1.13154, 1.13364
1.13326, 1.13544, 1.12967, 1.13008
1.13002, 1.13419, 1.12985, 1.13120
1.13080, 1.13246, 1.12755, 1.12760
1.12767, 1.13188, 1.12608, 1.12940
1.12993, 1.13482, 1.12891, 1.13475
1.13459, 1.13568, 1.12955, 1.13001
1.13330, 1.13455, 1.13045, 1.13330
1.13271, 1.13484, 1.13054, 1.13133
1.13359, 1.13359, 1.13062, 1.13162
1.13143, 1.13188, 1.12807, 1.12969
1.12921, 1.13097, 1.12797, 1.12797
1.12840, 1.13080, 1.12357, 1.12433
1.12398, 1.12584, 1.12246, 1.12395
1.12396, 1.12974, 1.12330, 1.12935
1.12920, 1.13018, 1.12658, 1.12874
1.12771, 1.12946, 1.12407, 1.12825
1.12664, 1.12912, 1.12479, 1.12690
1.12657, 1.12972, 1.12603, 1.12810
1.12679, 1.13442, 1.12673, 1.13160
1.13148, 1.13490, 1.12941, 1.13066
1.13076, 1.13241, 1.12904, 1.13096
1.13093, 1.13443, 1.12717, 1.12836
1.12500, 1.13086, 1.12447, 1.13028
1.13011, 1.13118, 1.12408, 1.12903
1.12898, 1.12982, 1.12148, 1.12586
1.12506, 1.12867, 1.12408, 1.12574
1.12625, 1.12639, 1.12169, 1.12296
1.12281, 1.12780, 1.11785, 1.12429
1.12434, 1.12693, 1.12305, 1.12395
1.12377, 1.12595, 1.12240, 1.12401
1.12380, 1.12455, 1.12194, 1.12266
1.12254, 1.12653, 1.12090, 1.12468
1.12433, 1.13241, 1.12377, 1.13216
1.13031, 1.13398, 1.12722, 1.12795
1.12721, 1.12875, 1.12461, 1.12498
1.12413, 1.12895, 1.12384, 1.12690
1.12606, 1.12962, 1.12568, 1.12828
1.12779, 1.13311, 1.12747, 1.13203
1.13206, 1.13376, 1.13005, 1.13111
1.12994, 1.13467, 1.12901, 1.13319
1.13352, 1.13432, 1.13166, 1.13276
1.13269, 1.13469, 1.13192, 1.13204
1.13190, 1.13260, 1.12594, 1.12634
1.12586, 1.13366, 1.12586, 1.13278
1.13249, 1.13454, 1.13099, 1.13328
1.13330, 1.13787, 1.13298, 1.13720
1.13720, 1.14285, 1.13658, 1.14123
1.14058, 1.14288, 1.13718, 1.13828
1.13762, 1.14124, 1.13756, 1.14016
1.13854, 1.14231, 1.13796, 1.14111
1.14106, 1.14438, 1.14024, 1.14029
1.14002, 1.14071, 1.13857, 1.13899
1.13898, 1.13939, 1.13452, 1.13644
1.13635, 1.13692, 1.13221, 1.13221
1.13207, 1.14208, 1.13053, 1.13211
1.13208, 1.14066, 1.13178, 1.13968
1.13997, 1.14060, 1.13612, 1.13656
1.13636, 1.13818, 1.13492, 1.13517
1.13490, 1.13581, 1.13316, 1.13476
1.13399, 1.13654, 1.13353, 1.13578
1.13578, 1.13735, 1.13329, 1.13534
1.13508, 1.13663, 1.13355, 1.13482
1.13468, 1.13685, 1.13398, 1.13483
1.13432, 1.13541, 1.13298, 1.13356
1.13341, 1.13684, 1.13283, 1.13611
1.13606, 1.13904, 1.13508, 1.13893
1.13861, 1.13932, 1.13518, 1.13851
1.13842, 1.13878, 1.13295, 1.13460
1.13456, 1.13705, 1.13358, 1.13502
1.13545, 1.13660, 1.13159, 1.13280
1.13277, 1.13585, 1.13128, 1.13573
1.13518, 1.13694, 1.13453, 1.13624
1.13606, 1.13673, 1.13138, 1.13208
1.13196, 1.13336, 1.13074, 1.13209
1.13236, 1.13713, 1.13152, 1.13668
1.13644, 1.13847, 1.13471, 1.13741
1.13746, 1.13801, 1.13546, 1.13688
1.13704, 1.13752, 1.13428, 1.13466
1.13475, 1.13728, 1.13431, 1.13475
1.13463, 1.13653, 1.13381, 1.13500
1.13503, 1.13589, 1.13376, 1.13427
1.13426, 1.13506, 1.13175, 1.13190
1.13205, 1.13338, 1.12657, 1.12797
1.12798, 1.12980, 1.12118, 1.12264
1.12256, 1.12567, 1.12209, 1.12249
1.12266, 1.12470, 1.11995, 1.12055
1.12058, 1.12193, 1.11726, 1.11846
1.11843, 1.12138, 1.11518, 1.11670
1.11669, 1.12006, 1.11605, 1.11605
1.11696, 1.12035, 1.11668, 1.12006
1.11944, 1.12030, 1.11687, 1.11825
1.11778, 1.12161, 1.11706, 1.12121
1.12102, 1.12249, 1.11940, 1.12203
1.12198, 1.12396, 1.12046, 1.12166
1.12132, 1.12567, 1.12068, 1.12480
1.12478, 1.12797, 1.12444, 1.12604
1.12598, 1.13041, 1.12540, 1.13031
1.13016, 1.13143, 1.12891, 1.12911
1.12903, 1.13315, 1.12812, 1.13267
1.13282, 1.13537, 1.13148, 1.13510
1.13478, 1.13776, 1.13361, 1.13670
1.13658, 1.14222, 1.13618, 1.14200
1.14141, 1.14200, 1.13655, 1.14041
1.13920, 1.14104, 1.13903, 1.13978
1.14012, 1.14394, 1.13927, 1.14331
1.14245, 1.14762, 1.14210, 1.14510
1.14495, 1.14538, 1.13794, 1.13815
1.13815, 1.13892, 1.13558, 1.13584
1.13568, 1.13852, 1.13500, 1.13597
1.13602, 1.14091, 1.13561, 1.14045
1.14043, 1.14450, 1.13882, 1.14288
1.14278, 1.14395, 1.13903, 1.13927
1.13928, 1.14271, 1.13833, 1.13880
1.13873, 1.13966, 1.13720, 1.13848
1.13418, 1.14081, 1.13416, 1.13979
1.13932, 1.14394, 1.13824, 1.14079
1.14056, 1.14294, 1.13831, 1.14199
1.14177, 1.14281, 1.13710, 1.13811
1.13807, 1.14092, 1.13592, 1.13636
1.13586, 1.13689, 1.12936, 1.12937
1.12921, 1.13294, 1.12880, 1.12997
1.12989, 1.13135, 1.12639, 1.12981
1.12969, 1.13174, 1.12810, 1.12844
1.12833, 1.12987, 1.12694, 1.12784
1.12716, 1.12927, 1.12568, 1.12601
1.12599, 1.12913, 1.12554, 1.12842
1.12829, 1.12914, 1.12452, 1.12576
1.12565, 1.12603, 1.12056, 1.12185
1.12169, 1.12338, 1.11951, 1.12227
1.12162, 1.12635, 1.12118, 1.12352
1.12333, 1.12781, 1.12244, 1.12456
1.12451, 1.12518, 1.12078, 1.12232
1.12218, 1.12481, 1.12048, 1.12166
1.12156, 1.12217, 1.11710, 1.11769
1.11744, 1.12045, 1.11192, 1.11579
1.11557, 1.11905, 1.11490, 1.11620
1.11603, 1.11963, 1.11365, 1.11613
1.11621, 1.11976, 1.11517, 1.11789
1.11776, 1.12069, 1.11678, 1.11925
1.11979, 1.12098, 1.11857, 1.11977
1.11949, 1.12436, 1.11858, 1.12380
1.12369, 1.12640, 1.12248, 1.12357
1.12351, 1.12497, 1.11996, 1.12067
1.12028, 1.12275, 1.11922, 1.11926
1.11948, 1.12219, 1.11897, 1.12065
1.12048, 1.12131, 1.11729, 1.11952
1.11931, 1.12113, 1.11542, 1.11602
1.11584, 1.11631, 1.10564, 1.10843
1.10831, 1.11266, 1.10657, 1.10987
1.10927, 1.11306, 1.10649, 1.10787
1.10767, 1.11242, 1.10619, 1.10882
1.10868, 1.11241, 1.10761, 1.11163
1.11151, 1.11449, 1.10976, 1.11025
1.11018, 1.11232, 1.10823, 1.10983
1.11039, 1.11616, 1.11035, 1.11463
1.11449, 1.11716, 1.11244, 1.11298
1.11290, 1.11364, 1.11075, 1.11246
1.11211, 1.11383, 1.11107, 1.11113
1.11101, 1.11474, 1.11060, 1.11306
1.11272, 1.11527, 1.11129, 1.11450
1.11431, 1.11576, 1.11225, 1.11357
1.11347, 1.11447, 1.11198, 1.11321
1.11314, 1.11475, 1.11047, 1.11444
1.11387, 1.11547, 1.10712, 1.10899
1.10896, 1.11029, 1.10656, 1.10829
1.10820, 1.10939, 1.10563, 1.10728
1.10701, 1.11102, 1.10693, 1.10832
1.10816, 1.10892, 1.10597, 1.10671
1.10662, 1.10828, 1.10122, 1.10140
1.10144, 1.10352, 1.09989, 1.10067
1.10062, 1.10190, 1.09707, 1.09871
1.09856, 1.10049, 1.09695, 1.09702
1.09696, 1.10549, 1.09621, 1.10447
1.10429, 1.10628, 1.10374, 1.10524
1.10497, 1.10567, 1.10249, 1.10521
1.10496, 1.10545, 1.10288, 1.10466
1.10468, 1.10619, 1.10030, 1.10097
1.10096, 1.10191, 1.09690, 1.09782
1.09758, 1.09776, 1.09067, 1.09097
1.09251, 1.09310, 1.08632, 1.09051
1.09044, 1.09538, 1.08907, 1.09341
1.09295, 1.09581, 1.08925, 1.09224
1.09218, 1.09558, 1.08974, 1.08978
1.08980, 1.09123, 1.08875, 1.08922
1.08926, 1.09018, 1.08671, 1.08672
1.08667, 1.09221, 1.08409, 1.09093
1.09072, 1.09141, 1.08375, 1.08405
1.08366, 1.08737, 1.08347, 1.08460
1.08424, 1.08771, 1.08364, 1.08522
1.08453, 1.08981, 1.08384, 1.08747
1.08722, 1.08814, 1.08445, 1.08539
1.08509, 1.08952, 1.08501, 1.08922
1.08884, 1.09192, 1.08748, 1.08979
1.08956, 1.09279, 1.08543, 1.08585
1.08393, 1.09025, 1.08383, 1.08679
1.08560, 1.09160, 1.08560, 1.08814
1.08796, 1.09026, 1.08647, 1.08700
1.08703, 1.09136, 1.08606, 1.09082
1.09071, 1.09239, 1.08674, 1.08757
1.08754, 1.08931, 1.08583, 1.08633
1.08590, 1.08664, 1.08198, 1.08266
1.08266, 1.08598, 1.08108, 1.08243
1.08203, 1.09130, 1.08132, 1.08790
1.08746, 1.09310, 1.08739, 1.08880
1.08868, 1.09625, 1.08831, 1.09579
1.09562, 1.09683, 1.09155, 1.09527
1.09487, 1.09712, 1.09104, 1.09310
1.09305, 1.09690, 1.08511, 1.09553
1.09540, 1.09744, 1.09273, 1.09642
1.09343, 1.09589, 1.09116, 1.09215
1.09186, 1.09972, 1.09126, 1.09943
1.09928, 1.10187, 1.09845, 1.10014
1.09983, 1.10177, 1.09564, 1.09637
1.09515, 1.09692, 1.09115, 1.09203
1.09231, 1.09291, 1.08563, 1.08801
1.08798, 1.08969, 1.08435, 1.08602
1.08588, 1.08661, 1.08320, 1.08574
1.08495, 1.08755, 1.08439, 1.08513
1.08489, 1.08651, 1.08325, 1.08420
1.08414, 1.08875, 1.08349, 1.08769
1.08714, 1.09209, 1.08515, 1.08550
1.08569, 1.09539, 1.08496, 1.09248
1.09254, 1.09792, 1.09184, 1.09523
1.09521, 1.09775, 1.09092, 1.09253
1.09173, 1.09380, 1.08966, 1.09120
1.09099, 1.09276, 1.08715, 1.08810
1.08740, 1.09307, 1.08693, 1.09260
1.09192, 1.09772, 1.08989, 1.09682
1.09697, 1.10393, 1.09648, 1.09980
1.10051, 1.10100, 1.09711, 1.09962
1.09952, 1.10274, 1.09722, 1.10183
1.10168, 1.10319, 1.09941, 1.10151
1.10251, 1.10590, 1.09742, 1.09884
1.09867, 1.10084, 1.09748, 1.09915
1.09893, 1.10092, 1.09785, 1.09912
1.09902, 1.10236, 1.09866, 1.10088
1.10064, 1.10308, 1.09933, 1.10268
1.10233, 1.10416, 1.10062, 1.10178
1.10154, 1.10307, 1.10017, 1.10183
1.10165, 1.10582, 1.10163, 1.10407
1.10413, 1.10495, 1.10212, 1.10427
1.10439, 1.10492, 1.10131, 1.10321
1.10312, 1.10351, 1.09917, 1.09994
1.10000, 1.10268, 1.09987, 1.10007
1.10041, 1.10347, 1.09906, 1.09910
1.09907, 1.10289, 1.09792, 1.09919
1.09909, 1.10159, 1.09784, 1.09861
1.09761, 1.10125, 1.09742, 1.09921
1.09910, 1.10051, 1.09751, 1.09869
1.09894, 1.09950, 1.09572, 1.09593
1.09582, 1.09796, 1.09267, 1.09316
1.09294, 1.09368, 1.08781, 1.08957
1.08936, 1.09036, 1.08628, 1.08913
1.08859, 1.09462, 1.08845, 1.09364
1.09257, 1.09620, 1.09257, 1.09557
1.09510, 1.09865, 1.09395, 1.09721
1.09689, 1.10011, 1.09515, 1.09727
1.09655, 1.10033, 1.09558, 1.09823
1.09795, 1.10093, 1.09757, 1.09890
1.09920, 1.10003, 1.09667, 1.09753
1.09691, 1.10000, 1.09690, 1.09931
1.09854, 1.10003, 1.09796, 1.09935
1.09876, 1.10029, 1.09847, 1.09917
1.09891, 1.10228, 1.09878, 1.10061
1.10162, 1.10275, 1.09810, 1.09815
1.09777, 1.09928, 1.09270, 1.09380
1.09292, 1.09686, 1.09209, 1.09535
1.09410, 1.09824, 1.09407, 1.09605
1.09558, 1.09804, 1.09427, 1.09508
1.09459, 1.09674, 1.09263, 1.09276
1.09285, 1.09368, 1.09116, 1.09194
1.09188, 1.09451, 1.09099, 1.09385
1.09359, 1.09762, 1.09231, 1.09587
1.09725, 1.10305, 1.09326, 1.09385
1.09395, 1.09675, 1.09353, 1.09483
1.09416, 1.09677, 1.09244, 1.09270
1.09249, 1.09364, 1.08934, 1.08943
1.08910, 1.09264, 1.08670, 1.08791
1.08702, 1.09068, 1.08682, 1.08845
1.08710, 1.08969, 1.08610, 1.08870
1.08848, 1.08982, 1.08674, 1.08700
1.08729, 1.08968, 1.08711, 1.08888
1.08775, 1.09048, 1.08692, 1.08912
1.08863, 1.09034, 1.08493, 1.08553
1.08503, 1.08834, 1.08398, 1.08555
1.08732, 1.08763, 1.08365, 1.08481
1.08438, 1.08582, 1.08235, 1.08457
1.08323, 1.08595, 1.08309, 1.08361
1.08364, 1.08603, 1.08081, 1.08199
1.08127, 1.08285, 1.07821, 1.08131
1.08078, 1.08326, 1.07944, 1.08081
1.08003, 1.08294, 1.08003, 1.08172
1.08069, 1.08329, 1.07971, 1.08099
1.08037, 1.08203, 1.07594, 1.07640
1.07585, 1.07765, 1.07419, 1.07472
1.07463, 1.07588, 1.07317, 1.07460
1.07365, 1.07570, 1.07299, 1.07306
1.07272, 1.07497, 1.07272, 1.07382
1.07342, 1.07510, 1.07306, 1.07345
1.07305, 1.07877, 1.07305, 1.07363
1.07307, 1.07469, 1.07018, 1.07150
1.07072, 1.07227, 1.07002, 1.07042
1.07004, 1.07166, 1.06763, 1.06828
1.06751, 1.07266, 1.06648, 1.07234
1.07199, 1.07375, 1.07098, 1.07161
1.07121, 1.07225, 1.06810, 1.06941
1.06911, 1.07062, 1.06764, 1.06882
1.06815, 1.06932, 1.06633, 1.06848
1.06733, 1.07171, 1.06733, 1.07043
1.06999, 1.07278, 1.06902, 1.07064
1.06995, 1.07242, 1.06953, 1.07019
1.06998, 1.07105, 1.06793, 1.06978
1.06890, 1.07133, 1.06602, 1.06636
1.06557, 1.06794, 1.06490, 1.06513
1.06483, 1.06624, 1.06307, 1.06371
1.06274, 1.06389, 1.06095, 1.06155
1.06135, 1.06504, 1.06072, 1.06354
1.06378, 1.06505, 1.06243, 1.06246
1.06221, 1.06292, 1.06088, 1.06094
1.06108, 1.06346, 1.06098, 1.06318
1.06254, 1.06345, 1.06061, 1.06121
1.06113, 1.06242, 1.06059, 1.06104
1.06025, 1.06256, 1.05898, 1.06240
1.06196, 1.06352, 1.05934, 1.06195
1.06112, 1.06368, 1.05994, 1.06279
1.06214, 1.06718, 1.06166, 1.06433
1.06381, 1.06591, 1.05848, 1.06444
1.06309, 1.07062, 1.06297, 1.06778
1.06663, 1.07098, 1.06299, 1.06835
1.06751, 1.07038, 1.06202, 1.06561
1.06474, 1.06756, 1.06163, 1.06215
1.06220, 1.06223, 1.05731, 1.05827
1.05787, 1.06386, 1.05420, 1.05897
1.05900, 1.06462, 1.05755, 1.05983
1.06000, 1.06102, 1.05698, 1.05737
1.05730, 1.05916, 1.05401, 1.05559
1.05569, 1.06191, 1.05501, 1.05550
1.05751, 1.05903, 1.05374, 1.05655
1.05649, 1.06051, 1.05440, 1.05759
1.05750, 1.05856, 1.05304, 1.05470
1.05472, 1.06011, 1.05242, 1.05300
1.05261, 1.05573, 1.05217, 1.05416
1.05337, 1.06002, 1.05276, 1.05560
1.05560, 1.06006, 1.05558, 1.05799
1.05839, 1.06370, 1.05816, 1.06134
1.06130, 1.06538, 1.06129, 1.06189
1.06179, 1.06355, 1.05638, 1.05867
1.05990, 1.06014, 1.05512, 1.05852
1.05753, 1.06221, 1.05622, 1.06037
1.05926, 1.06049, 1.05578, 1.05828
1.05809, 1.05936, 1.05462, 1.05684
1.05540, 1.05769, 1.05408, 1.05434
1.05521, 1.05813, 1.05487, 1.05595
1.05504, 1.05941, 1.05504, 1.05603
1.05545, 1.05679, 1.05483, 1.05518
1.05485, 1.05826, 1.05480, 1.05577
1.05550, 1.05723, 1.05487, 1.05551
1.05665, 1.05670, 1.05499, 1.05528
1.05540, 1.05595, 1.05331, 1.05453
1.05380, 1.05515, 1.05227, 1.05227
1.05198, 1.05273, 1.05082, 1.05160
1.05079, 1.05277, 1.05073, 1.05136
1.05115, 1.05236, 1.05001, 1.05120
1.05061, 1.05316, 1.05061, 1.05236
1.05115, 1.05316, 1.05115, 1.05141
1.05132, 1.05306, 1.05089, 1.05162
1.05092, 1.05375, 1.05092, 1.05289
1.05209, 1.05796, 1.05196, 1.05623
1.05618, 1.06115, 1.05455, 1.05462
1.05434, 1.06090, 1.05425, 1.05907
1.05864, 1.05989, 1.05465, 1.05743
1.05756, 1.05816, 1.05515, 1.05524
1.05349, 1.05612, 1.05235, 1.05249
1.05173, 1.05559, 1.05173, 1.05404
1.05428, 1.05453, 1.05208, 1.05241
1.05171, 1.05427, 1.05171, 1.05412
1.05359, 1.05461, 1.05182, 1.05222
1.05152, 1.05323, 1.05138, 1.05142
1.05080, 1.05229, 1.05080, 1.05161
1.05148, 1.05322, 1.05125, 1.05180
1.05124, 1.05203, 1.05047, 1.05135
1.05119, 1.05266, 1.05118, 1.05120
1.05099, 1.06619, 1.05061, 1.05999
1.05997, 1.06560, 1.05997, 1.06121
1.06005, 1.06181, 1.05778, 1.05914
1.05875, 1.06511, 1.05847, 1.06244
1.06197, 1.06326, 1.05814, 1.05847
1.05819, 1.05985, 1.05765, 1.05828
1.05841, 1.06333, 1.05785, 1.06023
1.05961, 1.06982, 1.05893, 1.06568
1.06544, 1.06977, 1.06464, 1.06791
1.06760, 1.07259, 1.06608, 1.06738
1.06757, 1.07094, 1.06685, 1.06975
1.06972, 1.07647, 1.06854, 1.07482
1.07403, 1.08196, 1.07403, 1.07959
1.07909, 1.08612, 1.07439, 1.08299
1.08294, 1.09153, 1.08249, 1.08642
1.08582, 1.08897, 1.08014, 1.08138
1.08089, 1.08287, 1.07458, 1.07793
1.07688, 1.07905, 1.07257, 1.07339
1.07331, 1.07477, 1.06559, 1.06663
1.06595, 1.07278, 1.06449, 1.07181
1.07048, 1.07459, 1.06716, 1.07453
1.07375, 1.07679, 1.06828, 1.07119
1.06989, 1.07218, 1.06583, 1.06630
1.06629, 1.06887, 1.06516, 1.06589
1.06498, 1.06770, 1.06350, 1.06422
1.06402, 1.06736, 1.06363, 1.06697
1.06663, 1.07104, 1.06590, 1.06830
1.06771, 1.06921, 1.06589, 1.06628
1.06610, 1.06756, 1.06342, 1.06376
1.06369, 1.06434, 1.06270, 1.06342
1.06255, 1.06949, 1.06255, 1.06917
1.06836, 1.06977, 1.06300, 1.06412
1.06296, 1.06606, 1.06111, 1.06395
1.06390, 1.06603, 1.06165, 1.06219
1.06195, 1.06368, 1.06170, 1.06189
1.06217, 1.06550, 1.06193, 1.06529
1.06528, 1.06649, 1.06203, 1.06237
1.06184, 1.06398, 1.06136, 1.06300
1.06270, 1.06461, 1.06060, 1.06067
1.06077, 1.06388, 1.06056, 1.06320
1.06329, 1.07018, 1.06282, 1.06795
1.06761, 1.07155, 1.06493, 1.07138
1.07034, 1.07865, 1.06998, 1.07761
1.07729, 1.07958, 1.07464, 1.07628
1.07615, 1.07676, 1.07207, 1.07228
1.07239, 1.07749, 1.07191, 1.07458
1.07420, 1.07578, 1.07207, 1.07557
1.07542, 1.07938, 1.07414, 1.07542
1.07455, 1.07611, 1.07142, 1.07302
1.07234, 1.07481, 1.07112, 1.07271
1.07201, 1.08369, 1.07169, 1.08082
1.08033, 1.08262, 1.07421, 1.07527
1.07500, 1.07815, 1.07434, 1.07580
1.07487, 1.07731, 1.07329, 1.07657
1.07604, 1.07965, 1.07449, 1.07539
1.07552, 1.08374, 1.07489, 1.07938
1.07843, 1.08100, 1.07380, 1.07769
1.07689, 1.07922, 1.07606, 1.07755
1.07648, 1.08207, 1.07512, 1.08030
1.07897, 1.08124, 1.07512, 1.07516
1.07510, 1.07914, 1.07444, 1.07447
1.07435, 1.07906, 1.07341, 1.07610
1.07593, 1.07861, 1.07374, 1.07465
1.07351, 1.07897, 1.07351, 1.07449
1.07421, 1.07711, 1.07399, 1.07626
1.07609, 1.07837, 1.07443, 1.07589
1.07526, 1.07890, 1.07471, 1.07805
1.07692, 1.08483, 1.07692, 1.08294
1.08278, 1.08406, 1.07608, 1.07639
1.07588, 1.07769, 1.07348, 1.07502
1.07466, 1.07741, 1.07425, 1.07467
1.07479, 1.07668, 1.07305, 1.07399
1.07374, 1.07581, 1.07308, 1.07445
1.07356, 1.07593, 1.07207, 1.07449
1.07341, 1.07670, 1.07332, 1.07622
1.07519, 1.07882, 1.07454, 1.07849
1.07761, 1.08765, 1.07702, 1.08302
1.08235, 1.08502, 1.07733, 1.07941
1.07856, 1.08025, 1.07578, 1.07759
1.07650, 1.08247, 1.07650, 1.08108
1.08118, 1.08342, 1.07978, 1.08184
1.08186, 1.08456, 1.07963, 1.08043
1.07989, 1.08163, 1.07661, 1.07667
1.07670, 1.07864, 1.07489, 1.07565
1.07511, 1.07871, 1.07501, 1.07642
1.07587, 1.07771, 1.07560, 1.07748
1.07703, 1.07848, 1.07516, 1.07558
1.07519, 1.07647, 1.07370, 1.07443
1.07359, 1.07629, 1.07261, 1.07618
1.07503, 1.07934, 1.07503, 1.07876
1.07836, 1.07984, 1.07390, 1.07638
1.07581, 1.07738, 1.07448, 1.07675
1.07575, 1.07835, 1.07504, 1.07697
1.07672, 1.08171, 1.07541, 1.08120
1.08129, 1.08200, 1.07897, 1.08022
1.07920, 1.08291, 1.07727, 1.07821
1.07839, 1.08164, 1.07747, 1.07940
1.07992, 1.08159, 1.07614, 1.07912
1.07871, 1.08043, 1.07647, 1.07873
1.07780, 1.07956, 1.07670, 1.07840
1.07689, 1.07918, 1.07338, 1.07806
1.07796, 1.07885, 1.07646, 1.07658
1.07631, 1.07956, 1.07631, 1.07881
1.07830, 1.07996, 1.07789, 1.07829
1.07790, 1.07885, 1.07535, 1.07576
1.07530, 1.07731, 1.07334, 1.07368
1.07323, 1.07458, 1.07244, 1.07433
1.07302, 1.07485, 1.07237, 1.07268
1.07247, 1.07320, 1.06873, 1.07020
1.06994, 1.07288, 1.06924, 1.07185
1.07126, 1.07275, 1.07088, 1.07112
1.06994, 1.07329, 1.06994, 1.07226
1.07147, 1.07390, 1.07097, 1.07364
1.07282, 1.07476, 1.07172, 1.07194
1.07167, 1.07285, 1.07008, 1.07205
1.07199, 1.07239, 1.07064, 1.07192
1.07178, 1.07467, 1.07065, 1.07139
1.07129, 1.07186, 1.06754, 1.06907
1.06912, 1.07018, 1.06750, 1.06850
1.06850, 1.07008, 1.06705, 1.06756
1.06716, 1.07044, 1.06567, 1.06982
1.06798, 1.07178, 1.06798, 1.06881
1.06878, 1.07124, 1.06586, 1.06909
1.06738, 1.07260, 1.06725, 1.06920
1.06940, 1.07003, 1.06749, 1.06875
1.06794, 1.08068, 1.06761, 1.07922
1.07827, 1.08215, 1.07744, 1.08119
1.07952, 1.08233, 1.07810, 1.07980
1.07890, 1.08071, 1.07803, 1.08021
1.07863, 1.08155, 1.07861, 1.07985
1.07983, 1.08265, 1.07873, 1.08147
1.08088, 1.08199, 1.08017, 1.08088
1.08035, 1.08237, 1.07888, 1.07976
1.07970, 1.08177, 1.07889, 1.08097
1.08066, 1.08221, 1.07936, 1.07991
1.08017, 1.08167, 1.07936, 1.08017
1.07985, 1.08487, 1.07956, 1.08341
1.08275, 1.08704, 1.08175, 1.08207
1.08149, 1.08308, 1.07910, 1.07938
1.07927, 1.08266, 1.07909, 1.08163
1.08095, 1.08582, 1.08022, 1.08365
1.08199, 1.08642, 1.08199, 1.08612
1.08488, 1.08708, 1.08121, 1.08380
1.08353, 1.08397, 1.08155, 1.08177
1.08211, 1.08476, 1.07965, 1.08080
1.08013, 1.08125, 1.07799, 1.07870
1.07870, 1.07979, 1.07584, 1.07590
1.07584, 1.07824, 1.07408, 1.07445
1.07380, 1.07687, 1.07341, 1.07553
1.07530, 1.07884, 1.07483, 1.07730
1.07785, 1.07913, 1.07618, 1.07680
1.07609, 1.07847, 1.07576, 1.07605
1.07609, 1.08060, 1.07575, 1.07932
1.07896, 1.08572, 1.07889, 1.08450
1.08404, 1.08586, 1.08158, 1.08220
1.08144, 1.08461, 1.07970, 1.08396
1.08336, 1.08440, 1.08137, 1.08144
1.08154, 1.08573, 1.08089, 1.08217
1.08205, 1.08630, 1.08168, 1.08609
1.08405, 1.08911, 1.08389, 1.08534
1.08504, 1.08748, 1.08211, 1.08273
1.08225, 1.08619, 1.08207, 1.08390
1.08384, 1.08449, 1.07972, 1.08181
1.08076, 1.08304, 1.07882, 1.07920
1.07887, 1.08187, 1.07859, 1.08002
1.07984, 1.08366, 1.07939, 1.08267
1.08223, 1.08670, 1.08205, 1.08610
1.08445, 1.08623, 1.08058, 1.08164
1.08214, 1.08397, 1.08124, 1.08155
1.08155, 1.08301, 1.08050, 1.08192
1.08190, 1.08218, 1.07828, 1.07878
1.07885, 1.08137, 1.07745, 1.07925
1.07878, 1.07953, 1.07495, 1.07607
1.07527, 1.07694, 1.07380, 1.07481
1.07533, 1.07801, 1.07529, 1.07753
1.07644, 1.07913, 1.07644, 1.07684
1.07650, 1.07853, 1.07553, 1.07684
1.07628, 1.07835, 1.07609, 1.07701
1.07735, 1.07868, 1.07669, 1.07810
1.07767, 1.07991, 1.07693, 1.07810
1.07800, 1.07845, 1.07490, 1.07605
1.07539, 1.07881, 1.07510, 1.07695
1.07650, 1.08112, 1.07594, 1.08077
1.07953, 1.08261, 1.07879, 1.08175
1.08136, 1.08318, 1.07978, 1.08058
1.08013, 1.08188, 1.07945, 1.08181
1.08060, 1.08222, 1.08054, 1.08158
1.08142, 1.08342, 1.08064, 1.08291
1.08196, 1.08452, 1.08196, 1.08297
1.08235, 1.08324, 1.08036, 1.08126
1.08100, 1.08180, 1.07851, 1.07860
1.07857, 1.08065, 1.07834, 1.07942
1.07865, 1.08094, 1.07863, 1.08075
1.08018, 1.08189, 1.07859, 1.07894
1.07888, 1.08068, 1.07863, 1.08042
1.08030, 1.08236, 1.07933, 1.08216
1.08116, 1.08355, 1.08093, 1.08330
1.08322, 1.08696, 1.08300, 1.08616
1.08589, 1.09147, 1.08510, 1.08918
1.08859, 1.09978, 1.08844, 1.09960
1.09722, 1.10552, 1.09722, 1.10295
1.10280, 1.10963, 1.10127, 1.10156
1.10101, 1.10207, 1.09551, 1.09649
1.09659, 1.10304, 1.09563, 1.10201
1.10175, 1.10559, 1.10023, 1.10541
1.10498, 1.10980, 1.10469, 1.10952
1.10890, 1.11508, 1.10745, 1.11196
1.11129, 1.11233, 1.10530, 1.10866
1.10667, 1.10996, 1.10667, 1.10949
1.10840, 1.11178, 1.10326, 1.10386
1.10317, 1.10915, 1.10287, 1.10876
1.10830, 1.11004, 1.10496, 1.10792
1.10623, 1.11125, 1.10623, 1.11060
1.10983, 1.11068, 1.10543, 1.10600
1.10600, 1.10753, 1.09948, 1.10079
1.10065, 1.10602, 1.10039, 1.10498
1.10478, 1.10835, 1.10288, 1.10503
1.10495, 1.10775, 1.10395, 1.10572
1.10491, 1.10627, 1.10031, 1.10147
1.10138, 1.10792, 1.10132, 1.10627
1.10642, 1.10757, 1.10407, 1.10497
1.10489, 1.10731, 1.10415, 1.10569
1.10575, 1.10938, 1.10558, 1.10669
1.10683, 1.10771, 1.10361, 1.10488
1.10392, 1.10681, 1.10336, 1.10358
1.10372, 1.10901, 1.10314, 1.10710
1.10559, 1.11171, 1.10559, 1.10891
1.10876, 1.10962, 1.10699, 1.10755
1.10762, 1.10935, 1.10486, 1.10570
1.10555, 1.10866, 1.10433, 1.10528
1.10508, 1.10613, 1.10220, 1.10331
1.10240, 1.10404, 1.10046, 1.10108
1.10082, 1.10182, 1.09916, 1.09992
1.09949, 1.10141, 1.09741, 1.09820
1.09815, 1.10122, 1.09780, 1.09978
1.09967, 1.10591, 1.09940, 1.10538
1.10465, 1.10624, 1.10288, 1.10324
1.10323, 1.10412, 1.10002, 1.10190
1.10070, 1.10288, 1.09918, 1.10146
1.10029, 1.10468, 1.09998, 1.10186
1.10162, 1.10422, 1.10075, 1.10336
1.10321, 1.10465, 1.10130, 1.10167
1.10188, 1.10516, 1.10134, 1.10496
1.10411, 1.10699, 1.10375, 1.10474
1.10377, 1.10617, 1.10227, 1.10451
1.10411, 1.10742, 1.10198, 1.10234
1.10241, 1.10413, 1.10111, 1.10143
1.10108, 1.10216, 1.09717, 1.09737
1.09735, 1.10164, 1.09675, 1.09892
1.09817, 1.10098, 1.09661, 1.09707
1.09686, 1.09883, 1.09519, 1.09580
1.09574, 1.09712, 1.09410, 1.09463
1.09468, 1.09756, 1.09323, 1.09520
1.09536, 1.09623, 1.09300, 1.09310
1.09288, 1.09873, 1.09259, 1.09746
1.09697, 1.09829, 1.09548, 1.09711
1.09685, 1.09847, 1.09360, 1.09385
1.09341, 1.09609, 1.09317, 1.09450
1.09417, 1.09773, 1.09387, 1.09739
1.09708, 1.09815, 1.09505, 1.09710
1.09678, 1.10272, 1.09598, 1.09981
1.09926, 1.10197, 1.09695, 1.09706
1.09708, 1.09764, 1.09313, 1.09336
1.09386, 1.09637, 1.09305, 1.09538
1.09534, 1.09840, 1.09474, 1.09643
1.09574, 1.09695, 1.09378, 1.09442
1.09401, 1.09763, 1.09340, 1.09352
1.09335, 1.09753, 1.09291, 1.09693
1.09653, 1.09977, 1.09599, 1.09866
1.09878, 1.10011, 1.09546, 1.09580
1.09565, 1.09812, 1.09516, 1.09626
1.09585, 1.09779, 1.09540, 1.09546
1.09548, 1.09650, 1.09331, 1.09367
1.09346, 1.09475, 1.09295, 1.09382
1.09404, 1.09429, 1.09094, 1.09147
1.09137, 1.09263, 1.09037, 1.09087
1.09024, 1.09264, 1.08893, 1.08903
1.08903, 1.09006, 1.08705, 1.08705
1.08740, 1.09073, 1.08710, 1.09005
1.08957, 1.09077, 1.08862, 1.08926
1.08859, 1.09113, 1.08777, 1.08968
1.08934, 1.09308, 1.08889, 1.09258
1.09268, 1.09532, 1.09121, 1.09500
1.09388, 1.09630, 1.09327, 1.09379
1.09329, 1.09666, 1.09319, 1.09621
1.09516, 1.09669, 1.09475, 1.09493
1.09487, 1.09754, 1.09469, 1.09512
1.09514, 1.09629, 1.09395, 1.09398
1.09528, 1.09690, 1.09393, 1.09657
1.09592, 1.09712, 1.09509, 1.09568
1.09509, 1.09808, 1.09508, 1.09672
1.09623, 1.09858, 1.09584, 1.09655
1.09570, 1.09714, 1.09195, 1.09204
1.09228, 1.09452, 1.09196, 1.09354
1.09310, 1.09442, 1.09204, 1.09284
1.09206, 1.09326, 1.09094, 1.09125
1.09098, 1.09163, 1.08235, 1.08372
1.08327, 1.08671, 1.08299, 1.08515
1.08546, 1.08613, 1.08437, 1.08513
1.08504, 1.08614, 1.08164, 1.08173
1.08176, 1.08504, 1.08155, 1.08206
1.08219, 1.08475, 1.08034, 1.08385
1.08359, 1.08638, 1.08298, 1.08504
1.08489, 1.08617, 1.08249, 1.08290
1.08235, 1.08571, 1.08204, 1.08512
1.08474, 1.08566, 1.08197, 1.08202
1.08207, 1.08397, 1.08121, 1.08152
1.08128, 1.08399, 1.08128, 1.08228
1.08234, 1.08310, 1.08053, 1.08072
1.08057, 1.08205, 1.07960, 1.08057
1.08039, 1.08149, 1.07770, 1.07783
1.07781, 1.07930, 1.07636, 1.07684
1.07672, 1.07794, 1.07406, 1.07441
1.07444, 1.07657, 1.07378, 1.07442
1.07431, 1.07530, 1.07201, 1.07250
1.07241, 1.07398, 1.07194, 1.07274
1.07267, 1.07398, 1.07193, 1.07253
1.07247, 1.07626, 1.07168, 1.07602
1.07521, 1.08036, 1.07468, 1.08023
1.07994, 1.08175, 1.07891, 1.08148
1.08136, 1.08251, 1.08053, 1.08207
1.08201, 1.08388, 1.08101, 1.08327
1.08320, 1.08392, 1.07945, 1.07950
1.08007, 1.08023, 1.07348, 1.07438
1.07431, 1.07512, 1.06994, 1.07114
1.07099, 1.07566, 1.07010, 1.07338
1.07356, 1.07448, 1.06953, 1.07271
1.07254, 1.07324, 1.06987, 1.07259
1.07191, 1.07559, 1.07139, 1.07155
1.07153, 1.07333, 1.06990, 1.07310
1.07288, 1.07555, 1.07219, 1.07552
1.07538, 1.08048, 1.07349, 1.07870
1.07851, 1.07962, 1.07406, 1.07448
1.07469, 1.08245, 1.07398, 1.08205
1.08168, 1.08310, 1.07813, 1.08069
1.08065, 1.08495, 1.08042, 1.08393
1.08372, 1.08632, 1.08317, 1.08565
1.08560, 1.08717, 1.08469, 1.08542
1.08432, 1.08789, 1.08424, 1.08599
1.08595, 1.08890, 1.08439, 1.08882
1.08868, 1.09004, 1.08637, 1.08938
1.08914, 1.08962, 1.08337, 1.08356
1.08353, 1.08608, 1.08319, 1.08422
1.08452, 1.08954, 1.08369, 1.08925
1.08897, 1.09036, 1.08535, 1.08595
1.08584, 1.08699, 1.08388, 1.08660
1.08637, 1.09168, 1.08543, 1.09160
1.09147, 1.09368, 1.09040, 1.09298
1.09197, 1.09343, 1.08739, 1.08784
1.08767, 1.08847, 1.08146, 1.08278
1.08261, 1.08437, 1.08118, 1.08275
1.08242, 1.08591, 1.08128, 1.08517
1.08507, 1.08636, 1.08199, 1.08332
1.08285, 1.08637, 1.08158, 1.08263
1.08258, 1.08589, 1.08233, 1.08563
1.08553, 1.08609, 1.08199, 1.08369
1.08352, 1.08458, 1.07825, 1.07840
1.07836, 1.08071, 1.07709, 1.07860
1.07762, 1.08010, 1.07318, 1.07410
1.07410, 1.07673, 1.07358, 1.07645
1.07624, 1.07705, 1.07066, 1.07165
1.07152, 1.07343, 1.07010, 1.07308
1.07274, 1.07511, 1.07166, 1.07302
1.07229, 1.07457, 1.07084, 1.07177
1.07172, 1.07403, 1.07076, 1.07297
1.07283, 1.07381, 1.07078, 1.07137
1.07123, 1.07158, 1.06792, 1.07096
1.07071, 1.07387, 1.06950, 1.07027
1.07110, 1.07348, 1.07022, 1.07243
1.07236, 1.07397, 1.07065, 1.07355
1.07346, 1.07645, 1.07044, 1.07044
1.07045, 1.07170, 1.06704, 1.06722
1.06719, 1.06816, 1.06577, 1.06658
1.06624, 1.06913, 1.06571, 1.06783
1.06770, 1.07022, 1.06574, 1.06650
1.06634, 1.06722, 1.06355, 1.06512
1.06508, 1.06700, 1.06333, 1.06533
1.06519, 1.06543, 1.05686, 1.05796
1.05832, 1.06032, 1.05399, 1.05427
1.05456, 1.06031, 1.05409, 1.05837
1.05865, 1.05924, 1.05512, 1.05848
1.05842, 1.05892, 1.05348, 1.05407
1.05412, 1.05756, 1.05329, 1.05485
1.05432, 1.05968, 1.05393, 1.05839
1.05820, 1.05969, 1.05525, 1.05620
1.05612, 1.05699, 1.05368, 1.05371
1.05370, 1.05738, 1.05339, 1.05431
1.05430, 1.05704, 1.05345, 1.05384
1.05402, 1.05424, 1.05098, 1.05154
1.05156, 1.05496, 1.05098, 1.05277
1.05281, 1.05434, 1.05021, 1.05065
1.05057, 1.05259, 1.04975, 1.05245
1.05233, 1.05275, 1.04466, 1.04749
1.04720, 1.04841, 1.04467, 1.04831
1.04797, 1.05121, 1.04675, 1.04978
1.04945, 1.05030, 1.04548, 1.04588
1.04578, 1.04928, 1.04524, 1.04845
1.04841, 1.04884, 1.04235, 1.04374
1.04283, 1.04504, 1.04138, 1.04194
1.04186, 1.04426, 1.03888, 1.04123
1.04111, 1.04324, 1.04038, 1.04187
1.04154, 1.04353, 1.03990, 1.03992
1.03987, 1.04071, 1.03748, 1.03771
1.03669, 1.04484, 1.03668, 1.04431
1.04418, 1.04463, 1.04016, 1.04196
1.04207, 1.04541, 1.04091, 1.04390
1.04390, 1.04534, 1.04189, 1.04305
1.04281, 1.04461, 1.04083, 1.04171
1.04210, 1.04287, 1.04008, 1.04071
1.04043, 1.04164, 1.03881, 1.04020
1.03988, 1.04416, 1.03861, 1.04390
1.04369, 1.04656, 1.04088, 1.04165
1.04151, 1.04181, 1.03836, 1.03837
1.03862, 1.04127, 1.03789, 1.03896
1.03872, 1.04264, 1.03790, 1.04175
1.04162, 1.04334, 1.04115, 1.04144
1.04125, 1.04314, 1.03905, 1.04003
1.03952, 1.04092, 1.03869, 1.03956
1.03951, 1.04101, 1.03868, 1.03907
1.03898, 1.03931, 1.03687, 1.03710
1.03707, 1.03824, 1.03614, 1.03773
1.03765, 1.03830, 1.03442, 1.03479
1.03464, 1.03761, 1.03253, 1.03720
1.03581, 1.03906, 1.03483, 1.03793
1.03785, 1.03819, 1.03339, 1.03395
1.03382, 1.03891, 1.03328, 1.03766
1.03762, 1.04107, 1.03643, 1.04072
1.04056, 1.04498, 1.03990, 1.04303
1.04301, 1.05027, 1.04240, 1.05025
1.05007, 1.05106, 1.04879, 1.04977
1.04963, 1.05049, 1.04365, 1.04577
1.04576, 1.04865, 1.04238, 1.04368
1.04362, 1.04471, 1.04176, 1.04293
1.04219, 1.04440, 1.04187, 1.04251
1.04232, 1.04377, 1.03797, 1.03884
1.03868, 1.04024, 1.03738, 1.03853
1.03850, 1.03939, 1.03712, 1.03728
1.03726, 1.03742, 1.03339, 1.03417
1.03333, 1.03579, 1.02987, 1.03506
1.03451, 1.03844, 1.03356, 1.03738
1.03682, 1.03982, 1.03526, 1.03875
1.03858, 1.03970, 1.03666, 1.03741
1.03731, 1.03904, 1.03580, 1.03764
1.03775, 1.04402, 1.03719, 1.04103
1.04097, 1.04121, 1.03622, 1.03814
1.03803, 1.04055, 1.03743, 1.03879
1.03863, 1.05413, 1.03812, 1.05270
1.05247, 1.06014, 1.05164, 1.05970
1.05998, 1.06036, 1.05494, 1.05639
1.05638, 1.05707, 1.05288, 1.05612
1.05587, 1.05660, 1.05419, 1.05564
1.05556, 1.06105, 1.05496, 1.05745
1.05731, 1.05731, 1.04807, 1.04871
1.04800, 1.05128, 1.04365, 1.04525
1.04510, 1.05293, 1.04446, 1.05085
1.05065, 1.05486, 1.04822, 1.04868
1.04855, 1.04941, 1.04465, 1.04531
1.04522, 1.04814, 1.04247, 1.04273
1.04311, 1.04654, 1.03544, 1.03574
1.03569, 1.04603, 1.03371, 1.04375
1.04356, 1.04590, 1.03751, 1.03790
1.03776, 1.03776, 1.02779, 1.03569
1.03553, 1.04470, 1.03306, 1.04292
1.03154, 1.03785, 1.02749, 1.02850
1.02829, 1.02964, 1.01983, 1.02208
1.02195, 1.02622, 1.01583, 1.02371
1.02344, 1.02356, 1.01528, 1.01528
1.01519, 1.01565, 1.00170, 1.00202
1.00136, 1.00970, 0.99710, 1.00428
1.00427, 1.01762, 1.00423, 1.01285
1.01220, 1.02704, 1.01127, 1.02584
1.02553, 1.03017, 1.02045, 1.02209
1.02169, 1.02775, 1.01857, 1.02007
1.01887, 1.02873, 1.01822, 1.02620
1.02635, 1.03375, 1.02577, 1.03001
1.03016, 1.03841, 1.03016, 1.03595
1.03618, 1.04012, 1.03590, 1.03884
1.03885, 1.04002, 1.02918, 1.02931
1.02941, 1.03215, 1.02638, 1.02825
1.02827, 1.02997, 1.02633, 1.02827
1.02838, 1.03139, 1.02312, 1.02335
1.02350, 1.02676, 1.02126, 1.02283
1.02283, 1.02375, 1.01933, 1.02188
1.02166, 1.03004, 1.02154, 1.02680
1.02637, 1.03838, 1.02493, 1.03181
1.03167, 1.03298, 1.02885, 1.03015
1.02989, 1.03242, 1.02059, 1.02124
1.02112, 1.02431, 1.01998, 1.02224
1.02165, 1.02393, 1.01543, 1.01647
1.01635, 1.01703, 1.01305, 1.01350
1.01336, 1.02035, 1.01278, 1.01674
1.01652, 1.01968, 1.01448, 1.01626
1.01599, 1.01780, 1.01377, 1.01570
1.01727, 1.02044, 1.01210, 1.01330
1.01320, 1.01544, 1.00880, 1.00992
1.00975, 1.01816, 1.00870, 1.01791
1.01710, 1.02121, 1.01383, 1.02044
1.02025, 1.02097, 1.01693, 1.01834
1.01839, 1.02003, 1.01728, 1.01845
1.01787, 1.02742, 1.01594, 1.02742
1.02695, 1.03002, 1.02466, 1.02926
1.02892, 1.03697, 1.02769, 1.03302
1.03281, 1.03506, 1.03064, 1.03318
1.03423, 1.03475, 1.02434, 1.02766
1.02749, 1.02893, 1.02102, 1.02378
1.02349, 1.02579, 1.01969, 1.02321
1.02269, 1.02413, 1.01871, 1.02038
1.02029, 1.02689, 1.01881, 1.02643
1.02306, 1.02905, 1.02221, 1.02718
1.02697, 1.03139, 1.02535, 1.02985
1.02946, 1.03761, 1.02813, 1.03283
1.03261, 1.03941, 1.03162, 1.03818
1.03814, 1.04502, 1.03318, 1.04221
1.04000, 1.04952, 1.04000, 1.04939
1.04917, 1.05145, 1.04557, 1.04850
1.04815, 1.04920, 1.04286, 1.04470
1.04469, 1.04756, 1.03608, 1.04117
1.04107, 1.04360, 1.03787, 1.04278
1.04009, 1.04883, 1.03978, 1.04528
1.04520, 1.04834, 1.04294, 1.04821
1.04807, 1.04939, 1.03302, 1.03390
1.03369, 1.03591, 1.02284, 1.02945
1.02848, 1.03025, 1.02540, 1.02875
1.02748, 1.03343, 1.02595, 1.03231
1.03211, 1.03499, 1.02853, 1.03123
1.03096, 1.03143, 1.02377, 1.02757
1.02699, 1.03088, 1.02472, 1.02862
1.02857, 1.03170, 1.02322, 1.02702
1.02540, 1.03354, 1.02540, 1.03185
1.03140, 1.03348, 1.02541, 1.02954
1.02926, 1.03173, 1.02430, 1.02605
1.02555, 1.03012, 1.02172, 1.02926
1.02870, 1.03278, 1.02727, 1.03173
1.03090, 1.03909, 1.03065, 1.03772
1.03767, 1.04360, 1.03674, 1.04112
1.04075, 1.04909, 1.03854, 1.04838
1.04816, 1.05131, 1.03722, 1.04086
1.04034, 1.04137, 1.03748, 1.03858
1.03788, 1.04086, 1.03612, 1.03787
1.03780, 1.04512, 1.03393, 1.04314
1.04314, 1.04772, 1.03808, 1.03831
1.03794, 1.04153, 1.01292, 1.01974
1.01953, 1.02190, 1.00972, 1.01739
1.01690, 1.01932, 1.01348, 1.01685
1.01682, 1.02151, 1.01614, 1.01780
1.01755, 1.01874, 1.01311, 1.01573
1.01564, 1.01644, 1.00676, 1.01146
1.01069, 1.01380, 1.00489, 1.01141
1.00735, 1.01566, 1.00735, 1.01193
1.01188, 1.01298, 1.00546, 1.00707
1.00677, 1.00749, 0.99643, 0.99673
0.99684, 1.00125, 0.99436, 1.00088
1.00089, 1.00415, 0.99769, 1.00038
0.99980, 1.00453, 0.99733, 1.00161
1.00157, 1.00307, 0.99236, 0.99408
0.99405, 0.99467, 0.98740, 0.98837
0.98798, 0.99299, 0.98661, 0.98977
0.98948, 0.99537, 0.98653, 0.99411
0.99200, 0.99467, 0.98543, 0.98699
0.98667, 0.98974, 0.98344, 0.98507
0.98503, 0.98826, 0.98045, 0.98441
0.98394, 0.98841, 0.98205, 0.98549
0.98492, 0.98732, 0.98254, 0.98457
0.98455, 0.99328, 0.98360, 0.99144
0.99126, 0.99442, 0.98968, 0.99079
0.99062, 0.99434, 0.98758, 0.98882
0.98856, 0.99489, 0.98612, 0.98841
0.98837, 0.98846, 0.98101, 0.98122
0.98152, 0.98816, 0.98140, 0.98600
0.98589, 0.98645, 0.97379, 0.97415
0.97393, 0.97966, 0.97309, 0.97848
0.97825, 0.98039, 0.97069, 0.97349
0.97304, 0.97519, 0.96983, 0.97268
0.97075, 0.97576, 0.97067, 0.97442
0.97420, 0.97624, 0.97193, 0.97321
0.97314, 0.97816, 0.97228, 0.97645
0.97635, 0.97962, 0.97598, 0.97829
0.97803, 0.98003, 0.97587, 0.97875
0.97884, 0.97923, 0.97171, 0.97395
0.97391, 0.97653, 0.97250, 0.97403
0.97395, 0.97451, 0.97013, 0.97053
0.97057, 0.97306, 0.96930, 0.97153
0.97151, 0.97202, 0.96539, 0.96547
0.96552, 0.96626, 0.96117, 0.96133
0.96126, 0.96783, 0.96030, 0.96550
0.96531, 0.96993, 0.96462, 0.96839
0.96824, 0.96987, 0.96439, 0.96523
0.96516, 0.96687, 0.96112, 0.96242
0.96189, 0.96303, 0.95701, 0.95874
0.95840, 0.96399, 0.95512, 0.96086
0.96086, 0.96499, 0.95570, 0.96354
0.96330, 0.96552, 0.96005, 0.96064
0.96035, 0.96717, 0.95993, 0.96234
0.96140, 0.96967, 0.96115, 0.96784
0.96775, 0.97714, 0.96645, 0.97577
0.97551, 0.98330, 0.97372, 0.98294
0.98211, 0.98336, 0.97588, 0.97646
0.97634, 0.98653, 0.97592, 0.97685
0.97420, 0.97555, 0.97104, 0.97269
0.97247, 0.97857, 0.97183, 0.97472
0.97420, 0.97798, 0.97146, 0.97673
0.97678, 0.97748, 0.96597, 0.97003
0.97000, 0.97262, 0.96320, 0.96490
0.96736, 0.97445, 0.96336, 0.96539
0.96525, 0.96874, 0.95832, 0.95873
0.95865, 0.96276, 0.95798, 0.96012
0.95987, 0.96122, 0.95307, 0.96108
0.96079, 0.96639, 0.95773, 0.96538
0.96409, 0.96704, 0.96326, 0.96635
0.96615, 0.96810, 0.96015, 0.96125
0.96112, 0.96172, 0.95056, 0.95101
0.95094, 0.97133, 0.94635, 0.96073
0.96047, 0.96210, 0.94971, 0.95065
0.94994, 0.95748, 0.94048, 0.95413
0.95392, 0.95585, 0.94825, 0.95146
0.95012, 0.95237, 0.94338, 0.95011
0.95000, 0.95903, 0.94677, 0.95664
0.95597, 0.96801, 0.95446, 0.96723
0.96451, 0.97726, 0.96358, 0.97479
0.97457, 0.97995, 0.97390, 0.97810
0.97777, 0.97963, 0.96979, 0.97217
0.97154, 0.97380, 0.96866, 0.96975
0.96954, 0.97145, 0.96697, 0.96826
0.96727, 0.97291, 0.96592, 0.97014
0.96978, 0.97135, 0.96672, 0.96728
0.96716, 0.96889, 0.96424, 0.96799
0.96765, 0.97886, 0.96645, 0.97885
0.97799, 0.97924, 0.97406, 0.97754
0.97526, 0.98077, 0.97410, 0.98026
0.97998, 0.98187, 0.97784, 0.98008
0.97997, 0.98291, 0.97888, 0.98165
0.98135, 0.98506, 0.98029, 0.98148
0.98151, 0.98837, 0.98148, 0.98385
0.98257, 0.98917, 0.98095, 0.98809
0.98808, 0.99259, 0.98696, 0.99129
0.99114, 0.99457, 0.98931, 0.99434
0.99400, 0.99541, 0.98713, 0.98714
0.98712, 0.99426, 0.98657, 0.99235
0.99104, 0.99400, 0.98792, 0.98920
0.98931, 0.99207, 0.98502, 0.98675
0.98674, 0.98895, 0.98402, 0.98420
0.98416, 0.98923, 0.98277, 0.98740
0.98737, 0.99026, 0.98442, 0.98995
0.98948, 0.99181, 0.98631, 0.99049
0.99035, 0.99355, 0.98804, 0.99279
0.99233, 0.99353, 0.98527, 0.98528
0.98526, 0.98949, 0.98194, 0.98348
0.98332, 0.98741, 0.97309, 0.97413
0.97211, 0.97766, 0.96946, 0.97396
0.97379, 0.98396, 0.97219, 0.97744
0.97699, 0.98215, 0.97311, 0.98181
0.98168, 0.98697, 0.98062, 0.98682
0.98594, 0.98899, 0.98434, 0.98484
0.98481, 0.98535, 0.97990, 0.98202
0.98098, 0.98313, 0.97624, 0.98064
0.98060, 0.98317, 0.97645, 0.97948
0.97937, 0.98348, 0.97843, 0.98210
0.98184, 0.98575, 0.98073, 0.98284
0.98138, 0.98890, 0.97898, 0.98110
0.98097, 0.98705, 0.98060, 0.98535
0.98470, 0.98719, 0.97877, 0.98365
0.98368, 0.98866, 0.98174, 0.98612
0.98575, 0.98815, 0.98219, 0.98719
0.98750, 0.99095, 0.98496, 0.98898
0.98854, 0.99078, 0.98548, 0.98581
0.98569, 0.98948, 0.98375, 0.98838
0.98824, 0.98993, 0.98622, 0.98822
0.98810, 0.98890, 0.98249, 0.98399
0.98321, 0.98723, 0.98228, 0.98622
0.98601, 0.99025, 0.98323, 0.98736
0.98708, 0.98892, 0.98284, 0.98723
0.98697, 0.99161, 0.98360, 0.98650
0.98636, 0.99060, 0.98522, 0.98874
0.98838, 0.99121, 0.98544, 0.98555
0.98537, 0.98662, 0.98252, 0.98411
0.98388, 0.98581, 0.98208, 0.98280
0.98266, 0.98684, 0.98158, 0.98646
0.98643, 0.99219, 0.98610, 0.99011
0.99112, 0.99165, 0.98917, 0.99040
0.99026, 0.99224, 0.98746, 0.98861
0.98829, 0.99025, 0.98421, 0.98572
0.98543, 0.98621, 0.98234, 0.98411
0.98403, 0.98987, 0.98291, 0.98935
0.98761, 0.98931, 0.98402, 0.98471
0.98458, 0.99040, 0.98389, 0.98711
0.98710, 0.98763, 0.98328, 0.98590
0.98588, 0.98708, 0.98327, 0.98480
0.98479, 0.98817, 0.98408, 0.98746
0.98691, 0.98897, 0.98521, 0.98875
0.98864, 0.99125, 0.98741, 0.99053
0.99040, 1.00213, 0.98951, 1.00165
1.00135, 1.00785, 1.00015, 1.00637
1.00606, 1.00964, 1.00183, 1.00338
1.00388, 1.00410, 0.99990, 1.00227
1.00205, 1.00265, 0.99344, 0.99471
0.99465, 0.99624, 0.98744, 0.98911
0.98892, 0.99306, 0.98748, 0.99215
0.99162, 0.99983, 0.99131, 0.99893
0.99829, 1.00331, 0.99828, 1.00198
1.00199, 1.00657, 0.99932, 1.00438
1.00434, 1.00684, 1.00112, 1.00170
1.00166, 1.00268, 0.99873, 1.00245
1.00186, 1.00380, 0.99955, 1.00090
0.99976, 1.00600, 0.99966, 1.00360
1.00327, 1.00516, 0.99428, 0.99518
0.99497, 1.00070, 0.99415, 0.99840
0.99831, 1.00045, 0.99335, 0.99623
0.99600, 1.00315, 0.99496, 0.99955
1.00074, 1.00080, 0.99396, 0.99541
0.99530, 0.99569, 0.98708, 0.98896
0.98867, 0.98948, 0.98621, 0.98664
0.98654, 0.99057, 0.98600, 0.99020
0.99001, 0.99049, 0.98601, 0.98630
0.98641, 0.98767, 0.98454, 0.98586
0.98591, 0.98958, 0.98472, 0.98937
0.98908, 0.99102, 0.98630, 0.98731
0.98720, 0.98857, 0.98645, 0.98792
0.98780, 0.99241, 0.98732, 0.98829
0.98854, 0.98865, 0.98540, 0.98636
0.98623, 0.99017, 0.98471, 0.98762
0.98743, 0.98956, 0.98588, 0.98758
0.98730, 0.99058, 0.98629, 0.98947
0.98915, 0.99242, 0.98805, 0.99220
0.99155, 0.99457, 0.99109, 0.99269
0.99246, 0.99643, 0.99141, 0.99608
0.99596, 1.00254, 0.99556, 1.00245
1.00221, 1.00406, 0.99729, 0.99840
0.99818, 0.99867, 0.99458, 0.99542
0.99508, 0.99656, 0.99222, 0.99436
0.99432, 0.99640, 0.99243, 0.99374
0.99352, 0.99428, 0.99082, 0.99249
0.99229, 0.99288, 0.98643, 0.98657
0.98660, 0.98767, 0.97940, 0.98023
0.98136, 0.98335, 0.97127, 0.97776
0.97801, 0.98220, 0.97465, 0.98062
0.98058, 0.98737, 0.97046, 0.98671
0.98678, 0.98794, 0.97978, 0.98625
0.98620, 0.99114, 0.98382, 0.98736
0.98861, 0.99645, 0.98574, 0.99517
0.99523, 0.99766, 0.99245, 0.99317
0.99311, 0.99829, 0.99253, 0.99577
0.99617, 0.99965, 0.99164, 0.99254
0.99260, 0.99384, 0.98477, 0.98949
0.98735, 0.99070, 0.98581, 0.98862
0.98851, 0.99835, 0.98784, 0.99708
0.99674, 0.99844, 0.99452, 0.99577
0.99582, 0.99783, 0.99318, 0.99601
0.99594, 0.99889, 0.99052, 0.99209
0.99080, 0.99610, 0.99029, 0.99492
0.99480, 0.99697, 0.99124, 0.99255
0.99220, 0.99305, 0.98680, 0.98856
0.98831, 0.98882, 0.98498, 0.98753
0.98736, 0.98893, 0.98529, 0.98529
0.98586, 0.98870, 0.98551, 0.98770
0.98716, 0.98893, 0.98483, 0.98544
0.98522, 0.98699, 0.98306, 0.98493
0.98464, 0.98571, 0.97980, 0.98241
0.98216, 0.98441, 0.98100, 0.98260
0.98240, 0.98329, 0.98023, 0.98181
0.98169, 0.98430, 0.98097, 0.98333
0.98324, 0.98467, 0.98237, 0.98318
0.98319, 0.98376, 0.97880, 0.97882
0.97880, 0.98070, 0.97848, 0.98025
0.98026, 0.98087, 0.97780, 0.98025
0.98023, 0.98142, 0.97754, 0.97882
0.97842, 0.98439, 0.97704, 0.98389
0.98361, 0.98788, 0.98258, 0.98612
0.98602, 0.98621, 0.98143, 0.98543
0.98305, 0.98544, 0.98200, 0.98313
0.98284, 0.98646, 0.98138, 0.98238
0.98224, 0.98278, 0.97837, 0.97841
0.97839, 0.98118, 0.97436, 0.97551
0.97529, 0.98484, 0.97462, 0.98103
0.98040, 0.98208, 0.97848, 0.97885
0.97874, 0.97995, 0.97580, 0.97596
0.97587, 0.97753, 0.97419, 0.97701
0.97656, 0.97809, 0.97453, 0.97593
0.97584, 0.97602, 0.97230, 0.97443
0.97240, 0.97525, 0.97237, 0.97372
0.97357, 0.97407, 0.97183, 0.97356
0.97336, 0.97613, 0.97272, 0.97381
0.97374, 0.97582, 0.97244, 0.97467
0.97455, 0.97498, 0.97117, 0.97154
0.97089, 0.97211, 0.96760, 0.97062
0.97054, 0.97196, 0.96983, 0.97070
0.97074, 0.97498, 0.97032, 0.97280
0.97258, 0.97314, 0.97004, 0.97144
0.97129, 0.97160, 0.96866, 0.97043
0.96996, 0.97161, 0.96742, 0.96833
0.96821, 0.97230, 0.96707, 0.97222
0.97220, 0.97503, 0.97079, 0.97306
0.97306, 0.97608, 0.97109, 0.97460
0.97462, 0.97595, 0.97268, 0.97299
0.97230, 0.97500, 0.96952, 0.97042
0.97023, 0.97131, 0.96874, 0.97037
0.97034, 0.97380, 0.96894, 0.97349
0.97312, 0.97602, 0.96877, 0.96935
0.96919, 0.97170, 0.96830, 0.97039
0.96930, 0.97860, 0.96930, 0.97738
0.97732, 0.97937, 0.97524, 0.97674
0.97664, 0.97684, 0.97291, 0.97603
0.97583, 0.97883, 0.97448, 0.97581
0.97582, 0.97829, 0.97453, 0.97779
0.97670, 0.97994, 0.97559, 0.97832
0.97825, 0.98130, 0.97768, 0.98001
0.97987, 0.98199, 0.97894, 0.98102
0.98090, 0.98408, 0.97873, 0.98031
0.98018, 0.98132, 0.97487, 0.97656
0.97650, 0.97751, 0.97218, 0.97660
0.97607, 0.98210, 0.97420, 0.97943
0.97915, 0.98218, 0.97787, 0.97876
0.97860, 0.98047, 0.97649, 0.97727
0.97708, 0.97882, 0.97545, 0.97630
0.97520, 0.98035, 0.97520, 0.97805
0.97779, 0.97832, 0.97513, 0.97584
0.97581, 0.97884, 0.97510, 0.97537
0.97528, 0.97649, 0.97366, 0.97504
0.97494, 0.97584, 0.97351, 0.97494
0.97350, 0.97609, 0.97326, 0.97370
0.97377, 0.97445, 0.96754, 0.96800
0.96791, 0.96935, 0.96274, 0.96541
0.96523, 0.96557, 0.96068, 0.96402
0.96396, 0.96856, 0.96195, 0.96764
0.96660, 0.96815, 0.96421, 0.96698
0.96687, 0.96712, 0.96246, 0.96293
0.96290, 0.96488, 0.96137, 0.96148
0.96140, 0.96587, 0.96021, 0.96440
0.96441, 0.96496, 0.96173, 0.96318
0.96220, 0.96455, 0.95866, 0.96180
0.96177, 0.96297, 0.95458, 0.95486
0.95480, 0.95604, 0.95348, 0.95418
0.95409, 0.95554, 0.95212, 0.95397
0.95384, 0.95920, 0.95239, 0.95892
0.95680, 0.96218, 0.95541, 0.95852
0.95819, 0.96231, 0.95675, 0.96114
0.96093, 0.96484, 0.95848, 0.95985
0.95949, 0.96115, 0.95590, 0.95707
0.95705, 0.96222, 0.95665, 0.96074
0.96023, 0.96268, 0.95926, 0.96022
0.96018, 0.96078, 0.95841, 0.95936
0.95927, 0.96312, 0.95833, 0.96227
0.96205, 0.96364, 0.96094, 0.96255
0.96230, 0.96472, 0.95902, 0.95938
0.95910, 0.96122, 0.95744, 0.95765
0.95772, 0.95949, 0.95656, 0.95774
0.95755, 0.96100, 0.95640, 0.95716
0.95710, 0.95756, 0.95466, 0.95499
0.95671, 0.95671, 0.95671, 0.95671