1.65530, 1.65640, 1.62930, 1.64350
1.64340, 1.64710, 1.61300, 1.63010
1.63150, 1.64060, 1.62140, 1.63650
1.63540, 1.64250, 1.62180, 1.63310
1.62990, 1.63120, 1.59660, 1.59760
1.59950, 1.62610, 1.59040, 1.60040
1.60160, 1.61360, 1.57820, 1.61170
1.61020, 1.63420, 1.60810, 1.61910
1.61970, 1.62440, 1.59400, 1.59920
1.59760, 1.60110, 1.57250, 1.57750
1.57770, 1.60780, 1.56460, 1.56800
1.56880, 1.58720, 1.55250, 1.58340
1.58350, 1.59890, 1.56650, 1.58000
1.58020, 1.59250, 1.56080, 1.56380
1.56620, 1.58040, 1.56180, 1.56600
1.56550, 1.56780, 1.54100, 1.55270
1.55290, 1.56920, 1.54560, 1.56240
1.56420, 1.57920, 1.55800, 1.56480
1.56360, 1.56870, 1.54850, 1.55740
1.55780, 1.56300, 1.53820, 1.55140
1.55190, 1.55750, 1.53740, 1.54630
1.54700, 1.57070, 1.54210, 1.55390
1.55380, 1.56660, 1.54070, 1.56420
1.56420, 1.60890, 1.55870, 1.60170
1.60170, 1.63150, 1.59390, 1.61950
1.61940, 1.65270, 1.61460, 1.63390
1.63390, 1.67010, 1.62920, 1.66260
1.66320, 1.66710, 1.61910, 1.62640
1.62650, 1.63500, 1.60540, 1.60660
1.60660, 1.61060, 1.58080, 1.59330
1.59330, 1.60120, 1.58410, 1.59400
1.59400, 1.62190, 1.58840, 1.61560
1.62110, 1.62360, 1.60150, 1.60760
1.60760, 1.61290, 1.58750, 1.59100
1.59100, 1.61650, 1.58950, 1.60960
1.60600, 1.65420, 1.60310, 1.63930
1.63920, 1.64190, 1.62470, 1.62970
1.62920, 1.63230, 1.60580, 1.62250
1.62250, 1.62350, 1.59670, 1.60100
1.60100, 1.60350, 1.56940, 1.57810
1.57840, 1.57910, 1.56180, 1.56740
1.56750, 1.58930, 1.56360, 1.58810
1.58910, 1.61070, 1.56000, 1.60980
1.60970, 1.62830, 1.60460, 1.61260
1.61260, 1.62490, 1.60370, 1.61940
1.61930, 1.62310, 1.58850, 1.59160
1.59160, 1.60370, 1.58210, 1.59800
1.59740, 1.60830, 1.58140, 1.59000
1.59000, 1.59510, 1.57430, 1.57770
1.57770, 1.57770, 1.51800, 1.52490
1.52500, 1.53910, 1.51140, 1.51440
1.51440, 1.52550, 1.49260, 1.51000
1.51000, 1.51250, 1.47640, 1.48970
1.48970, 1.50720, 1.47720, 1.48360
1.48360, 1.48870, 1.45330, 1.45580
1.45590, 1.47850, 1.44960, 1.46940
1.46700, 1.48900, 1.45940, 1.46920
1.46930, 1.49880, 1.46390, 1.48360
1.48360, 1.51320, 1.47430, 1.50210
1.50040, 1.50890, 1.48210, 1.48860
1.48860, 1.49130, 1.47080, 1.47100
1.47170, 1.47860, 1.45760, 1.47230
1.47240, 1.49150, 1.45050, 1.48850
1.48840, 1.49430, 1.45700, 1.46200
1.46210, 1.46210, 1.44110, 1.44270
1.44270, 1.44470, 1.40520, 1.40860
1.40860, 1.42070, 1.39430, 1.39850
1.39850, 1.44040, 1.38500, 1.42340
1.42350, 1.43520, 1.40210, 1.43250
1.43250, 1.43530, 1.40110, 1.41920
1.41920, 1.42810, 1.40860, 1.41930
1.41930, 1.42530, 1.38900, 1.39670
1.39670, 1.40550, 1.38810, 1.39450
1.39450, 1.40320, 1.38630, 1.39910
1.39910, 1.40650, 1.36760, 1.36950
1.36950, 1.38740, 1.35700, 1.36170
1.36010, 1.37320, 1.35440, 1.36630
1.36220, 1.39310, 1.36220, 1.39150
1.39150, 1.40490, 1.37470, 1.38350
1.38350, 1.39620, 1.37100, 1.37620
1.37620, 1.42100, 1.37270, 1.41560
1.41540, 1.41900, 1.39470, 1.40840
1.40840, 1.42520, 1.39270, 1.39790
1.39780, 1.42210, 1.38720, 1.38980
1.39100, 1.39310, 1.37390, 1.37530
1.37540, 1.38390, 1.36500, 1.37140
1.37150, 1.38000, 1.36820, 1.37290
1.37290, 1.37750, 1.36200, 1.36370
1.36370, 1.36750, 1.34940, 1.36580
1.36580, 1.38750, 1.35980, 1.38140
1.38160, 1.41410, 1.38010, 1.41150
1.41150, 1.42260, 1.39310, 1.40500
1.40510, 1.41750, 1.40040, 1.41520
1.41520, 1.43640, 1.38700, 1.38980
1.38980, 1.39650, 1.38370, 1.39430
1.39430, 1.41110, 1.39420, 1.40310
1.40310, 1.41640, 1.39760, 1.41050
1.41060, 1.41560, 1.39100, 1.40630
1.40630, 1.43440, 1.39960, 1.43400
1.43410, 1.44050, 1.41320, 1.42770
1.42780, 1.44650, 1.40580, 1.40960
1.40960, 1.42310, 1.40350, 1.42200
1.42200, 1.43270, 1.39490, 1.39710
1.39710, 1.42090, 1.37950, 1.41870
1.41870, 1.41980, 1.39610, 1.40360
1.40360, 1.42890, 1.38870, 1.42710
1.42710, 1.43050, 1.40720, 1.42620
1.42610, 1.44730, 1.42380, 1.42690
1.42690, 1.44540, 1.40830, 1.44370
1.44370, 1.44740, 1.42880, 1.44380
1.44380, 1.45920, 1.43240, 1.45120
1.45120, 1.45220, 1.42310, 1.43090
1.43090, 1.44440, 1.42740, 1.44350
1.44120, 1.44840, 1.40980, 1.41430
1.41430, 1.42780, 1.41030, 1.41760
1.41750, 1.42750, 1.40580, 1.42000
1.41990, 1.42630, 1.41270, 1.41720
1.41550, 1.43460, 1.41160, 1.42830
1.42830, 1.43190, 1.40770, 1.41650
1.40860, 1.43360, 1.40850, 1.41750
1.41790, 1.42740, 1.41230, 1.42320
1.42310, 1.43210, 1.41450, 1.41920
1.41920, 1.43190, 1.41240, 1.42630
1.42590, 1.45270, 1.42220, 1.43570
1.43580, 1.45640, 1.43500, 1.45330
1.45330, 1.47200, 1.45190, 1.47070
1.47080, 1.48970, 1.46670, 1.48470
1.48470, 1.52760, 1.48320, 1.52670
1.52620, 1.53410, 1.51450, 1.51690
1.51680, 1.53150, 1.50940, 1.51420
1.51420, 1.52650, 1.50950, 1.52000
1.52000, 1.53990, 1.51910, 1.53730
1.53730, 1.55060, 1.52380, 1.52480
1.52470, 1.53560, 1.50870, 1.51210
1.55260, 1.55260, 1.50810, 1.51910
1.51920, 1.54360, 1.51820, 1.52360
1.52360, 1.54550, 1.52210, 1.53470
1.53420, 1.54770, 1.52320, 1.52420
1.52430, 1.53380, 1.51670, 1.52730
1.52730, 1.54070, 1.51710, 1.52670
1.52670, 1.55400, 1.52250, 1.55270
1.58950, 1.59060, 1.53400, 1.53740
1.53720, 1.56640, 1.53560, 1.56600
1.56690, 1.56850, 1.53930, 1.54140
1.54140, 1.55110, 1.53050, 1.54040
1.53940, 1.55030, 1.53620, 1.54000
1.53910, 1.54670, 1.52720, 1.53840
1.53840, 1.54290, 1.52500, 1.52660
1.52650, 1.53290, 1.51790, 1.52370
1.52060, 1.52400, 1.49540, 1.50520
1.50520, 1.50790, 1.49270, 1.50120
1.50280, 1.50640, 1.46920, 1.47040
1.47270, 1.47430, 1.45000, 1.45150
1.45110, 1.46260, 1.42410, 1.42630
1.42640, 1.43870, 1.41520, 1.41830
1.41820, 1.42980, 1.41340, 1.42920
1.42690, 1.44280, 1.42450, 1.43780
1.43960, 1.44450, 1.41160, 1.44220
1.43900, 1.44650, 1.42590, 1.42960
1.43060, 1.45950, 1.42350, 1.44360
1.44460, 1.45090, 1.43530, 1.44960
1.44970, 1.45660, 1.42460, 1.45010
1.45030, 1.46450, 1.43660, 1.45480
1.45870, 1.46290, 1.43910, 1.44130
1.44180, 1.45520, 1.42480, 1.42710
1.42600, 1.44040, 1.41960, 1.43840
1.43840, 1.45360, 1.43030, 1.43800
1.43850, 1.45560, 1.42620, 1.45240
1.45230, 1.45960, 1.42470, 1.42840
1.42800, 1.42990, 1.40110, 1.40940
1.40970, 1.42630, 1.40540, 1.41430
1.41800, 1.41930, 1.38400, 1.38540
1.38690, 1.39290, 1.37720, 1.37760
1.37760, 1.39760, 1.37300, 1.38260
1.38500, 1.39510, 1.37150, 1.38410
1.38610, 1.38690, 1.34950, 1.35520
1.35730, 1.38640, 1.32860, 1.38570
1.38740, 1.44480, 1.38130, 1.42580
1.43330, 1.47110, 1.41970, 1.46510
1.46280, 1.48490, 1.45030, 1.46030
1.46240, 1.50310, 1.46090, 1.47270
1.47150, 1.49530, 1.46160, 1.46660
1.46460, 1.47140, 1.42260, 1.42520
1.42550, 1.44570, 1.41450, 1.44510
1.44310, 1.48240, 1.43780, 1.47780
1.47790, 1.51130, 1.46660, 1.50520
1.50720, 1.52000, 1.48790, 1.50080
1.49840, 1.50800, 1.47290, 1.47910
1.47910, 1.49580, 1.46700, 1.47240
1.47210, 1.48360, 1.44100, 1.44930
1.45100, 1.48230, 1.44690, 1.47680
1.48130, 1.50720, 1.47050, 1.50200
1.50260, 1.50300, 1.46440, 1.49880
1.49730, 1.52330, 1.49300, 1.52050
1.52070, 1.55240, 1.51470, 1.54950
1.54960, 1.59360, 1.54560, 1.57830
1.58270, 1.61850, 1.56170, 1.61380
1.61530, 1.63250, 1.57010, 1.58670
1.58690, 1.62100, 1.57090, 1.61800
1.61160, 1.62560, 1.57930, 1.58760
1.58880, 1.62980, 1.58220, 1.58380
1.58290, 1.59290, 1.56180, 1.57180
1.57290, 1.57750, 1.53930, 1.55620
1.55420, 1.56660, 1.53910, 1.55570
1.55880, 1.56070, 1.53590, 1.55990
1.55900, 1.56630, 1.52790, 1.54490
1.54910, 1.60850, 1.54260, 1.60830
1.60740, 1.61470, 1.56890, 1.58270
1.58390, 1.59350, 1.56620, 1.58600
1.58830, 1.59820, 1.57200, 1.59580
1.59450, 1.61830, 1.59020, 1.59900
1.59810, 1.61060, 1.58630, 1.60790
1.60950, 1.61000, 1.58230, 1.59250
1.59210, 1.60210, 1.57990, 1.60170
1.60140, 1.61420, 1.59070, 1.59830
1.59840, 1.62220, 1.59480, 1.60010
1.59370, 1.60490, 1.55290, 1.55550
1.55480, 1.57140, 1.54400, 1.54860
1.55110, 1.56220, 1.52580, 1.56130
1.56110, 1.56490, 1.51010, 1.51180
1.51670, 1.52430, 1.49200, 1.50720
1.52130, 1.54750, 1.50190, 1.51370
1.51680, 1.53580, 1.50730, 1.51000
1.50500, 1.51290, 1.47410, 1.49190
1.47970, 1.61440, 1.47250, 1.57250
1.58480, 1.61180, 1.55150, 1.58550
1.58620, 1.62980, 1.56530, 1.61200
1.60370, 1.63670, 1.52290, 1.54350
1.54040, 1.54750, 1.48220, 1.51200
1.50920, 1.56580, 1.50040, 1.55910
1.55220, 1.62230, 1.54180, 1.59330
1.59500, 1.61940, 1.56570, 1.57250
1.57210, 1.64840, 1.55540, 1.61600
1.61770, 1.67360, 1.60450, 1.66750
1.66540, 1.74990, 1.65160, 1.68990
1.69000, 1.72120, 1.67460, 1.71220
1.71570, 1.75080, 1.67500, 1.67540
1.67540, 1.68990, 1.57510, 1.59700
1.60020, 1.66470, 1.59220, 1.64820
1.65780, 1.65870, 1.59210, 1.59660
1.59720, 1.62890, 1.56490, 1.57400
1.56850, 1.61170, 1.56320, 1.57690
1.58410, 1.62400, 1.56750, 1.58800
1.58590, 1.61410, 1.57650, 1.60480
1.60480, 1.61630, 1.57990, 1.61530
1.61300, 1.63670, 1.60160, 1.62700
1.62620, 1.65610, 1.62150, 1.64320
1.64360, 1.69710, 1.63720, 1.68390
1.68380, 1.69090, 1.64270, 1.64960
1.63930, 1.68310, 1.63770, 1.65760
1.65960, 1.66850, 1.60280, 1.61560
1.61570, 1.63530, 1.57800, 1.58180
1.58570, 1.61980, 1.57730, 1.60120
1.60430, 1.60510, 1.56990, 1.57110
1.57420, 1.57850, 1.54640, 1.56810
1.56870, 1.60060, 1.56300, 1.58880
1.58770, 1.58910, 1.56500, 1.56630
1.57190, 1.57850, 1.53970, 1.54320
1.54240, 1.57720, 1.53420, 1.56210
1.56430, 1.57320, 1.53600, 1.56620
1.56580, 1.58600, 1.55880, 1.58160
1.58280, 1.62500, 1.57690, 1.61870
1.62040, 1.63290, 1.61490, 1.62170
1.62080, 1.63240, 1.61280, 1.62130
1.62090, 1.62640, 1.56820, 1.56960
1.57340, 1.57720, 1.53400, 1.54270
1.54370, 1.54640, 1.51840, 1.53580
1.53570, 1.55920, 1.52530, 1.53300
1.53550, 1.56430, 1.53120, 1.55930
1.55970, 1.56990, 1.54320, 1.54840
1.55010, 1.56830, 1.53640, 1.56080
1.56170, 1.58500, 1.54910, 1.55520
1.55380, 1.58400, 1.54010, 1.56840
1.57280, 1.59060, 1.56200, 1.57230
1.57240, 1.60690, 1.57030, 1.60190
1.60390, 1.60940, 1.55580, 1.57340
1.57680, 1.57970, 1.53200, 1.53480
1.53610, 1.55040, 1.52290, 1.54510
1.54520, 1.58420, 1.53640, 1.58080
1.57720, 1.59940, 1.57300, 1.59610
1.59540, 1.59970, 1.56390, 1.59600
1.59480, 1.59800, 1.55950, 1.56670
1.56710, 1.59340, 1.56090, 1.58950
1.59010, 1.60100, 1.57540, 1.59090
1.59140, 1.59480, 1.56080, 1.57150
1.57090, 1.57300, 1.53940, 1.54920
1.54960, 1.55990, 1.52300, 1.52940
1.52770, 1.53160, 1.49710, 1.51130
1.50900, 1.51770, 1.49260, 1.50710
1.50440, 1.50670, 1.47360, 1.48280
1.48300, 1.50870, 1.47190, 1.47980
1.47990, 1.49900, 1.46650, 1.49460
1.49460, 1.50330, 1.47660, 1.48360
1.48360, 1.48990, 1.45840, 1.46550
1.45940, 1.47570, 1.42570, 1.43140
1.43140, 1.43890, 1.41010, 1.41430
1.41560, 1.44380, 1.41140, 1.43310
1.43200, 1.43660, 1.39170, 1.40200
1.40150, 1.41070, 1.39010, 1.40310
1.40150, 1.40250, 1.36260, 1.37600
1.37480, 1.38370, 1.35700, 1.37640
1.38100, 1.38310, 1.36060, 1.36490
1.36100, 1.36490, 1.33410, 1.35300
1.36860, 1.37580, 1.35180, 1.36730
1.36470, 1.37340, 1.32370, 1.33690
1.33440, 1.35420, 1.32540, 1.35270
1.35710, 1.35880, 1.31290, 1.33090
1.33620, 1.33940, 1.27300, 1.27930
1.27520, 1.34730, 1.26440, 1.33140
1.33130, 1.33430, 1.28810, 1.29380
1.29370, 1.29690, 1.25500, 1.27110
1.26680, 1.27270, 1.24510, 1.25040
1.25110, 1.27790, 1.24990, 1.26540
1.26810, 1.29120, 1.25200, 1.27950
1.27780, 1.34270, 1.26990, 1.33430
1.33340, 1.33760, 1.30120, 1.30600
1.30610, 1.36720, 1.29500, 1.36650
1.36300, 1.36920, 1.32660, 1.33750
1.33680, 1.35830, 1.33370, 1.34330
1.34340, 1.36890, 1.33140, 1.36390
1.36470, 1.36780, 1.32270, 1.32850
1.32860, 1.34260, 1.31530, 1.33110
1.33100, 1.35210, 1.32690, 1.34070
1.33860, 1.35860, 1.33170, 1.33930
1.34010, 1.34060, 1.30700, 1.31410
1.31330, 1.35030, 1.31240, 1.34760
1.34800, 1.38640, 1.34110, 1.38100
1.38130, 1.41430, 1.37640, 1.40580
1.40620, 1.42350, 1.39640, 1.40850
1.41320, 1.42060, 1.39460, 1.41140
1.41400, 1.43340, 1.41110, 1.43100
1.43250, 1.43480, 1.41240, 1.42070
1.42250, 1.43280, 1.40270, 1.40270
1.40430, 1.40820, 1.36590, 1.38510
1.38460, 1.40000, 1.36800, 1.38970
1.39380, 1.39690, 1.34300, 1.35140
1.34810, 1.35320, 1.32040, 1.34530
1.34180, 1.34660, 1.33030, 1.33400
1.33280, 1.35780, 1.32560, 1.33690
1.33430, 1.34360, 1.31790, 1.32240
1.32090, 1.33740, 1.30880, 1.33420
1.32730, 1.33540, 1.27950, 1.28180
1.27840, 1.33730, 1.27720, 1.32540
1.32180, 1.35540, 1.30880, 1.35190
1.35430, 1.37080, 1.34930, 1.36220
1.36030, 1.37790, 1.33510, 1.34030
1.33920, 1.36590, 1.33440, 1.33750
1.33590, 1.35280, 1.32420, 1.35050
1.34950, 1.37110, 1.33340, 1.34410
1.34580, 1.36150, 1.33870, 1.36090
1.36150, 1.36260, 1.33890, 1.35240
1.35890, 1.39740, 1.35210, 1.39520
1.39790, 1.39820, 1.37680, 1.38200
1.37560, 1.38190, 1.35900, 1.37040
1.37040, 1.38600, 1.36580, 1.38320
1.38240, 1.39890, 1.37790, 1.38310
1.38160, 1.39010, 1.36580, 1.38890
1.38620, 1.41720, 1.38470, 1.39870
1.40070, 1.43390, 1.38280, 1.38300
1.38650, 1.39260, 1.36330, 1.36640
1.36410, 1.38830, 1.36320, 1.37850
1.37500, 1.39830, 1.36770, 1.39660
1.39920, 1.43190, 1.39060, 1.42930
1.42900, 1.43780, 1.40110, 1.40530
1.40190, 1.40980, 1.38230, 1.39980
1.40100, 1.40670, 1.38430, 1.40140
1.40040, 1.41600, 1.38970, 1.39180
1.39430, 1.39800, 1.36430, 1.37120
1.36460, 1.37010, 1.34630, 1.34910
1.34640, 1.36870, 1.34060, 1.36050
1.36470, 1.37710, 1.35090, 1.37510
1.37130, 1.40220, 1.35480, 1.40180
1.41500, 1.42380, 1.39800, 1.40550
1.40790, 1.42600, 1.40620, 1.42480
1.42350, 1.43130, 1.41210, 1.42240
1.42020, 1.42440, 1.38830, 1.39910
1.39620, 1.40950, 1.35890, 1.36070
1.35460, 1.37140, 1.34650, 1.34870
1.34310, 1.39320, 1.33960, 1.38720
1.38910, 1.41300, 1.38210, 1.40530
1.39960, 1.41170, 1.38240, 1.38990
1.39080, 1.40820, 1.38700, 1.40110
1.40160, 1.40850, 1.39220, 1.39840
1.39710, 1.41750, 1.39060, 1.40250
1.40170, 1.41210, 1.37820, 1.40490
1.40560, 1.40580, 1.38110, 1.38900
1.39200, 1.39790, 1.37590, 1.38970
1.38720, 1.40740, 1.38480, 1.38550
1.38950, 1.39030, 1.35860, 1.36500
1.36470, 1.37130, 1.34790, 1.36130
1.36360, 1.36380, 1.34260, 1.35450
1.35200, 1.35530, 1.32760, 1.33110
1.33030, 1.33670, 1.31540, 1.32320
1.32050, 1.32320, 1.29890, 1.30790
1.30430, 1.31400, 1.29070, 1.29690
1.29440, 1.31490, 1.28740, 1.31000
1.30550, 1.32510, 1.30530, 1.32400
1.32370, 1.32420, 1.30270, 1.30720
1.30400, 1.32520, 1.29970, 1.32120
1.32200, 1.32570, 1.30200, 1.30940
1.30850, 1.34650, 1.30830, 1.34380
1.34450, 1.34800, 1.30270, 1.30520
1.30500, 1.32080, 1.29550, 1.29990
1.29880, 1.30890, 1.28930, 1.30610
1.30580, 1.32900, 1.30320, 1.32380
1.32440, 1.33340, 1.31790, 1.33190
1.33040, 1.33310, 1.29440, 1.30460
1.30630, 1.31760, 1.29990, 1.30700
1.30550, 1.31460, 1.29300, 1.31100
1.30740, 1.31220, 1.29620, 1.29930
1.29850, 1.31370, 1.28890, 1.30280
1.29590, 1.30390, 1.28800, 1.29220
1.29030, 1.30670, 1.27830, 1.30580
1.30440, 1.30630, 1.28620, 1.28810
1.29060, 1.29470, 1.27280, 1.29410
1.29010, 1.30340, 1.28330, 1.28420
1.29160, 1.29560, 1.28050, 1.29080
1.29590, 1.30060, 1.28580, 1.28720
1.28850, 1.29770, 1.27460, 1.28740
1.28850, 1.28910, 1.25000, 1.25220
1.25150, 1.25700, 1.23770, 1.24140
1.24320, 1.25000, 1.22890, 1.23090
1.22850, 1.24510, 1.22760, 1.23570
1.23460, 1.24080, 1.21920, 1.23990
1.24100, 1.24390, 1.21690, 1.21750
1.21750, 1.22810, 1.21250, 1.22010
1.21980, 1.24950, 1.21570, 1.24140
1.24020, 1.24910, 1.23540, 1.24010
1.24130, 1.25430, 1.23490, 1.25390
1.25170, 1.27620, 1.24160, 1.27560
1.27320, 1.27970, 1.26320, 1.26700
1.26700, 1.26920, 1.26070, 1.26450
1.26410, 1.28030, 1.25990, 1.27550
1.27330, 1.27400, 1.25720, 1.26860
1.26760, 1.29440, 1.26430, 1.29370
1.29520, 1.30090, 1.28000, 1.28950
1.29130, 1.30190, 1.27360, 1.27790
1.27600, 1.27760, 1.26440, 1.27300
1.27170, 1.28270, 1.26680, 1.27550
1.27550, 1.28960, 1.27180, 1.28800
1.28750, 1.29460, 1.28160, 1.29090
1.29120, 1.30330, 1.27210, 1.27750
1.27170, 1.29820, 1.27160, 1.29700
1.29900, 1.31360, 1.29360, 1.30970
1.30930, 1.31830, 1.30600, 1.31720
1.31520, 1.31700, 1.28430, 1.28990
1.28950, 1.31450, 1.28520, 1.31350
1.31550, 1.32430, 1.30620, 1.32060
1.32040, 1.35990, 1.31670, 1.35370
1.35510, 1.37050, 1.34930, 1.35970
1.36000, 1.36100, 1.33360, 1.33710
1.34070, 1.35680, 1.33260, 1.34430
1.34470, 1.36100, 1.34040, 1.34730
1.34960, 1.36220, 1.33390, 1.33640
1.33660, 1.35350, 1.32750, 1.33740
1.33590, 1.34110, 1.32410, 1.33250
1.31960, 1.33040, 1.31720, 1.32860
1.32710, 1.33410, 1.29620, 1.30390
1.30260, 1.33130, 1.29500, 1.32180
1.32100, 1.33140, 1.31860, 1.32880
1.32920, 1.35210, 1.32750, 1.33950
1.34030, 1.34320, 1.32260, 1.32420
1.32760, 1.33310, 1.31400, 1.32140
1.32140, 1.32370, 1.30750, 1.31160
1.31210, 1.32250, 1.30640, 1.31940
1.31970, 1.34350, 1.31750, 1.33390
1.33400, 1.35010, 1.33310, 1.34830
1.34610, 1.36350, 1.34220, 1.34760
1.34860, 1.36720, 1.34320, 1.35700
1.35770, 1.38020, 1.35230, 1.37180
1.37250, 1.38130, 1.35840, 1.36830
1.36900, 1.37660, 1.35130, 1.35710
1.35620, 1.37110, 1.34270, 1.35810
1.35750, 1.37040, 1.35460, 1.36230
1.36170, 1.36770, 1.35690, 1.36450
1.36540, 1.38050, 1.35890, 1.37920
1.37960, 1.39170, 1.37060, 1.37210
1.37310, 1.38290, 1.36610, 1.37770
1.37770, 1.41240, 1.37480, 1.40420
1.40670, 1.40890, 1.38750, 1.39280
1.39070, 1.39340, 1.36450, 1.37180
1.37020, 1.37680, 1.36680, 1.37650
1.37820, 1.39450, 1.37100, 1.39370
1.39450, 1.39910, 1.38310, 1.39310
1.39040, 1.40820, 1.38910, 1.39550
1.39650, 1.41140, 1.39570, 1.40150
1.40530, 1.40970, 1.39400, 1.40790
1.40810, 1.44370, 1.40560, 1.44240
1.44220, 1.44270, 1.40510, 1.40510
1.40550, 1.41350, 1.38820, 1.40030
1.40010, 1.41630, 1.39860, 1.40830
1.40790, 1.42830, 1.40120, 1.42530
1.42600, 1.44520, 1.42250, 1.44230
1.44260, 1.46080, 1.43800, 1.45760
1.45940, 1.46600, 1.45290, 1.45410
1.45460, 1.46990, 1.45290, 1.45460
1.45490, 1.48140, 1.44920, 1.47150
1.47320, 1.47690, 1.44170, 1.44480
1.44530, 1.49490, 1.44060, 1.48960
1.49030, 1.49870, 1.48180, 1.48430
1.48370, 1.52720, 1.47830, 1.51570
1.51340, 1.53030, 1.49630, 1.50150
1.49930, 1.51410, 1.49020, 1.50430
1.50330, 1.51630, 1.48980, 1.50410
1.50330, 1.53450, 1.49920, 1.52660
1.52520, 1.53920, 1.51560, 1.52680
1.52660, 1.54000, 1.51290, 1.53790
1.53890, 1.54980, 1.53060, 1.54460
1.54290, 1.55830, 1.53270, 1.54750
1.54790, 1.55390, 1.50760, 1.52060
1.52020, 1.52740, 1.50010, 1.50370
1.50420, 1.52490, 1.50200, 1.52410
1.52060, 1.52660, 1.51180, 1.52270
1.52280, 1.52900, 1.51770, 1.52620
1.52700, 1.53020, 1.50840, 1.52230
1.52250, 1.52550, 1.49070, 1.49920
1.49920, 1.50400, 1.48290, 1.48720
1.48770, 1.49580, 1.47990, 1.48130
1.48070, 1.48250, 1.47230, 1.47830
1.47790, 1.49510, 1.47550, 1.49090
1.49090, 1.49290, 1.46680, 1.46940
1.46940, 1.48020, 1.45910, 1.46270
1.46180, 1.46350, 1.45360, 1.45550
1.45470, 1.46170, 1.44390, 1.44760
1.44770, 1.46060, 1.44490, 1.46030
1.45990, 1.46490, 1.44760, 1.45130
1.45220, 1.45390, 1.44150, 1.45260
1.45210, 1.46700, 1.45020, 1.46650
1.46600, 1.47310, 1.45560, 1.47130
1.47070, 1.47080, 1.45430, 1.46020
1.45790, 1.45870, 1.44690, 1.44890
1.44640, 1.44980, 1.42490, 1.42820
1.42730, 1.43600, 1.40330, 1.40920
1.40960, 1.43770, 1.40810, 1.43750
1.43740, 1.43840, 1.40100, 1.40570
1.40660, 1.42440, 1.40490, 1.41460
1.41400, 1.41780, 1.40080, 1.40700
1.40770, 1.42310, 1.40380, 1.41330
1.41310, 1.44970, 1.41270, 1.43880
1.43900, 1.44530, 1.41570, 1.42360
1.42410, 1.43010, 1.40560, 1.40990
1.41110, 1.43390, 1.40440, 1.41090
1.41170, 1.42100, 1.40320, 1.41380
1.41390, 1.42630, 1.39020, 1.39130
1.38870, 1.42650, 1.38860, 1.42130
1.42320, 1.42470, 1.39530, 1.40430
1.40480, 1.44330, 1.40030, 1.44250
1.44520, 1.46410, 1.41720, 1.41890
1.41840, 1.42760, 1.41220, 1.41570
1.41480, 1.42060, 1.39890, 1.41390
1.40340, 1.41360, 1.38800, 1.40420
1.40470, 1.41860, 1.37500, 1.38550
1.38410, 1.43820, 1.38000, 1.39230
1.38740, 1.44880, 1.38230, 1.43620
1.43640, 1.44730, 1.40910, 1.41560
1.41600, 1.43370, 1.40710, 1.41780
1.41830, 1.43110, 1.40530, 1.42590
1.42740, 1.43280, 1.39490, 1.39940
1.39810, 1.40860, 1.36180, 1.36830
1.36670, 1.37330, 1.33830, 1.34140
1.34140, 1.37480, 1.34080, 1.35780
1.36250, 1.37620, 1.35250, 1.37300
1.37170, 1.37600, 1.35550, 1.36980
1.37010, 1.37480, 1.33160, 1.33230
1.33170, 1.33750, 1.30200, 1.32230
1.32070, 1.32460, 1.30540, 1.32460
1.32430, 1.37020, 1.31280, 1.36140
1.36060, 1.37640, 1.33980, 1.35390
1.35300, 1.37750, 1.34260, 1.37490
1.37430, 1.38020, 1.35140, 1.35190
1.35190, 1.37480, 1.34280, 1.36820
1.36610, 1.41600, 1.35970, 1.38160
1.38010, 1.40520, 1.37400, 1.38680
1.38070, 1.39520, 1.37980, 1.39230
1.39460, 1.40190, 1.37400, 1.37470
1.35750, 1.39890, 1.35170, 1.39610
1.38370, 1.42530, 1.38200, 1.41140
1.40950, 1.42080, 1.39810, 1.40470
1.40500, 1.43770, 1.40450, 1.43180
1.43200, 1.44910, 1.41710, 1.43760
1.43600, 1.44440, 1.42530, 1.44010
1.43810, 1.46110, 1.43150, 1.45480
1.45540, 1.50170, 1.43820, 1.50130
1.49970, 1.55600, 1.47410, 1.47600
1.47670, 1.50000, 1.45940, 1.47950
1.47960, 1.50560, 1.46580, 1.50300
1.50150, 1.50750, 1.48410, 1.49380
1.49280, 1.51120, 1.47220, 1.49230
1.49240, 1.51550, 1.47360, 1.47420
1.47560, 1.47830, 1.45450, 1.47000
1.47230, 1.48960, 1.46010, 1.46570
1.46560, 1.49040, 1.44430, 1.45060
1.44940, 1.46650, 1.43580, 1.43820
1.44260, 1.44860, 1.41970, 1.42830
1.42760, 1.43840, 1.41580, 1.43490
1.42830, 1.43310, 1.41400, 1.42120
1.41910, 1.42770, 1.40740, 1.41630
1.41490, 1.46670, 1.40210, 1.45340
1.45340, 1.51250, 1.45060, 1.51190
1.50700, 1.51990, 1.49390, 1.51640
1.51260, 1.53180, 1.50420, 1.51660
1.51540, 1.52920, 1.50860, 1.51510
1.50200, 1.54920, 1.49500, 1.54800
1.54670, 1.59560, 1.52950, 1.58590
1.59510, 1.61020, 1.52450, 1.52480
1.52590, 1.55640, 1.51250, 1.51270
1.51340, 1.55290, 1.51080, 1.55230
1.54890, 1.59110, 1.54260, 1.55830
1.55670, 1.55920, 1.51370, 1.53210
1.53100, 1.53350, 1.47500, 1.47680
1.47600, 1.48400, 1.45260, 1.46500
1.46550, 1.50130, 1.43850, 1.47300
1.47480, 1.48760, 1.45840, 1.46530
1.46760, 1.48330, 1.46030, 1.48150
1.48170, 1.49740, 1.46520, 1.48200
1.48500, 1.50260, 1.47580, 1.48010
1.48190, 1.48570, 1.43730, 1.44590
1.46270, 1.46760, 1.41950, 1.42140
1.42010, 1.43970, 1.41770, 1.43660
1.43870, 1.48160, 1.43590, 1.47170
1.47510, 1.48210, 1.45610, 1.46280
1.46400, 1.47540, 1.45380, 1.47170
1.47060, 1.47770, 1.44310, 1.44740
1.44720, 1.47200, 1.44720, 1.47030
1.47050, 1.47270, 1.43160, 1.43730
1.43830, 1.46350, 1.43560, 1.45300
1.45570, 1.46040, 1.42480, 1.44350
1.43670, 1.44810, 1.42920, 1.43760
1.43790, 1.44640, 1.42830, 1.44050
1.44140, 1.45330, 1.42780, 1.43050
1.43060, 1.45030, 1.42850, 1.44080
1.44050, 1.46660, 1.43890, 1.45710
1.45600, 1.47300, 1.44710, 1.46050
1.46060, 1.46220, 1.44280, 1.44610
1.44630, 1.45880, 1.44250, 1.45640
1.45750, 1.46690, 1.44980, 1.45560
1.45280, 1.46800, 1.44780, 1.44820
1.44880, 1.46500, 1.43770, 1.46490
1.46580, 1.48690, 1.46390, 1.47380
1.47420, 1.48050, 1.46090, 1.47800
1.47750, 1.49210, 1.46260, 1.47550
1.47550, 1.48911, 1.46635, 1.48904
1.48051, 1.48465, 1.44070, 1.44125
1.44007, 1.45733, 1.42638, 1.45151
1.44978, 1.47506, 1.44409, 1.47155
1.47294, 1.49604, 1.46422, 1.49227
1.47519, 1.52797, 1.45842, 1.46922
1.46295, 1.46556, 1.42814, 1.42916
1.42951, 1.43446, 1.41857, 1.43127
1.43185, 1.43929, 1.41248, 1.41647
1.41060, 1.43538, 1.38622, 1.39104
1.38373, 1.40288, 1.38190, 1.39339
1.39192, 1.41675, 1.38780, 1.41479
1.41342, 1.43880, 1.40693, 1.41274
1.41382, 1.41401, 1.38769, 1.39415
1.39429, 1.40342, 1.38545, 1.39537
1.39372, 1.42719, 1.39041, 1.42421
1.42559, 1.43076, 1.39651, 1.40637
1.40774, 1.41303, 1.39613, 1.40445
1.40505, 1.40990, 1.38703, 1.39189
1.39008, 1.39604, 1.37826, 1.38945
1.38918, 1.39341, 1.38036, 1.38289
1.38342, 1.42108, 1.38315, 1.42053
1.41930, 1.43993, 1.41567, 1.43721
1.43779, 1.44174, 1.42410, 1.43251
1.43282, 1.44929, 1.43082, 1.44441
1.44728, 1.45995, 1.41752, 1.41877
1.41833, 1.43561, 1.41753, 1.41949
1.41823, 1.42131, 1.40525, 1.41334
1.41291, 1.45331, 1.41143, 1.44721
1.46924, 1.49409, 1.45586, 1.48729
1.48977, 1.51519, 1.48619, 1.50105
1.50429, 1.50488, 1.48250, 1.49869
1.49702, 1.52130, 1.48994, 1.51377
1.51248, 1.52085, 1.50093, 1.50345
1.50245, 1.52580, 1.49689, 1.52089
1.52054, 1.52324, 1.50122, 1.50741
1.50777, 1.51055, 1.47619, 1.47893
1.48052, 1.48950, 1.47259, 1.48513
1.48458, 1.49785, 1.47800, 1.48073
1.48067, 1.48352, 1.46507, 1.46763
1.46757, 1.48301, 1.44794, 1.45029
1.45070, 1.46828, 1.44783, 1.46231
1.46216, 1.47132, 1.45311, 1.46029
1.46124, 1.49592, 1.46005, 1.48894
1.48887, 1.50170, 1.48369, 1.49858
1.49728, 1.50122, 1.47289, 1.47973
1.47773, 1.49018, 1.47265, 1.48761
1.48909, 1.50745, 1.46807, 1.47001
1.47575, 1.48110, 1.44755, 1.46254
1.46090, 1.46124, 1.44419, 1.45635
1.45246, 1.47682, 1.45132, 1.47351
1.46716, 1.48047, 1.44879, 1.47251
1.47227, 1.47405, 1.46354, 1.47023
1.46940, 1.48380, 1.46910, 1.47326
1.47327, 1.48764, 1.46847, 1.48692
1.48470, 1.51450, 1.48194, 1.48632
1.48754, 1.50402, 1.48022, 1.48143
1.48249, 1.48367, 1.47361, 1.47967
1.47894, 1.51246, 1.47707, 1.50497
1.50428, 1.51774, 1.49599, 1.51504
1.51476, 1.53714, 1.50856, 1.50875
1.50666, 1.51819, 1.49219, 1.51243
1.51180, 1.52262, 1.49972, 1.51175
1.51094, 1.53014, 1.50471, 1.50812
1.50915, 1.51038, 1.49935, 1.50963
1.50758, 1.51409, 1.48805, 1.49298
1.49212, 1.52309, 1.48178, 1.51951
1.51909, 1.53122, 1.51083, 1.52642
1.53038, 1.54147, 1.52005, 1.53063
1.52947, 1.54883, 1.52193, 1.54724
1.54621, 1.55699, 1.53740, 1.54095
1.54113, 1.56480, 1.54042, 1.55825
1.55736, 1.56875, 1.55071, 1.55256
1.55312, 1.59175, 1.55293, 1.58671
1.58743, 1.61219, 1.57557, 1.57619
1.57775, 1.61403, 1.57599, 1.60907
1.60864, 1.61519, 1.58154, 1.59254
1.59109, 1.60768, 1.58344, 1.58764
1.58818, 1.59266, 1.55876, 1.56957
1.56712, 1.57514, 1.54631, 1.55481
1.55285, 1.56813, 1.54750, 1.56781
1.56434, 1.57136, 1.55325, 1.55563
1.55568, 1.55923, 1.53360, 1.53635
1.53541, 1.54436, 1.51490, 1.52741
1.52575, 1.53140, 1.50526, 1.51631
1.51506, 1.51628, 1.50012, 1.51093
1.51428, 1.52241, 1.49168, 1.51072
1.50941, 1.53614, 1.50941, 1.52115
1.52976, 1.53585, 1.51189, 1.53232
1.52727, 1.55841, 1.52465, 1.54596
1.54677, 1.55860, 1.53145, 1.53438
1.53526, 1.54428, 1.52871, 1.53722
1.53632, 1.54418, 1.53218, 1.53677
1.53780, 1.54678, 1.53191, 1.53992
1.53918, 1.54288, 1.51718, 1.52251
1.52106, 1.53258, 1.50191, 1.50254
1.50269, 1.51888, 1.49145, 1.49832
1.49746, 1.50129, 1.47989, 1.49390
1.49350, 1.51661, 1.48979, 1.51368
1.51157, 1.52136, 1.50783, 1.51318
1.51583, 1.53709, 1.51312, 1.52074
1.51940, 1.52930, 1.50905, 1.51437
1.51432, 1.52603, 1.50607, 1.51729
1.51767, 1.53218, 1.49746, 1.49758
1.49251, 1.49598, 1.47592, 1.49072
1.49123, 1.51344, 1.48558, 1.50482
1.50181, 1.51319, 1.49308, 1.50816
1.50798, 1.51149, 1.47763, 1.49400
1.49264, 1.49822, 1.48478, 1.49155
1.49024, 1.50488, 1.48759, 1.49666
1.49429, 1.50435, 1.48469, 1.50087
1.50085, 1.51689, 1.49508, 1.49994
1.49877, 1.51489, 1.49750, 1.50388
1.50234, 1.53078, 1.49139, 1.51763
1.51858, 1.52730, 1.50843, 1.51284
1.51244, 1.55298, 1.51190, 1.54569
1.54549, 1.56404, 1.53989, 1.55975
1.55904, 1.56336, 1.52367, 1.52367
1.52403, 1.53219, 1.51493, 1.52091
1.51889, 1.52523, 1.50428, 1.50710
1.50677, 1.52247, 1.50649, 1.50737
1.50676, 1.51891, 1.49797, 1.50052
1.49886, 1.51214, 1.49580, 1.50281
1.50165, 1.50611, 1.49141, 1.49545
1.49613, 1.50375, 1.48833, 1.48833
1.48847, 1.51187, 1.48780, 1.51102
1.51115, 1.52226, 1.50282, 1.50731
1.50689, 1.51467, 1.50453, 1.51046
1.50975, 1.52147, 1.50396, 1.51733
1.51603, 1.52127, 1.49729, 1.49737
1.49785, 1.50608, 1.49038, 1.50044
1.50074, 1.51006, 1.49708, 1.50551
1.50652, 1.51538, 1.50017, 1.50480
1.50460, 1.51327, 1.49858, 1.49883
1.49919, 1.51103, 1.49871, 1.50344
1.50292, 1.51808, 1.50280, 1.50679
1.50711, 1.51475, 1.49951, 1.50208
1.49998, 1.50948, 1.49244, 1.50608
1.50599, 1.51234, 1.49947, 1.50939
1.50883, 1.51464, 1.50196, 1.50342
1.49898, 1.50829, 1.49828, 1.50337
1.50274, 1.50839, 1.48624, 1.50334
1.50193, 1.50532, 1.48630, 1.48801
1.48523, 1.48790, 1.46706, 1.46776
1.46654, 1.47738, 1.46365, 1.46830
1.46806, 1.47111, 1.46045, 1.46471
1.46412, 1.47157, 1.45745, 1.46499
1.46453, 1.47137, 1.45807, 1.46609
1.46684, 1.49949, 1.46605, 1.48019
1.47782, 1.49142, 1.47129, 1.47170
1.47207, 1.48499, 1.47056, 1.47967
1.48185, 1.48586, 1.45928, 1.46267
1.46310, 1.46916, 1.45132, 1.45149
1.45249, 1.47153, 1.44340, 1.47086
1.46435, 1.47088, 1.45550, 1.46177
1.45990, 1.46351, 1.44707, 1.44822
1.44865, 1.46749, 1.44155, 1.46119
1.46318, 1.46895, 1.45468, 1.45649
1.45631, 1.46612, 1.45321, 1.46606
1.46583, 1.46632, 1.44657, 1.44706
1.44682, 1.47203, 1.44552, 1.46658
1.46711, 1.46932, 1.45436, 1.45738
1.45696, 1.46357, 1.45496, 1.46138
1.46077, 1.47716, 1.46067, 1.46548
1.46457, 1.46735, 1.45876, 1.46203
1.46258, 1.47589, 1.45978, 1.46538
1.46513, 1.47448, 1.46220, 1.46385
1.46519, 1.47125, 1.45619, 1.45619
1.45619, 1.46242, 1.45432, 1.46198
1.46025, 1.46518, 1.44498, 1.45038
1.44964, 1.45460, 1.44598, 1.45138
1.45062, 1.45814, 1.44776, 1.44898
1.44786, 1.46147, 1.44554, 1.44918
1.45019, 1.46848, 1.44799, 1.46848
1.46733, 1.47197, 1.45537, 1.45600
1.45495, 1.45842, 1.43500, 1.43500
1.43579, 1.43767, 1.42637, 1.43352
1.43406, 1.48691, 1.43383, 1.47700
1.48351, 1.52457, 1.47270, 1.51510
1.54200, 1.58154, 1.52878, 1.53220
1.53772, 1.59915, 1.52158, 1.53250
1.53522, 1.57926, 1.53493, 1.55640
1.55789, 1.57120, 1.52149, 1.53370
1.53747, 1.54189, 1.52000, 1.52558
1.52500, 1.54126, 1.51217, 1.52220
1.52277, 1.54554, 1.51148, 1.52510
1.52511, 1.55336, 1.50531, 1.54670
1.54474, 1.54945, 1.50777, 1.50920
1.50769, 1.52803, 1.50666, 1.52539
1.52450, 1.53228, 1.51659, 1.52650
1.52446, 1.53863, 1.50550, 1.52940
1.53096, 1.53459, 1.50548, 1.51520
1.51484, 1.54491, 1.50924, 1.52880
1.52779, 1.53935, 1.51506, 1.52050
1.52180, 1.53709, 1.51948, 1.53409
1.53378, 1.54251, 1.51970, 1.52355
1.52417, 1.53977, 1.52271, 1.53570
1.53498, 1.55432, 1.53389, 1.55160
1.54808, 1.56425, 1.53757, 1.56394
1.56242, 1.59778, 1.56176, 1.57900
1.57742, 1.58241, 1.56823, 1.57685
1.57732, 1.57793, 1.55971, 1.57090
1.56752, 1.57533, 1.55228, 1.55398
1.55306, 1.56458, 1.54687, 1.55900
1.55861, 1.56474, 1.54275, 1.54610
1.54552, 1.56577, 1.54481, 1.56091
1.55963, 1.56553, 1.55266, 1.56310
1.56290, 1.56705, 1.55384, 1.55680
1.55506, 1.57381, 1.55491, 1.55900
1.55709, 1.56590, 1.55010, 1.55160
1.55079, 1.55229, 1.53885, 1.54540
1.54511, 1.56031, 1.54247, 1.55620
1.55637, 1.56690, 1.54998, 1.55110
1.55047, 1.55636, 1.53540, 1.55067
1.55082, 1.55751, 1.53117, 1.55384
1.55453, 1.55834, 1.54623, 1.55190
1.55059, 1.55487, 1.54442, 1.55291
1.55484, 1.57099, 1.54731, 1.54940
1.54934, 1.55643, 1.54019, 1.54570
1.54700, 1.56690, 1.54214, 1.56670
1.56361, 1.57844, 1.56188, 1.56269
1.56626, 1.57366, 1.55666, 1.56009
1.55665, 1.56792, 1.55043, 1.55090
1.55090, 1.55897, 1.53338, 1.53781
1.53775, 1.55039, 1.52672, 1.54930
1.54661, 1.55925, 1.54176, 1.55030
1.55118, 1.55381, 1.53120, 1.53726
1.53555, 1.54412, 1.53406, 1.53770
1.53737, 1.53832, 1.52755, 1.52850
1.52865, 1.53860, 1.52096, 1.53780
1.53577, 1.53810, 1.50481, 1.50699
1.50692, 1.50815, 1.48927, 1.49090
1.49040, 1.49156, 1.47918, 1.48700
1.48703, 1.49734, 1.48010, 1.48225
1.48184, 1.48696, 1.47233, 1.47817
1.47755, 1.50327, 1.47411, 1.49030
1.49187, 1.50453, 1.48930, 1.49810
1.49697, 1.51911, 1.49499, 1.50890
1.50838, 1.50988, 1.47573, 1.47670
1.47758, 1.48395, 1.46446, 1.47450
1.47404, 1.47612, 1.45809, 1.46960
1.47037, 1.48161, 1.46416, 1.46931
1.46947, 1.48200, 1.46782, 1.47155
1.47147, 1.47770, 1.46653, 1.46925
1.46809, 1.47594, 1.46762, 1.47220
1.47185, 1.47962, 1.46786, 1.47936
1.47808, 1.48240, 1.46545, 1.46720
1.46712, 1.47707, 1.46110, 1.46200
1.46108, 1.49141, 1.46061, 1.47770
1.47821, 1.48977, 1.46899, 1.48873
1.48808, 1.50988, 1.47639, 1.47871
1.47815, 1.48965, 1.47593, 1.47949
1.48081, 1.49241, 1.47517, 1.47648
1.47527, 1.47827, 1.46597, 1.47604
1.47615, 1.51131, 1.47558, 1.50005
1.49901, 1.50095, 1.47904, 1.48772
1.48766, 1.49650, 1.48270, 1.48794
1.48682, 1.50618, 1.48600, 1.49846
1.49798, 1.50128, 1.48505, 1.49717
1.49537, 1.50970, 1.48137, 1.48310
1.48189, 1.48384, 1.46445, 1.46515
1.46565, 1.46814, 1.44118, 1.44363
1.44229, 1.44424, 1.43178, 1.43363
1.43250, 1.44097, 1.43250, 1.43995
1.43887, 1.44410, 1.42917, 1.43165
1.43106, 1.44127, 1.42950, 1.44061
1.43888, 1.44613, 1.43023, 1.43559
1.43511, 1.43765, 1.41741, 1.42580
1.42677, 1.44844, 1.41626, 1.44766
1.44050, 1.45526, 1.43335, 1.45246
1.44899, 1.45144, 1.42087, 1.43947
1.43951, 1.45468, 1.43515, 1.44886
1.44776, 1.46447, 1.44731, 1.44945
1.44763, 1.45545, 1.43475, 1.43991
1.43698, 1.44798, 1.43169, 1.43585
1.43504, 1.43850, 1.42334, 1.43174
1.43056, 1.43276, 1.40987, 1.42714
1.42592, 1.43714, 1.41171, 1.42265
1.42173, 1.46331, 1.42038, 1.46115
1.45919, 1.46102, 1.44164, 1.44457
1.44345, 1.45013, 1.43692, 1.44393
1.44306, 1.44964, 1.42862, 1.43118
1.42111, 1.43041, 1.38940, 1.39195
1.39017, 1.42316, 1.37611, 1.39118
1.38955, 1.41601, 1.38865, 1.39258
1.39348, 1.39456, 1.36898, 1.37021
1.37094, 1.39787, 1.36717, 1.38213
1.38067, 1.38420, 1.35876, 1.36723
1.36974, 1.37640, 1.35533, 1.36244
1.36157, 1.37408, 1.35179, 1.37307
1.37373, 1.37588, 1.33838, 1.35561
1.35291, 1.36476, 1.34586, 1.36056
1.35986, 1.37676, 1.34163, 1.34336
1.34325, 1.35876, 1.33887, 1.35468
1.35573, 1.38071, 1.35418, 1.36491
1.36533, 1.36748, 1.34426, 1.34952
1.34913, 1.35495, 1.33883, 1.34463
1.34284, 1.36985, 1.34008, 1.36707
1.36433, 1.37139, 1.35918, 1.36059
1.36003, 1.36662, 1.34039, 1.34319
1.34039, 1.34578, 1.31166, 1.31721
1.31646, 1.31905, 1.29668, 1.31371
1.31276, 1.32902, 1.30502, 1.31858
1.31908, 1.32167, 1.29661, 1.30844
1.30714, 1.32179, 1.30239, 1.31649
1.31467, 1.32721, 1.30925, 1.30993
1.30945, 1.32088, 1.30254, 1.30430
1.30273, 1.30481, 1.28747, 1.29944
1.29827, 1.32435, 1.29540, 1.30677
1.30274, 1.31708, 1.29769, 1.30797
1.31626, 1.33229, 1.30944, 1.32827
1.32693, 1.33337, 1.31509, 1.31697
1.31511, 1.35617, 1.29984, 1.35561
1.35225, 1.35687, 1.33449, 1.33791
1.33590, 1.35367, 1.32925, 1.34953
1.34784, 1.35867, 1.34036, 1.34568
1.34532, 1.36951, 1.34297, 1.35580
1.35531, 1.35782, 1.32706, 1.34232
1.34076, 1.37344, 1.34003, 1.37187
1.37123, 1.38745, 1.36582, 1.38148
1.37951, 1.39295, 1.37338, 1.38945
1.38890, 1.41957, 1.38822, 1.41904
1.41711, 1.44150, 1.41326, 1.43730
1.43454, 1.45920, 1.43330, 1.45005
1.44763, 1.45347, 1.44075, 1.44201
1.44463, 1.45128, 1.43387, 1.44951
1.44644, 1.45194, 1.42334, 1.43053
1.42904, 1.45341, 1.42728, 1.45081
1.44929, 1.46393, 1.44068, 1.45245
1.45335, 1.46414, 1.44402, 1.44635
1.44564, 1.46405, 1.44418, 1.44658
1.44620, 1.44785, 1.42412, 1.42486
1.42512, 1.44133, 1.42371, 1.44085
1.43994, 1.44421, 1.43263, 1.43478
1.43495, 1.45497, 1.43265, 1.44553
1.44474, 1.47591, 1.44358, 1.47093
1.47608, 1.47819, 1.44891, 1.46447
1.46385, 1.49370, 1.46000, 1.47819
1.47905, 1.48105, 1.46455, 1.46499
1.46218, 1.47659, 1.45773, 1.47258
1.47188, 1.48036, 1.46560, 1.46842
1.46809, 1.48825, 1.46121, 1.48776
1.48605, 1.51113, 1.48605, 1.49184
1.49113, 1.50972, 1.47324, 1.47341
1.47334, 1.47649, 1.46256, 1.47061
1.46953, 1.47239, 1.45112, 1.45824
1.45780, 1.46476, 1.45220, 1.46018
1.45872, 1.46123, 1.43695, 1.43756
1.43633, 1.44272, 1.42819, 1.43371
1.43256, 1.45014, 1.43216, 1.44367
1.44084, 1.44861, 1.43139, 1.43562
1.43639, 1.45162, 1.43242, 1.44514
1.44412, 1.45706, 1.43754, 1.45583
1.45367, 1.48551, 1.45356, 1.48402
1.48223, 1.48799, 1.46319, 1.47091
1.46946, 1.47180, 1.44833, 1.45914
1.45674, 1.47440, 1.44830, 1.47340
1.47133, 1.48005, 1.46739, 1.47180
1.47069, 1.47069, 1.47069, 1.47069