0.87720, 0.87889, 0.87627, 0.87792
0.87641, 0.87840, 0.87512, 0.87592
0.87576, 0.87636, 0.87128, 0.87255
0.87293, 0.87586, 0.87148, 0.87202
0.87199, 0.87498, 0.87156, 0.87394
0.87401, 0.87498, 0.87009, 0.87155
0.87134, 0.87214, 0.86969, 0.87175
0.87169, 0.87277, 0.86921, 0.87154
0.87154, 0.87396, 0.87003, 0.87223
0.87208, 0.87275, 0.86429, 0.86639
0.86612, 0.86657, 0.86278, 0.86578
0.86496, 0.86689, 0.86269, 0.86337
0.86349, 0.86603, 0.86206, 0.86553
0.86568, 0.87223, 0.86439, 0.87117
0.87110, 0.87704, 0.86885, 0.87667
0.87584, 0.87904, 0.87339, 0.87728
0.87613, 0.87745, 0.87442, 0.87563
0.87560, 0.87658, 0.87401, 0.87504
0.87495, 0.87508, 0.87287, 0.87292
0.87285, 0.87495, 0.86800, 0.86977
0.86918, 0.88034, 0.86815, 0.88005
0.88009, 0.88262, 0.87644, 0.87742
0.87727, 0.88220, 0.87602, 0.88076
0.88054, 0.88304, 0.87819, 0.88044
0.88020, 0.88394, 0.87988, 0.88302
0.88295, 0.88420, 0.88148, 0.88386
0.88246, 0.88397, 0.87779, 0.87937
0.87921, 0.88088, 0.87530, 0.87558
0.87570, 0.87767, 0.87268, 0.87472
0.87457, 0.88360, 0.87283, 0.88141
0.88111, 0.88258, 0.87879, 0.88136
0.88102, 0.88265, 0.87967, 0.87973
0.87974, 0.88169, 0.87620, 0.87627
0.87620, 0.87819, 0.87313, 0.87518
0.87501, 0.87528, 0.87121, 0.87258
0.87233, 0.87529, 0.87226, 0.87378
0.87401, 0.87813, 0.87248, 0.87791
0.87774, 0.87880, 0.87574, 0.87673
0.87664, 0.87961, 0.87385, 0.87603
0.87595, 0.87768, 0.87374, 0.87574
0.87549, 0.87804, 0.87418, 0.87610
0.87709, 0.87948, 0.87249, 0.87322
0.87309, 0.87414, 0.86975, 0.87047
0.87041, 0.87838, 0.86978, 0.87813
0.87728, 0.87992, 0.87559, 0.87964
0.87865, 0.88092, 0.87263, 0.87339
0.87340, 0.87869, 0.87279, 0.87856
0.87854, 0.87881, 0.87235, 0.87474
0.87474, 0.87878, 0.87390, 0.87784
0.87784, 0.88377, 0.87766, 0.87882
0.87879, 0.87993, 0.87586, 0.87767
0.87713, 0.88314, 0.87704, 0.88062
0.88061, 0.88318, 0.87698, 0.87828
0.87828, 0.88252, 0.87798, 0.88148
0.88148, 0.88207, 0.87218, 0.87227
0.87225, 0.87557, 0.87177, 0.87360
0.87309, 0.87789, 0.87266, 0.87744
0.87741, 0.87978, 0.87529, 0.87976
0.87949, 0.88011, 0.87681, 0.87865
0.87865, 0.87989, 0.87254, 0.87620
0.87620, 0.88053, 0.87515, 0.87863
0.87971, 0.88189, 0.87807, 0.88107
0.88101, 0.88226, 0.87982, 0.88105
0.88105, 0.88279, 0.87968, 0.88091
0.88090, 0.88704, 0.88069, 0.88461
0.88459, 0.88907, 0.88355, 0.88447
0.88496, 0.88687, 0.88325, 0.88557
0.88557, 0.88622, 0.88291, 0.88367
0.88362, 0.88406, 0.87995, 0.88086
0.88073, 0.88575, 0.88017, 0.88439
0.88437, 0.88677, 0.88352, 0.88359
0.88125, 0.89015, 0.88113, 0.88620
0.88620, 0.88749, 0.88198, 0.88492
0.88492, 0.88617, 0.88294, 0.88414
0.88411, 0.88499, 0.88205, 0.88368
0.88368, 0.88661, 0.88251, 0.88264
0.88311, 0.88536, 0.88162, 0.88476
0.88476, 0.89149, 0.88415, 0.88918
0.88915, 0.89317, 0.88738, 0.89053
0.89053, 0.89546, 0.89023, 0.89462
0.89461, 0.89577, 0.89200, 0.89232
0.89334, 0.89362, 0.89106, 0.89255
0.89255, 0.89267, 0.88850, 0.88884
0.88884, 0.89022, 0.88724, 0.88905
0.88903, 0.88956, 0.88648, 0.88802
0.88802, 0.88992, 0.88736, 0.88947
0.88867, 0.89185, 0.88777, 0.89121
0.89120, 0.89355, 0.89066, 0.89078
0.89111, 0.89172, 0.88829, 0.88842
0.88858, 0.89246, 0.88548, 0.88993
0.88975, 0.89191, 0.88931, 0.88945
0.88929, 0.89365, 0.88819, 0.89256
0.89249, 0.89659, 0.89224, 0.89635
0.89635, 0.90167, 0.89579, 0.90110
0.90110, 0.90304, 0.89805, 0.89885
0.89883, 0.89918, 0.89258, 0.89284
0.89208, 0.89459, 0.89126, 0.89382
0.89382, 0.89438, 0.88961, 0.89176
0.89173, 0.89389, 0.89008, 0.89349
0.89344, 0.89598, 0.89321, 0.89470
0.89491, 0.89775, 0.89357, 0.89695
0.89576, 0.89759, 0.89392, 0.89737
0.89723, 0.90015, 0.89486, 0.89665
0.89640, 0.90046, 0.89616, 0.89793
0.89786, 0.90232, 0.89698, 0.90076
0.90064, 0.90521, 0.90015, 0.90434
0.90412, 0.90658, 0.90341, 0.90567
0.90552, 0.90983, 0.90527, 0.90851
0.90851, 0.90914, 0.89828, 0.89851
0.89851, 0.89927, 0.89534, 0.89658
0.89658, 0.89875, 0.89377, 0.89517
0.89721, 0.90331, 0.89618, 0.90239
0.90238, 0.90270, 0.89889, 0.90101
0.90101, 0.90519, 0.89559, 0.90108
0.90103, 0.90189, 0.89741, 0.89921
0.89918, 0.90064, 0.89129, 0.89412
0.89312, 0.89572, 0.88948, 0.88997
0.88997, 0.89372, 0.88763, 0.89048
0.89058, 0.89367, 0.88818, 0.89090
0.89090, 0.89301, 0.88921, 0.89199
0.89198, 0.89326, 0.88904, 0.88915
0.88891, 0.89038, 0.88757, 0.88786
0.88768, 0.89087, 0.88703, 0.88734
0.88724, 0.89190, 0.88611, 0.88799
0.88798, 0.88899, 0.88476, 0.88750
0.88750, 0.89956, 0.88693, 0.89801
0.89766, 0.89881, 0.89349, 0.89544
0.89543, 0.89752, 0.89206, 0.89252
0.89251, 0.89459, 0.89007, 0.89164
0.89163, 0.89364, 0.88844, 0.89017
0.89017, 0.89142, 0.88727, 0.89040
0.89017, 0.89149, 0.88575, 0.88785
0.88778, 0.89138, 0.88664, 0.88955
0.88942, 0.89175, 0.88594, 0.88692
0.88677, 0.88755, 0.88345, 0.88425
0.88420, 0.88471, 0.87767, 0.87814
0.87766, 0.88070, 0.87725, 0.87766
0.87765, 0.87909, 0.87327, 0.87431
0.87439, 0.87498, 0.87231, 0.87309
0.87307, 0.87731, 0.87279, 0.87594
0.87594, 0.87947, 0.87453, 0.87868
0.88160, 0.88254, 0.87956, 0.88040
0.88038, 0.88099, 0.87523, 0.87771
0.87735, 0.88084, 0.87643, 0.87694
0.87693, 0.88061, 0.87679, 0.87960
0.87957, 0.88328, 0.87755, 0.88105
0.88046, 0.88566, 0.88017, 0.88415
0.88393, 0.88475, 0.87983, 0.88339
0.88339, 0.88487, 0.88158, 0.88443
0.88443, 0.88828, 0.88315, 0.88725
0.88713, 0.88962, 0.88510, 0.88878
0.88852, 0.89001, 0.88683, 0.88837
0.88840, 0.89393, 0.88828, 0.89225
0.89232, 0.89321, 0.88420, 0.88559
0.88574, 0.88635, 0.87567, 0.87748
0.87727, 0.87999, 0.87679, 0.87796
0.87401, 0.87719, 0.87366, 0.87462
0.87440, 0.87542, 0.87117, 0.87179
0.87126, 0.87465, 0.87027, 0.87031
0.87033, 0.87377, 0.86900, 0.86991
0.86970, 0.87442, 0.86914, 0.87347
0.87620, 0.87735, 0.87092, 0.87281
0.87320, 0.87417, 0.86555, 0.87048
0.86886, 0.87576, 0.86664, 0.87057
0.86963, 0.88885, 0.86933, 0.88693
0.88578, 0.89044, 0.88244, 0.88963
0.88801, 0.89319, 0.88671, 0.89109
0.89116, 0.89224, 0.88745, 0.88920
0.88606, 0.89235, 0.88606, 0.89087
0.88939, 0.89226, 0.88406, 0.88543
0.88603, 0.88774, 0.88358, 0.88382
0.88338, 0.88685, 0.88338, 0.88424
0.88376, 0.88876, 0.88340, 0.88634
0.88591, 0.88756, 0.88101, 0.88632
0.88437, 0.89201, 0.88300, 0.89110
0.88925, 0.89246, 0.88603, 0.88705
0.88903, 0.89248, 0.88630, 0.89235
0.89052, 0.89447, 0.88893, 0.89204
0.89170, 0.89316, 0.88742, 0.89085
0.89072, 0.89274, 0.88864, 0.88982
0.88940, 0.89676, 0.88859, 0.89469
0.89638, 0.90871, 0.89579, 0.90384
0.90322, 0.90693, 0.90057, 0.90622
0.90613, 0.90688, 0.89680, 0.90029
0.89966, 0.90147, 0.89519, 0.89724
0.89674, 0.90046, 0.89607, 0.89807
0.89638, 0.90044, 0.89638, 0.89952
0.89885, 0.90106, 0.89626, 0.89900
0.89819, 0.90409, 0.89794, 0.90195
0.90187, 0.90545, 0.89996, 0.90408
0.90374, 0.90499, 0.89821, 0.89954
0.89836, 0.90264, 0.89651, 0.89661
0.89723, 0.90077, 0.89662, 0.89858
0.89849, 0.90609, 0.89727, 0.90393
0.90339, 0.90595, 0.90038, 0.90045
0.89986, 0.90209, 0.89270, 0.89803
0.89996, 0.90311, 0.89872, 0.89956
0.89979, 0.91048, 0.89864, 0.90154
0.90076, 0.90293, 0.89438, 0.89550
0.89468, 0.89912, 0.89456, 0.89805
0.89748, 0.90062, 0.89475, 0.89974
0.89909, 0.90409, 0.89749, 0.90245
0.90235, 0.90593, 0.90120, 0.90179
0.90224, 0.90618, 0.89219, 0.89300
0.89128, 0.89523, 0.88750, 0.89102
0.89017, 0.89849, 0.88550, 0.88748
0.88729, 0.88893, 0.88385, 0.88429
0.88393, 0.88700, 0.87633, 0.87699
0.87564, 0.88385, 0.87564, 0.88247
0.88175, 0.88622, 0.88062, 0.88167
0.88097, 0.88284, 0.87600, 0.87665
0.87664, 0.87822, 0.86981, 0.87075
0.87065, 0.87250, 0.86519, 0.86549
0.86518, 0.86813, 0.86169, 0.86391
0.86431, 0.86948, 0.86352, 0.86844
0.86809, 0.87560, 0.86558, 0.87476
0.87456, 0.87633, 0.87139, 0.87523
0.87523, 0.87665, 0.87111, 0.87302
0.87288, 0.87930, 0.87268, 0.87570
0.87539, 0.87747, 0.87259, 0.87712
0.87700, 0.88216, 0.87470, 0.88047
0.88057, 0.88079, 0.87724, 0.87875
0.87835, 0.88137, 0.87277, 0.87535
0.87538, 0.87649, 0.87399, 0.87452
0.87445, 0.87764, 0.87379, 0.87666
0.87666, 0.87894, 0.87562, 0.87832
0.87837, 0.87924, 0.87431, 0.87659
0.87646, 0.88398, 0.87539, 0.88240
0.88194, 0.88275, 0.87521, 0.87589
0.87412, 0.87676, 0.87412, 0.87495
0.87489, 0.87625, 0.86720, 0.86804
0.86782, 0.87142, 0.86729, 0.86874
0.86854, 0.87039, 0.86659, 0.86923
0.86887, 0.87285, 0.86769, 0.86780
0.86703, 0.86995, 0.86615, 0.86712
0.86695, 0.86769, 0.85621, 0.85942
0.85919, 0.85978, 0.85290, 0.85417
0.85416, 0.85861, 0.85329, 0.85730
0.85723, 0.86228, 0.85708, 0.86013
0.85886, 0.86084, 0.85576, 0.86027
0.86034, 0.86454, 0.85765, 0.85790
0.85764, 0.86191, 0.85695, 0.85816
0.85832, 0.86245, 0.85358, 0.85567
0.85540, 0.86543, 0.85472, 0.86271
0.86491, 0.86757, 0.85255, 0.85284
0.85273, 0.86542, 0.84744, 0.86329
0.86328, 0.86398, 0.84722, 0.85028
0.85087, 0.85619, 0.84987, 0.85263
0.85263, 0.85744, 0.85087, 0.85116
0.85140, 0.85945, 0.85106, 0.85558
0.85562, 0.85695, 0.85333, 0.85529
0.85552, 0.86665, 0.85531, 0.86570
0.86569, 0.87229, 0.86370, 0.86727
0.86728, 0.86738, 0.85326, 0.85530
0.85488, 0.85983, 0.85444, 0.85755
0.85735, 0.85955, 0.85190, 0.85329
0.85326, 0.85506, 0.84833, 0.85480
0.85481, 0.86087, 0.85272, 0.86032
0.86038, 0.86492, 0.85508, 0.86045
0.86048, 0.86266, 0.85248, 0.85525
0.85567, 0.86077, 0.85187, 0.85281
0.85211, 0.85579, 0.85024, 0.85361
0.85324, 0.85930, 0.85180, 0.85811
0.85733, 0.86367, 0.85566, 0.86025
0.85939, 0.86451, 0.85902, 0.86185
0.86157, 0.86516, 0.85934, 0.86287
0.86374, 0.86374, 0.85909, 0.86124
0.86083, 0.86346, 0.85993, 0.86216
0.86148, 0.86568, 0.86128, 0.86441
0.86339, 0.86490, 0.86183, 0.86283
0.86207, 0.86596, 0.86207, 0.86438
0.86427, 0.86809, 0.86422, 0.86639
0.86588, 0.86665, 0.86333, 0.86464
0.86449, 0.86561, 0.86360, 0.86511
0.86435, 0.86761, 0.86420, 0.86719
0.86699, 0.86817, 0.86356, 0.86757
0.86740, 0.86790, 0.86303, 0.86445
0.86404, 0.86543, 0.86265, 0.86317
0.86289, 0.86392, 0.86220, 0.86265
0.86232, 0.86489, 0.86203, 0.86486
0.86429, 0.86499, 0.85900, 0.86025
0.86000, 0.86062, 0.85772, 0.85785
0.85777, 0.85981, 0.85654, 0.85712
0.85711, 0.85871, 0.84970, 0.85017
0.84918, 0.85563, 0.84879, 0.85500
0.85487, 0.85811, 0.85376, 0.85599
0.85563, 0.86237, 0.85539, 0.86039
0.86018, 0.86484, 0.85968, 0.86210
0.86159, 0.86422, 0.86101, 0.86361
0.86332, 0.86805, 0.86242, 0.86612
0.86601, 0.86916, 0.86524, 0.86805
0.86792, 0.87364, 0.86684, 0.87221
0.87192, 0.87478, 0.87131, 0.87305
0.87279, 0.87786, 0.87277, 0.87724
0.87627, 0.87844, 0.87494, 0.87763
0.87715, 0.87893, 0.87243, 0.87848
0.87820, 0.88396, 0.87720, 0.88063
0.88055, 0.88378, 0.87898, 0.88326
0.88327, 0.88501, 0.88026, 0.88137
0.88080, 0.88353, 0.87900, 0.88237
0.88223, 0.88415, 0.88056, 0.88208
0.88202, 0.88324, 0.87981, 0.88151
0.88138, 0.88408, 0.88078, 0.88261
0.88232, 0.88746, 0.88179, 0.88395
0.88387, 0.88877, 0.88247, 0.88759
0.88741, 0.89017, 0.88519, 0.88603
0.88591, 0.88781, 0.88416, 0.88483
0.88409, 0.88906, 0.88282, 0.88834
0.88774, 0.89011, 0.88494, 0.88934
0.88885, 0.89296, 0.88782, 0.89153
0.89143, 0.89324, 0.88908, 0.89007
0.88955, 0.89152, 0.88714, 0.88946
0.88938, 0.89194, 0.88772, 0.88964
0.88956, 0.89177, 0.88905, 0.89025
0.89049, 0.89506, 0.88930, 0.89501
0.89484, 0.89745, 0.89105, 0.89131
0.89122, 0.89268, 0.88735, 0.88779
0.88769, 0.89230, 0.88724, 0.88865
0.88870, 0.89452, 0.88846, 0.89190
0.89272, 0.89604, 0.89186, 0.89466
0.89452, 0.89635, 0.89155, 0.89570
0.89600, 0.89760, 0.89407, 0.89597
0.89568, 0.89816, 0.89371, 0.89723
0.89607, 0.89917, 0.89396, 0.89517
0.89368, 0.89799, 0.89243, 0.89282
0.89267, 0.89725, 0.89207, 0.89612
0.89590, 0.89898, 0.89576, 0.89687
0.89681, 0.89775, 0.89595, 0.89682
0.89682, 0.89842, 0.89562, 0.89562
0.89574, 0.89732, 0.89539, 0.89580
0.89562, 0.90020, 0.89549, 0.89933
0.89917, 0.90102, 0.89838, 0.89960
0.89929, 0.90055, 0.89663, 0.89838
0.89823, 0.89901, 0.89552, 0.89601
0.89574, 0.90009, 0.89549, 0.89939
0.89932, 0.90475, 0.89910, 0.90345
0.90317, 0.90509, 0.90146, 0.90277
0.90255, 0.90389, 0.89789, 0.89863
0.89847, 0.89977, 0.89567, 0.89704
0.89706, 0.89999, 0.89558, 0.89820
0.89814, 0.90051, 0.89527, 0.89640
0.89629, 0.89679, 0.89058, 0.89225
0.89223, 0.89593, 0.88913, 0.89490
0.89453, 0.89873, 0.89319, 0.89852
0.89882, 0.91228, 0.89800, 0.91211
0.91168, 0.91899, 0.91113, 0.91811
0.91777, 0.91812, 0.90888, 0.91076
0.91043, 0.91486, 0.90954, 0.91384
0.91391, 0.91702, 0.91174, 0.91295
0.91275, 0.92296, 0.91269, 0.92276
0.92253, 0.92497, 0.91552, 0.92049
0.92020, 0.92481, 0.91881, 0.92224
0.92208, 0.92652, 0.92068, 0.92112
0.92121, 0.93172, 0.91988, 0.93097
0.92835, 0.93242, 0.92472, 0.92859
0.92839, 0.92945, 0.92404, 0.92630
0.92610, 0.92756, 0.92286, 0.92373
0.92304, 0.92509, 0.91546, 0.91900
0.91900, 0.91942, 0.90901, 0.91314
0.91259, 0.91698, 0.91118, 0.91345
0.91328, 0.91836, 0.91008, 0.91199
0.91175, 0.91620, 0.91131, 0.91436
0.91438, 0.91573, 0.90280, 0.90398
0.90401, 0.90945, 0.90351, 0.90610
0.90823, 0.91094, 0.90624, 0.90839
0.90843, 0.90942, 0.90157, 0.90245
0.90198, 0.91232, 0.90187, 0.90710
0.90653, 0.90937, 0.90511, 0.90743
0.90753, 0.90842, 0.90202, 0.90357
0.90349, 0.91089, 0.90260, 0.90828
0.90851, 0.91482, 0.90503, 0.90782
0.90782, 0.90817, 0.90058, 0.90068
0.90041, 0.90305, 0.89459, 0.89474
0.89405, 0.89861, 0.89380, 0.89680
0.89781, 0.90146, 0.89040, 0.89484
0.89446, 0.89743, 0.89208, 0.89341
0.89346, 0.89516, 0.89052, 0.89275
0.89319, 0.89730, 0.88853, 0.89713
0.89637, 0.89743, 0.88547, 0.88565
0.88701, 0.89022, 0.88488, 0.88528
0.88464, 0.88891, 0.88382, 0.88566
0.88532, 0.88806, 0.88200, 0.88432
0.88404, 0.88939, 0.88035, 0.88140
0.88106, 0.88459, 0.87859, 0.88340
0.88273, 0.88554, 0.88149, 0.88402
0.88394, 0.88528, 0.88032, 0.88191
0.88249, 0.88800, 0.88119, 0.88599
0.88598, 0.88862, 0.88446, 0.88611
0.88611, 0.89048, 0.88464, 0.89018
0.88943, 0.89047, 0.88314, 0.88620
0.88670, 0.89369, 0.88461, 0.88828
0.88831, 0.89245, 0.88811, 0.89103
0.89107, 0.89220, 0.88474, 0.88918
0.88879, 0.89369, 0.88776, 0.88995
0.89132, 0.89279, 0.89010, 0.89259
0.89219, 0.89998, 0.89198, 0.89659
0.89647, 0.89948, 0.89381, 0.89889
0.89805, 0.90192, 0.88304, 0.88446
0.88437, 0.88787, 0.86948, 0.87209
0.87273, 0.88110, 0.87148, 0.87469
0.87440, 0.87506, 0.86244, 0.86290
0.86328, 0.87162, 0.85971, 0.86301
0.86214, 0.87032, 0.85746, 0.86284
0.86273, 0.86638, 0.86026, 0.86073
0.86164, 0.86606, 0.85781, 0.86027
0.86013, 0.86450, 0.85764, 0.86412
0.86399, 0.86600, 0.86151, 0.86163
0.86179, 0.86764, 0.85998, 0.86387
0.86379, 0.86702, 0.86299, 0.86299
0.86386, 0.86520, 0.86153, 0.86272
0.86315, 0.86507, 0.86075, 0.86360
0.86369, 0.86447, 0.86114, 0.86428
0.86430, 0.86457, 0.86004, 0.86244
0.86243, 0.86366, 0.85950, 0.86256
0.86353, 0.86465, 0.86209, 0.86381
0.86326, 0.86452, 0.85851, 0.85958
0.85921, 0.86169, 0.85892, 0.86069
0.86075, 0.86575, 0.86017, 0.86228
0.86164, 0.86302, 0.85980, 0.86220
0.86153, 0.86219, 0.85578, 0.85839
0.85774, 0.86052, 0.85578, 0.85706
0.85600, 0.85891, 0.85573, 0.85630
0.85630, 0.85816, 0.85448, 0.85546
0.85542, 0.85739, 0.85497, 0.85641
0.85455, 0.85601, 0.85214, 0.85489
0.85419, 0.85801, 0.85316, 0.85694
0.85666, 0.85832, 0.85599, 0.85673
0.85653, 0.85804, 0.85447, 0.85675
0.85630, 0.86051, 0.85609, 0.85849
0.85693, 0.85843, 0.85298, 0.85344
0.85324, 0.85799, 0.85291, 0.85655
0.85573, 0.85843, 0.85151, 0.85169
0.85125, 0.85320, 0.84989, 0.85274
0.85229, 0.85427, 0.85099, 0.85099
0.85337, 0.85745, 0.85142, 0.85597
0.85593, 0.85647, 0.85122, 0.85262
0.85238, 0.85297, 0.84515, 0.84530
0.84515, 0.84555, 0.84301, 0.84373
0.84382, 0.84674, 0.84110, 0.84172
0.84167, 0.84265, 0.83929, 0.84179
0.84138, 0.84308, 0.83972, 0.84297
0.84307, 0.84620, 0.84107, 0.84338
0.84300, 0.85089, 0.84201, 0.84455
0.83049, 0.83884, 0.82764, 0.83340
0.83316, 0.83647, 0.83012, 0.83558
0.83529, 0.85103, 0.83529, 0.84926
0.84878, 0.85174, 0.84826, 0.84964
0.84935, 0.85567, 0.84762, 0.85493
0.85424, 0.85510, 0.84766, 0.85139
0.85120, 0.85917, 0.85048, 0.85710
0.85693, 0.85783, 0.85434, 0.85561
0.85367, 0.85558, 0.85289, 0.85370
0.85280, 0.85651, 0.85087, 0.85384
0.85297, 0.85565, 0.85120, 0.85429
0.85363, 0.85489, 0.84538, 0.84650
0.84795, 0.85142, 0.84687, 0.85045
0.84961, 0.85430, 0.84901, 0.85283
0.85276, 0.85448, 0.84924, 0.85019
0.84966, 0.85271, 0.84654, 0.84986
0.84892, 0.85163, 0.84545, 0.84777
0.84739, 0.85333, 0.84709, 0.84985
0.84946, 0.85195, 0.84791, 0.85108
0.85214, 0.85817, 0.85214, 0.85723
0.85637, 0.85958, 0.85398, 0.85453
0.85405, 0.85772, 0.85370, 0.85508
0.85483, 0.85613, 0.85091, 0.85148
0.85120, 0.85327, 0.84871, 0.85233
0.85284, 0.85533, 0.85202, 0.85277
0.85277, 0.85349, 0.84919, 0.84929
0.84903, 0.85009, 0.84237, 0.84420
0.84355, 0.84572, 0.84168, 0.84236
0.84176, 0.84440, 0.83859, 0.84320
0.84284, 0.84490, 0.84085, 0.84381
0.84367, 0.84787, 0.84328, 0.84592
0.84583, 0.84678, 0.84469, 0.84558
0.84541, 0.84873, 0.84119, 0.84258
0.84196, 0.84312, 0.83871, 0.83997
0.84121, 0.85183, 0.84066, 0.85083
0.85032, 0.85378, 0.84643, 0.84746
0.84673, 0.84909, 0.84338, 0.84590
0.84550, 0.84973, 0.84550, 0.84941
0.84941, 0.84975, 0.84614, 0.84922
0.84849, 0.85044, 0.84424, 0.84481
0.84426, 0.84587, 0.84202, 0.84262
0.84225, 0.84288, 0.83817, 0.83918
0.83838, 0.84003, 0.82955, 0.83110
0.83052, 0.83441, 0.82976, 0.83001
0.83089, 0.83351, 0.83034, 0.83305
0.83247, 0.83481, 0.82821, 0.83022
0.82979, 0.83679, 0.82947, 0.83626
0.83583, 0.84159, 0.83544, 0.83702
0.83687, 0.83850, 0.83430, 0.83700
0.83577, 0.84070, 0.83439, 0.83920
0.83878, 0.84006, 0.83383, 0.83670
0.83588, 0.84420, 0.83562, 0.84334
0.84251, 0.85425, 0.84251, 0.85365
0.85335, 0.86418, 0.85212, 0.86012
0.86193, 0.87416, 0.85944, 0.87277
0.87254, 0.87440, 0.86819, 0.87158
0.87129, 0.87444, 0.86483, 0.86495
0.86473, 0.86812, 0.86210, 0.86747
0.86654, 0.87176, 0.86465, 0.86501
0.86681, 0.87692, 0.86563, 0.87345
0.87308, 0.87811, 0.86808, 0.87505
0.87552, 0.88470, 0.87149, 0.87774
0.87804, 0.89131, 0.87775, 0.88720
0.88731, 0.90465, 0.88433, 0.90382
0.90084, 0.91498, 0.89800, 0.91078
0.91083, 0.91415, 0.90653, 0.91195
0.91157, 0.94703, 0.90677, 0.94137
0.94132, 0.94994, 0.91211, 0.92872
0.92910, 0.93376, 0.89941, 0.91685
0.91628, 0.93875, 0.91580, 0.92874
0.92834, 0.93243, 0.91440, 0.91670
0.91629, 0.92757, 0.90550, 0.91504
0.91476, 0.92385, 0.90309, 0.90666
0.90653, 0.90922, 0.89041, 0.89344
0.89340, 0.89878, 0.88658, 0.88850
0.88849, 0.89725, 0.88115, 0.88867
0.88733, 0.89115, 0.87852, 0.88630
0.88400, 0.88541, 0.87393, 0.87565
0.87412, 0.88358, 0.87388, 0.88020
0.88242, 0.88549, 0.87648, 0.88198
0.88157, 0.88629, 0.88001, 0.88242
0.88225, 0.88329, 0.87455, 0.87645
0.87560, 0.87869, 0.87246, 0.87626
0.87627, 0.87851, 0.87547, 0.87724
0.87732, 0.87786, 0.87061, 0.87223
0.87144, 0.87389, 0.86816, 0.86955
0.86899, 0.87453, 0.86899, 0.87119
0.87072, 0.87291, 0.86962, 0.87005
0.86999, 0.87218, 0.86834, 0.86945
0.86875, 0.87436, 0.86859, 0.87346
0.87250, 0.88632, 0.87250, 0.88298
0.88193, 0.88365, 0.87742, 0.87744
0.87744, 0.87766, 0.87086, 0.87279
0.87160, 0.87685, 0.87120, 0.87501
0.87439, 0.87503, 0.87095, 0.87100
0.87116, 0.87248, 0.86890, 0.87075
0.86981, 0.87549, 0.86938, 0.87203
0.87167, 0.87427, 0.86709, 0.86956
0.86978, 0.87963, 0.86903, 0.87843
0.87785, 0.88141, 0.87544, 0.87614
0.87561, 0.87642, 0.86904, 0.87142
0.87090, 0.87567, 0.86979, 0.87465
0.87422, 0.87896, 0.87085, 0.87614
0.87553, 0.87655, 0.87127, 0.87365
0.87145, 0.88068, 0.87133, 0.87602
0.87521, 0.88513, 0.87521, 0.88476
0.88403, 0.88774, 0.88076, 0.88391
0.88361, 0.88711, 0.88258, 0.88323
0.88275, 0.89398, 0.88265, 0.89337
0.89264, 0.89599, 0.88940, 0.89508
0.89435, 0.89576, 0.89023, 0.89158
0.89158, 0.89829, 0.89102, 0.89698
0.89612, 0.90001, 0.89456, 0.89566
0.89510, 0.89713, 0.89294, 0.89587
0.89418, 0.89566, 0.89279, 0.89350
0.89293, 0.89414, 0.88810, 0.88993
0.88953, 0.89940, 0.88890, 0.89764
0.89752, 0.89943, 0.89633, 0.89880
0.89819, 0.90545, 0.89768, 0.89923
0.90078, 0.90161, 0.89021, 0.89146
0.89096, 0.89211, 0.88665, 0.88964
0.88918, 0.89389, 0.88783, 0.89320
0.89273, 0.90073, 0.89204, 0.89979
0.89932, 0.90047, 0.88853, 0.89122
0.88971, 0.89288, 0.88695, 0.88759
0.88697, 0.89385, 0.88642, 0.89074
0.88988, 0.89297, 0.88827, 0.89232
0.89158, 0.90149, 0.89158, 0.89642
0.89569, 0.89973, 0.89481, 0.89730
0.89695, 0.90240, 0.89607, 0.89807
0.89732, 0.89867, 0.89116, 0.89554
0.89519, 0.89895, 0.89379, 0.89525
0.89721, 0.90412, 0.89493, 0.90186
0.90132, 0.90723, 0.90059, 0.90482
0.90447, 0.90598, 0.90196, 0.90290
0.90248, 0.90784, 0.90181, 0.90311
0.90277, 0.90730, 0.90153, 0.90563
0.90547, 0.90644, 0.90006, 0.90315
0.90201, 0.90997, 0.90174, 0.90955
0.90797, 0.91752, 0.90789, 0.91392
0.91307, 0.91441, 0.90569, 0.90572
0.90569, 0.90788, 0.90122, 0.90176
0.90102, 0.90313, 0.90023, 0.90128
0.90060, 0.90288, 0.89955, 0.90078
0.90077, 0.90670, 0.90059, 0.90507
0.90467, 0.90556, 0.89668, 0.89867
0.89748, 0.90100, 0.89733, 0.89823
0.89771, 0.89998, 0.89454, 0.89505
0.89440, 0.89691, 0.89373, 0.89504
0.89374, 0.90387, 0.89374, 0.90339
0.90259, 0.91123, 0.90247, 0.90781
0.90704, 0.90822, 0.90433, 0.90632
0.90577, 0.90948, 0.90553, 0.90644
0.90587, 0.91343, 0.90571, 0.90901
0.90795, 0.91373, 0.90301, 0.90398
0.90322, 0.90562, 0.90006, 0.90524
0.90551, 0.91362, 0.90396, 0.90836
0.90778, 0.91239, 0.90757, 0.91007
0.90945, 0.91244, 0.90829, 0.91087
0.90929, 0.91476, 0.90927, 0.91228
0.91069, 0.91341, 0.90524, 0.90592
0.90521, 0.90868, 0.90346, 0.90700
0.90621, 0.90783, 0.90160, 0.90455
0.90385, 0.90625, 0.89801, 0.89981
0.89932, 0.90144, 0.89816, 0.89945
0.89867, 0.90402, 0.89857, 0.90280
0.90224, 0.90582, 0.90116, 0.90455
0.90338, 0.90528, 0.89841, 0.90351
0.90214, 0.90415, 0.90144, 0.90278
0.90174, 0.90291, 0.89753, 0.89763
0.89751, 0.90086, 0.89688, 0.89955
0.89844, 0.90526, 0.89828, 0.90407
0.90329, 0.90518, 0.90298, 0.90399
0.90338, 0.90485, 0.90001, 0.90484
0.90330, 0.90695, 0.90258, 0.90568
0.90482, 0.90617, 0.90081, 0.90109
0.90071, 0.90451, 0.90028, 0.90356
0.90306, 0.90677, 0.89691, 0.89749
0.89675, 0.90152, 0.89436, 0.90101
0.90005, 0.90437, 0.90000, 0.90219
0.90195, 0.90369, 0.89819, 0.89969
0.89906, 0.90030, 0.89463, 0.89535
0.89479, 0.89640, 0.89287, 0.89552
0.89435, 0.89738, 0.89080, 0.89150
0.89113, 0.89661, 0.89113, 0.89286
0.89210, 0.89458, 0.88879, 0.88986
0.88904, 0.89071, 0.88735, 0.88773
0.88710, 0.89335, 0.88652, 0.89223
0.89171, 0.89510, 0.88992, 0.89112
0.89278, 0.89932, 0.89139, 0.89691
0.89631, 0.90704, 0.89573, 0.90681
0.90613, 0.91302, 0.90590, 0.90786
0.90727, 0.92700, 0.90709, 0.92210
0.92210, 0.92910, 0.92089, 0.92549
0.92491, 0.92615, 0.92002, 0.92341
0.92286, 0.92582, 0.91831, 0.91897
0.91835, 0.92066, 0.90939, 0.91113
0.91042, 0.91690, 0.90811, 0.91311
0.91239, 0.91768, 0.91142, 0.91635
0.91505, 0.91963, 0.91458, 0.91836
0.91758, 0.92196, 0.91432, 0.91898
0.91895, 0.92176, 0.91361, 0.91607
0.91559, 0.91798, 0.91121, 0.91535
0.91464, 0.91678, 0.91179, 0.91233
0.90896, 0.91187, 0.90242, 0.90926
0.90769, 0.91451, 0.90615, 0.91335
0.91237, 0.91565, 0.90659, 0.90676
0.90595, 0.91550, 0.90595, 0.91129
0.91084, 0.91230, 0.90434, 0.90548
0.90549, 0.90897, 0.90492, 0.90753
0.90721, 0.91252, 0.90599, 0.91119
0.91048, 0.91612, 0.90909, 0.91043
0.90985, 0.91221, 0.90692, 0.90896
0.90881, 0.91317, 0.90622, 0.90661
0.90664, 0.90780, 0.90275, 0.90388
0.90324, 0.90844, 0.90187, 0.90779
0.90728, 0.91205, 0.90062, 0.90257
0.90237, 0.90769, 0.90157, 0.90701
0.90630, 0.91090, 0.90431, 0.90652
0.90749, 0.90972, 0.90216, 0.90881
0.90815, 0.91480, 0.90788, 0.91295
0.91295, 0.91344, 0.90107, 0.90193
0.90120, 0.90454, 0.90120, 0.90313
0.90275, 0.91064, 0.90190, 0.90895
0.90801, 0.91052, 0.90404, 0.90665
0.90656, 0.90839, 0.90337, 0.90356
0.90365, 0.90750, 0.90142, 0.90432
0.90405, 0.90589, 0.90059, 0.90312
0.90277, 0.90519, 0.89834, 0.89890
0.90054, 0.90482, 0.89946, 0.90089
0.90041, 0.90241, 0.89670, 0.89694
0.89667, 0.90330, 0.89444, 0.90223
0.90207, 0.90679, 0.89901, 0.89913
0.89905, 0.90543, 0.89867, 0.90291
0.90296, 0.90478, 0.89703, 0.89722
0.89682, 0.89801, 0.88834, 0.89009
0.89010, 0.89178, 0.88604, 0.89057
0.89014, 0.90038, 0.89013, 0.89947
0.89958, 0.90028, 0.89620, 0.89645
0.89682, 0.89946, 0.89544, 0.89790
0.89758, 0.89855, 0.89468, 0.89506
0.89484, 0.89575, 0.89144, 0.89330
0.89275, 0.89631, 0.89233, 0.89506
0.89499, 0.89592, 0.89150, 0.89217
0.89150, 0.89230, 0.88660, 0.88858
0.88834, 0.89124, 0.88738, 0.88982
0.89027, 0.89377, 0.88893, 0.88975
0.88995, 0.89340, 0.88911, 0.89150
0.89132, 0.89988, 0.89101, 0.89737
0.89690, 0.90004, 0.89447, 0.89489
0.89470, 0.90069, 0.89279, 0.89906
0.89817, 0.90836, 0.89799, 0.90610
0.90548, 0.90671, 0.89978, 0.90282
0.90195, 0.90667, 0.89822, 0.90202
0.90309, 0.91414, 0.90277, 0.90479
0.90480, 0.91154, 0.90472, 0.90604
0.90595, 0.90797, 0.89827, 0.90095
0.90093, 0.91414, 0.90008, 0.91331
0.91211, 0.92291, 0.91144, 0.91541
0.90783, 0.91207, 0.90445, 0.91072
0.91080, 0.91480, 0.90203, 0.90215
0.90195, 0.90552, 0.89912, 0.90271
0.90227, 0.90501, 0.89812, 0.90279
0.90224, 0.90836, 0.90205, 0.90590
0.91009, 0.92165, 0.90684, 0.90903
0.90881, 0.91568, 0.90834, 0.90967
0.90975, 0.91039, 0.90003, 0.90255
0.90236, 0.90312, 0.89525, 0.89921
0.89864, 0.90911, 0.89840, 0.90723
0.90688, 0.90923, 0.90559, 0.90689
0.90623, 0.90848, 0.90123, 0.90251
0.90213, 0.90311, 0.89419, 0.89523
0.89477, 0.90480, 0.89430, 0.90260
0.90160, 0.90536, 0.90130, 0.90222
0.90225, 0.90848, 0.90164, 0.90561
0.90511, 0.90761, 0.90147, 0.90429
0.90370, 0.90473, 0.89925, 0.90096
0.89988, 0.90363, 0.89879, 0.89903
0.89784, 0.89948, 0.89199, 0.89315
0.89242, 0.89343, 0.88829, 0.89139
0.89080, 0.89155, 0.88687, 0.88781
0.88765, 0.89065, 0.88653, 0.88857
0.88809, 0.89241, 0.88753, 0.88857
0.88854, 0.89181, 0.88828, 0.88923
0.88909, 0.89030, 0.88372, 0.88607
0.88577, 0.88695, 0.88293, 0.88573
0.88523, 0.89178, 0.88523, 0.88934
0.88825, 0.88961, 0.88677, 0.88760
0.88685, 0.89041, 0.88462, 0.88505
0.88497, 0.88563, 0.88117, 0.88462
0.88377, 0.88834, 0.88264, 0.88307
0.88247, 0.88700, 0.88247, 0.88571
0.88460, 0.88520, 0.88041, 0.88250
0.88216, 0.88364, 0.87948, 0.88095
0.88048, 0.88255, 0.87968, 0.88195
0.88121, 0.88390, 0.87460, 0.87475
0.87520, 0.87768, 0.87378, 0.87699
0.87698, 0.87923, 0.87583, 0.87663
0.87648, 0.87965, 0.87615, 0.87721
0.87653, 0.87795, 0.87508, 0.87568
0.87555, 0.87876, 0.87520, 0.87800
0.87737, 0.87907, 0.87431, 0.87456
0.87443, 0.87485, 0.87156, 0.87170
0.87189, 0.87380, 0.86965, 0.87043
0.87008, 0.87184, 0.86793, 0.86831
0.86790, 0.86996, 0.86405, 0.86521
0.86471, 0.86775, 0.86397, 0.86502
0.86404, 0.86603, 0.86326, 0.86445
0.86380, 0.86535, 0.86044, 0.86049
0.86060, 0.86157, 0.85379, 0.86030
0.85977, 0.86966, 0.85960, 0.86900
0.86894, 0.87302, 0.86553, 0.86672
0.86576, 0.86676, 0.86194, 0.86495
0.86486, 0.86667, 0.86364, 0.86584
0.86542, 0.86674, 0.86216, 0.86460
0.86372, 0.86530, 0.85957, 0.86146
0.86066, 0.86514, 0.86007, 0.86083
0.86174, 0.86194, 0.85654, 0.85690
0.85643, 0.85856, 0.85497, 0.85668
0.85579, 0.85784, 0.85489, 0.85578
0.85579, 0.85815, 0.85478, 0.85629
0.85605, 0.85984, 0.85533, 0.85836
0.85806, 0.85993, 0.85539, 0.85771
0.85781, 0.86391, 0.85568, 0.85628
0.85651, 0.86047, 0.85397, 0.85795
0.85774, 0.85837, 0.85326, 0.85486
0.85498, 0.85896, 0.85348, 0.85755
0.85833, 0.86273, 0.85761, 0.86082
0.86077, 0.86448, 0.85970, 0.86125
0.86151, 0.86447, 0.86126, 0.86257
0.86272, 0.86407, 0.85606, 0.85625
0.85623, 0.85710, 0.85343, 0.85485
0.85515, 0.85620, 0.85052, 0.85478
0.85478, 0.85560, 0.85225, 0.85252
0.85229, 0.85369, 0.85021, 0.85077
0.85012, 0.85328, 0.84922, 0.85121
0.85068, 0.85197, 0.84955, 0.84984
0.85028, 0.85102, 0.84713, 0.84936
0.84907, 0.85894, 0.84851, 0.85887
0.85813, 0.86629, 0.85813, 0.86403
0.86388, 0.86806, 0.86209, 0.86744
0.86708, 0.86967, 0.86459, 0.86820
0.86684, 0.86946, 0.86391, 0.86648
0.86586, 0.87112, 0.86400, 0.86875
0.86860, 0.86979, 0.86683, 0.86949
0.86894, 0.86971, 0.86695, 0.86815
0.86752, 0.87186, 0.86536, 0.86536
0.86524, 0.86717, 0.85880, 0.86046
0.86013, 0.86425, 0.85999, 0.86333
0.86276, 0.86439, 0.86121, 0.86399
0.86368, 0.87018, 0.86291, 0.86805
0.86792, 0.87175, 0.86711, 0.87105
0.87096, 0.87188, 0.86820, 0.86910
0.86912, 0.87007, 0.86735, 0.86926
0.86882, 0.87067, 0.86848, 0.86950
0.86930, 0.87010, 0.86738, 0.86909
0.86831, 0.87172, 0.86812, 0.86985
0.87078, 0.87090, 0.86641, 0.86721
0.86693, 0.86888, 0.86452, 0.86511
0.86463, 0.86506, 0.86230, 0.86299
0.86270, 0.86980, 0.86270, 0.86825
0.86727, 0.87002, 0.86647, 0.86933
0.86808, 0.86909, 0.85873, 0.85890
0.85883, 0.86132, 0.85814, 0.85886
0.85841, 0.85967, 0.85599, 0.85869
0.85835, 0.86167, 0.85808, 0.85959
0.85935, 0.86266, 0.85876, 0.86121
0.86043, 0.86310, 0.85923, 0.85927
0.85901, 0.86185, 0.85813, 0.86141
0.86091, 0.86427, 0.86091, 0.86235
0.86202, 0.86421, 0.86112, 0.86154
0.86138, 0.86289, 0.85826, 0.86049
0.85945, 0.86490, 0.85945, 0.86282
0.86267, 0.86710, 0.86182, 0.86590
0.86538, 0.86610, 0.86286, 0.86319
0.86289, 0.86463, 0.85812, 0.85839
0.85798, 0.86061, 0.85745, 0.85889
0.85929, 0.86135, 0.85858, 0.85977
0.86004, 0.86449, 0.85843, 0.86305
0.86293, 0.86388, 0.85995, 0.86140
0.86119, 0.86185, 0.85853, 0.85934
0.85948, 0.85999, 0.85643, 0.85909
0.85868, 0.86122, 0.85775, 0.85975
0.85904, 0.86268, 0.85887, 0.85996
0.85993, 0.86377, 0.85882, 0.86275
0.86232, 0.86419, 0.85852, 0.85872
0.85864, 0.86055, 0.85678, 0.85774
0.85823, 0.86054, 0.85706, 0.85907
0.85855, 0.86280, 0.85794, 0.86082
0.86062, 0.86121, 0.85725, 0.85761
0.85658, 0.85795, 0.85413, 0.85480
0.85427, 0.85999, 0.85423, 0.85957
0.85774, 0.86010, 0.85488, 0.85510
0.85495, 0.85819, 0.85467, 0.85593
0.85502, 0.85638, 0.85298, 0.85399
0.85393, 0.85914, 0.85330, 0.85667
0.85596, 0.86039, 0.85593, 0.85955
0.85897, 0.85989, 0.85656, 0.85887
0.85868, 0.86090, 0.85825, 0.85928
0.85884, 0.86087, 0.85682, 0.85698
0.85661, 0.86151, 0.85631, 0.86085
0.86037, 0.86110, 0.85694, 0.85733
0.85723, 0.85819, 0.85602, 0.85613
0.85626, 0.85761, 0.85349, 0.85648
0.85629, 0.85824, 0.85419, 0.85421
0.85396, 0.86176, 0.85391, 0.85878
0.85862, 0.85963, 0.85430, 0.85443
0.85429, 0.85659, 0.85352, 0.85403
0.85379, 0.85573, 0.85225, 0.85225
0.85230, 0.85427, 0.85027, 0.85367
0.85354, 0.85673, 0.85103, 0.85386
0.85349, 0.85794, 0.85232, 0.85744
0.85610, 0.86411, 0.85604, 0.86262
0.86218, 0.86692, 0.86192, 0.86417
0.86351, 0.86581, 0.85972, 0.85983
0.85944, 0.86094, 0.85400, 0.85479
0.85404, 0.85836, 0.85403, 0.85600
0.85485, 0.85728, 0.85359, 0.85410
0.85391, 0.85556, 0.85109, 0.85126
0.85121, 0.85221, 0.84990, 0.85162
0.85151, 0.85194, 0.84993, 0.85120
0.85103, 0.85366, 0.85067, 0.85348
0.85215, 0.85574, 0.85213, 0.85481
0.85459, 0.85502, 0.85237, 0.85258
0.85252, 0.85319, 0.85043, 0.85212
0.85205, 0.85274, 0.84902, 0.84935
0.84929, 0.84983, 0.84695, 0.84744
0.84679, 0.84860, 0.84603, 0.84748
0.84742, 0.84798, 0.84496, 0.84690
0.84675, 0.84833, 0.84601, 0.84668
0.84656, 0.85037, 0.84598, 0.84990
0.84969, 0.85177, 0.84884, 0.85032
0.85040, 0.85147, 0.84832, 0.85070
0.85062, 0.85356, 0.84998, 0.85220
0.85215, 0.85325, 0.85051, 0.85114
0.85108, 0.85641, 0.85048, 0.85637
0.85614, 0.85892, 0.85525, 0.85860
0.85759, 0.85930, 0.85498, 0.85557
0.85545, 0.85720, 0.85421, 0.85626
0.85618, 0.85686, 0.85497, 0.85526
0.85515, 0.85832, 0.85454, 0.85761
0.85756, 0.85881, 0.85563, 0.85728
0.85620, 0.85811, 0.85620, 0.85740
0.85731, 0.85983, 0.85580, 0.85850
0.85840, 0.86022, 0.85731, 0.85973
0.85964, 0.86005, 0.85760, 0.85820
0.85814, 0.85930, 0.85613, 0.85685
0.85614, 0.85853, 0.85614, 0.85735
0.85733, 0.86130, 0.85693, 0.85900
0.85886, 0.86020, 0.85768, 0.85777
0.85770, 0.85880, 0.85231, 0.85426
0.85425, 0.85462, 0.85196, 0.85370
0.85213, 0.85379, 0.85096, 0.85327
0.85314, 0.85509, 0.85102, 0.85482
0.85453, 0.85618, 0.85280, 0.85352
0.85342, 0.85468, 0.85000, 0.85303
0.85291, 0.85526, 0.85216, 0.85398
0.85339, 0.85940, 0.85286, 0.85862
0.85836, 0.85943, 0.85625, 0.85817
0.85802, 0.86120, 0.85728, 0.85830
0.85813, 0.85892, 0.85359, 0.85552
0.85539, 0.85763, 0.85474, 0.85711
0.85755, 0.85768, 0.85266, 0.85341
0.85337, 0.86403, 0.85246, 0.86293
0.86274, 0.86576, 0.86121, 0.86363
0.86357, 0.86421, 0.85770, 0.85927
0.85917, 0.86233, 0.85436, 0.85578
0.85471, 0.85725, 0.85305, 0.85371
0.85362, 0.85443, 0.85025, 0.85104
0.85094, 0.85262, 0.84942, 0.85056
0.85046, 0.85217, 0.84738, 0.84842
0.84830, 0.85000, 0.84769, 0.84973
0.84870, 0.85012, 0.84717, 0.84985
0.84973, 0.85177, 0.84728, 0.84835
0.84822, 0.84974, 0.84723, 0.84877
0.84858, 0.84876, 0.84538, 0.84806
0.84797, 0.84862, 0.84229, 0.84368
0.84198, 0.84630, 0.84195, 0.84572
0.84555, 0.84626, 0.84225, 0.84330
0.84309, 0.84600, 0.84219, 0.84265
0.84256, 0.84431, 0.84184, 0.84247
0.84239, 0.84682, 0.84194, 0.84600
0.84600, 0.84654, 0.84269, 0.84322
0.84307, 0.84353, 0.84019, 0.84236
0.84205, 0.84643, 0.84098, 0.84428
0.84415, 0.84753, 0.84222, 0.84685
0.84683, 0.84721, 0.84326, 0.84424
0.84461, 0.84989, 0.84407, 0.84861
0.84867, 0.85130, 0.84867, 0.85003
0.84981, 0.85121, 0.84718, 0.84810
0.84811, 0.85642, 0.84608, 0.85546
0.85546, 0.85944, 0.85479, 0.85687
0.85711, 0.85877, 0.85347, 0.85401
0.85391, 0.85602, 0.85195, 0.85495
0.85487, 0.85639, 0.85312, 0.85620
0.85605, 0.85731, 0.85424, 0.85643
0.85622, 0.85662, 0.85249, 0.85293
0.85242, 0.85368, 0.84705, 0.84748
0.84736, 0.84817, 0.84258, 0.84288
0.84288, 0.84356, 0.83844, 0.83899
0.83896, 0.84262, 0.83828, 0.84232
0.84214, 0.84258, 0.83848, 0.83883
0.83864, 0.84032, 0.83800, 0.83881
0.83873, 0.84306, 0.83814, 0.84071
0.84057, 0.84143, 0.83846, 0.84019
0.84017, 0.84354, 0.83965, 0.84079
0.84080, 0.84952, 0.84073, 0.84705
0.84740, 0.84833, 0.84453, 0.84790
0.84784, 0.85376, 0.84723, 0.85228
0.85206, 0.85292, 0.84921, 0.85266
0.85244, 0.85261, 0.84888, 0.84955
0.84938, 0.85499, 0.84876, 0.85430
0.85155, 0.85470, 0.84996, 0.85060
0.85002, 0.85121, 0.84880, 0.85073
0.85008, 0.85980, 0.85001, 0.85882
0.85834, 0.85900, 0.85392, 0.85413
0.85377, 0.85524, 0.85248, 0.85266
0.85317, 0.85494, 0.84995, 0.85403
0.85310, 0.85524, 0.85075, 0.85090
0.85075, 0.85274, 0.84852, 0.85147
0.85127, 0.85276, 0.84527, 0.85041
0.85016, 0.85268, 0.84855, 0.84866
0.84839, 0.85498, 0.84838, 0.85365
0.85358, 0.85483, 0.84995, 0.85011
0.85002, 0.85101, 0.84792, 0.84808
0.84804, 0.84977, 0.84151, 0.84431
0.84430, 0.84627, 0.84324, 0.84420
0.84380, 0.84543, 0.84229, 0.84236
0.84234, 0.84327, 0.84016, 0.84175
0.84147, 0.84239, 0.84016, 0.84121
0.84112, 0.84153, 0.83790, 0.83861
0.83848, 0.84118, 0.83674, 0.84103
0.83980, 0.84180, 0.83715, 0.83802
0.83785, 0.83938, 0.83353, 0.83413
0.83395, 0.83718, 0.83335, 0.83436
0.83422, 0.83716, 0.83367, 0.83461
0.83453, 0.83650, 0.83361, 0.83549
0.83564, 0.83582, 0.83316, 0.83410
0.83403, 0.83489, 0.83229, 0.83367
0.83368, 0.83545, 0.83274, 0.83469
0.83457, 0.83595, 0.83358, 0.83543
0.83525, 0.83616, 0.83411, 0.83418
0.83422, 0.83612, 0.83400, 0.83583
0.83574, 0.83780, 0.83257, 0.83290
0.83286, 0.83408, 0.83124, 0.83304
0.83297, 0.83383, 0.83046, 0.83162
0.83160, 0.83762, 0.83151, 0.83663
0.83652, 0.84219, 0.83501, 0.83934
0.83927, 0.84008, 0.83571, 0.83680
0.83674, 0.83698, 0.83411, 0.83482
0.83470, 0.83571, 0.83198, 0.83266
0.83255, 0.83334, 0.83045, 0.83196
0.83154, 0.83577, 0.83042, 0.83539
0.83526, 0.83596, 0.83173, 0.83343
0.83333, 0.83507, 0.83235, 0.83275
0.83259, 0.84157, 0.82839, 0.84101
0.84088, 0.84696, 0.83982, 0.84628
0.84589, 0.84774, 0.84377, 0.84508
0.84503, 0.84564, 0.84122, 0.84262
0.84253, 0.84500, 0.84124, 0.84387
0.84379, 0.84454, 0.84100, 0.84271
0.84265, 0.84265, 0.83588, 0.83656
0.83583, 0.83860, 0.83456, 0.83537
0.83529, 0.83994, 0.83467, 0.83864
0.83864, 0.84015, 0.83645, 0.83725
0.83705, 0.83766, 0.83336, 0.83443
0.83429, 0.83555, 0.83259, 0.83281
0.83298, 0.83510, 0.83115, 0.83134
0.83128, 0.83822, 0.83094, 0.83350
0.83339, 0.83535, 0.83245, 0.83438
0.83426, 0.83774, 0.83055, 0.83682
0.83661, 0.84058, 0.83448, 0.84041
0.83494, 0.83820, 0.83413, 0.83581
0.83557, 0.83668, 0.83155, 0.83467
0.83444, 0.83597, 0.82938, 0.82967
0.82951, 0.82992, 0.82743, 0.82890
0.82879, 0.82913, 0.82298, 0.82562
0.82624, 0.83043, 0.82022, 0.82809
0.82797, 0.83463, 0.82754, 0.83216
0.83201, 0.84169, 0.83117, 0.83980
0.83960, 0.84353, 0.83656, 0.83982
0.83974, 0.84185, 0.83596, 0.83687
0.83698, 0.84290, 0.83606, 0.84113
0.84119, 0.84551, 0.83853, 0.83957
0.83956, 0.84284, 0.83772, 0.83873
0.83874, 0.84572, 0.83667, 0.84307
0.84301, 0.84372, 0.83765, 0.83832
0.83838, 0.84157, 0.83603, 0.83653
0.83652, 0.83725, 0.83046, 0.83114
0.83125, 0.83412, 0.82949, 0.83373
0.83363, 0.83496, 0.83160, 0.83372
0.83376, 0.83693, 0.83234, 0.83298
0.83322, 0.83992, 0.83210, 0.83887
0.83874, 0.84814, 0.83773, 0.84665
0.84655, 0.84970, 0.84494, 0.84949
0.84942, 0.85117, 0.84189, 0.84200
0.84189, 0.84402, 0.84073, 0.84221
0.84221, 0.84302, 0.83611, 0.83648
0.83635, 0.83731, 0.83274, 0.83421
0.83394, 0.83528, 0.83253, 0.83384
0.83367, 0.83640, 0.83134, 0.83211
0.83193, 0.83621, 0.83068, 0.83419
0.83665, 0.83793, 0.83422, 0.83531
0.83517, 0.83602, 0.83188, 0.83272
0.83263, 0.83429, 0.83009, 0.83020
0.83014, 0.83140, 0.82493, 0.82793
0.82776, 0.82828, 0.82594, 0.82698
0.82712, 0.82958, 0.82701, 0.82851
0.82824, 0.83143, 0.82739, 0.82989
0.82967, 0.83347, 0.82827, 0.83039
0.83029, 0.83664, 0.82945, 0.83162
0.83147, 0.84147, 0.83093, 0.84117
0.84193, 0.84405, 0.83964, 0.84056
0.84044, 0.84618, 0.83926, 0.84583
0.84570, 0.84661, 0.83885, 0.84159
0.84157, 0.84598, 0.83816, 0.84243
0.84237, 0.84291, 0.83800, 0.83840
0.83858, 0.84165, 0.83664, 0.84091
0.84067, 0.84298, 0.83714, 0.84201
0.84180, 0.84493, 0.83954, 0.84067
0.84048, 0.85449, 0.83996, 0.85295
0.85268, 0.85909, 0.85087, 0.85452
0.85355, 0.85706, 0.85151, 0.85650
0.85627, 0.85779, 0.85345, 0.85467
0.85458, 0.85926, 0.85244, 0.85837
0.85807, 0.86181, 0.84922, 0.85098
0.85068, 0.85276, 0.84878, 0.84880
0.84870, 0.85332, 0.84658, 0.84673
0.84666, 0.84741, 0.83925, 0.84451
0.84437, 0.84937, 0.84314, 0.84785
0.84762, 0.84939, 0.84469, 0.84805
0.84810, 0.84944, 0.84476, 0.84507
0.84553, 0.85033, 0.84324, 0.84922
0.84913, 0.85865, 0.84792, 0.85634
0.85618, 0.85660, 0.84854, 0.84875
0.84870, 0.85287, 0.84811, 0.85090
0.85079, 0.85152, 0.84806, 0.84951
0.84915, 0.85277, 0.84863, 0.85168
0.85170, 0.85279, 0.84890, 0.85159
0.85146, 0.85437, 0.85026, 0.85314
0.85305, 0.85490, 0.85095, 0.85458
0.85422, 0.85832, 0.85352, 0.85810
0.85713, 0.85885, 0.85247, 0.85349
0.85341, 0.85838, 0.84916, 0.85023
0.85005, 0.85639, 0.84931, 0.85473
0.85451, 0.85914, 0.84852, 0.84964
0.84934, 0.85487, 0.84863, 0.85430
0.85263, 0.85934, 0.85248, 0.85762
0.85750, 0.87155, 0.85515, 0.86829
0.86819, 0.87204, 0.85645, 0.85807
0.85781, 0.86328, 0.85106, 0.85422
0.85367, 0.85947, 0.85138, 0.85883
0.85634, 0.86111, 0.85630, 0.85811
0.85784, 0.86098, 0.85672, 0.85801
0.85775, 0.86243, 0.85669, 0.86173
0.86155, 0.86405, 0.85730, 0.85807
0.85794, 0.86011, 0.85608, 0.85977
0.85870, 0.86270, 0.85767, 0.86269
0.86265, 0.86457, 0.86105, 0.86340
0.86333, 0.86608, 0.86026, 0.86112
0.86106, 0.86193, 0.85502, 0.86076
0.86056, 0.86782, 0.85984, 0.86194
0.86044, 0.86262, 0.85944, 0.86116
0.86084, 0.86229, 0.85426, 0.85840
0.85834, 0.86022, 0.85318, 0.85413
0.85381, 0.85532, 0.84443, 0.84513
0.84506, 0.84748, 0.84400, 0.84605
0.84556, 0.84887, 0.84408, 0.84443
0.84432, 0.84836, 0.84323, 0.84426
0.84419, 0.84673, 0.84024, 0.84577
0.84569, 0.84981, 0.84397, 0.84723
0.84704, 0.85131, 0.84637, 0.84989
0.84924, 0.85044, 0.84569, 0.84871
0.84851, 0.85393, 0.84716, 0.85224
0.85205, 0.85396, 0.84923, 0.84973
0.84967, 0.85837, 0.84867, 0.85240
0.85222, 0.85258, 0.84860, 0.85030
0.85035, 0.85240, 0.84744, 0.84834
0.84827, 0.84910, 0.84039, 0.84094
0.84094, 0.84255, 0.83752, 0.83891
0.83883, 0.84029, 0.83451, 0.83709
0.83685, 0.84139, 0.83616, 0.83922
0.83797, 0.83989, 0.83514, 0.83710
0.83704, 0.83995, 0.83391, 0.83580
0.83544, 0.83730, 0.83414, 0.83707
0.83676, 0.84367, 0.83424, 0.84256
0.84235, 0.84523, 0.84098, 0.84288
0.84265, 0.84446, 0.84095, 0.84383
0.84343, 0.84612, 0.84191, 0.84577
0.84551, 0.84699, 0.84177, 0.84299
0.84286, 0.84697, 0.84237, 0.84620
0.84605, 0.84919, 0.84448, 0.84503
0.84485, 0.84701, 0.84184, 0.84264
0.84258, 0.84392, 0.84043, 0.84050
0.84049, 0.84496, 0.83859, 0.84436
0.84429, 0.84658, 0.84243, 0.84540
0.84530, 0.85109, 0.84494, 0.84882
0.84734, 0.84928, 0.84339, 0.84486
0.84480, 0.84526, 0.84153, 0.84236
0.84215, 0.84562, 0.84075, 0.84489
0.84461, 0.84608, 0.84230, 0.84261
0.84253, 0.85022, 0.84226, 0.84878
0.84850, 0.85493, 0.84829, 0.85406
0.85389, 0.86032, 0.85212, 0.85936
0.85915, 0.86528, 0.85706, 0.86494
0.86473, 0.86695, 0.86122, 0.86166
0.86150, 0.86761, 0.86125, 0.86462
0.86436, 0.86537, 0.86146, 0.86184
0.86181, 0.86214, 0.85659, 0.85974
0.85966, 0.86883, 0.85935, 0.86729
0.86736, 0.87113, 0.86530, 0.86928
0.86900, 0.87059, 0.86589, 0.86687
0.86712, 0.87217, 0.86488, 0.86645
0.86629, 0.86935, 0.86471, 0.86724
0.86718, 0.86832, 0.86249, 0.86457
0.86441, 0.87201, 0.86365, 0.87175
0.87163, 0.87837, 0.87131, 0.87639
0.87613, 0.87869, 0.87464, 0.87671
0.87658, 0.87823, 0.87236, 0.87590
0.87590, 0.87678, 0.87101, 0.87282
0.87268, 0.87597, 0.86903, 0.87352
0.87316, 0.89342, 0.87105, 0.89318
0.89508, 0.92738, 0.88520, 0.89856
0.89849, 0.90019, 0.88957, 0.89378
0.89357, 0.90648, 0.88506, 0.89393
0.89387, 0.89787, 0.88185, 0.88307
0.88261, 0.88487, 0.87516, 0.87820
0.87564, 0.88302, 0.86703, 0.86767
0.86754, 0.87439, 0.86483, 0.87016
0.86991, 0.87761, 0.86907, 0.87272
0.87242, 0.88182, 0.87157, 0.87707
0.87699, 0.88065, 0.87353, 0.87821
0.87732, 0.88133, 0.87439, 0.87744
0.87728, 0.88597, 0.87245, 0.88407
0.88405, 0.88662, 0.87277, 0.87431
0.87396, 0.87660, 0.86085, 0.86276
0.86257, 0.87143, 0.86058, 0.86969
0.86649, 0.86854, 0.85784, 0.86632
0.86622, 0.87306, 0.86331, 0.87080
0.87060, 0.87290, 0.86782, 0.87103
0.87094, 0.87565, 0.86732, 0.87125
0.87113, 0.87798, 0.87017, 0.87319
0.86631, 0.87632, 0.86595, 0.87522
0.87517, 0.87565, 0.86645, 0.86855
0.86835, 0.86992, 0.86453, 0.86688
0.86676, 0.86880, 0.86084, 0.86133
0.86125, 0.86509, 0.85709, 0.85785
0.85787, 0.86252, 0.85717, 0.86158
0.86156, 0.86237, 0.85951, 0.85976
0.85953, 0.86295, 0.85844, 0.86155
0.86163, 0.87423, 0.86073, 0.87344
0.87341, 0.87843, 0.86988, 0.87542
0.87514, 0.87899, 0.86897, 0.87024
0.87002, 0.87433, 0.86909, 0.87238
0.87241, 0.88275, 0.87147, 0.88161
0.88139, 0.88152, 0.86992, 0.87100
0.87094, 0.87776, 0.87003, 0.87471
0.87479, 0.88221, 0.87266, 0.87884
0.87866, 0.88050, 0.87076, 0.87197
0.87198, 0.87749, 0.87126, 0.87209
0.87203, 0.87720, 0.86944, 0.87344
0.87299, 0.87381, 0.86770, 0.86806
0.86758, 0.86970, 0.86578, 0.86606
0.86595, 0.86799, 0.86313, 0.86676
0.86669, 0.86997, 0.85859, 0.86229
0.86219, 0.86343, 0.85714, 0.85941
0.85915, 0.86150, 0.85764, 0.85939
0.85912, 0.86748, 0.85862, 0.86466
0.86459, 0.86517, 0.86062, 0.86417
0.86390, 0.86602, 0.86202, 0.86283
0.86277, 0.86413, 0.85466, 0.85884
0.85830, 0.86079, 0.85547, 0.85739
0.85766, 0.86339, 0.85657, 0.86050
0.86022, 0.86320, 0.85753, 0.86259
0.86239, 0.86426, 0.85976, 0.86034
0.86013, 0.86461, 0.85963, 0.86246
0.86228, 0.86370, 0.85618, 0.85886
0.85856, 0.86165, 0.85736, 0.85913
0.85886, 0.86047, 0.85604, 0.85966
0.85951, 0.86166, 0.85720, 0.85954
0.85939, 0.87278, 0.85880, 0.87256
0.87239, 0.87711, 0.87036, 0.87117
0.87052, 0.87364, 0.86901, 0.87310
0.87293, 0.87706, 0.87084, 0.87199
0.87200, 0.87891, 0.87146, 0.87770
0.87757, 0.88333, 0.87655, 0.88005
0.87983, 0.88240, 0.87828, 0.88079
0.88006, 0.88122, 0.87913, 0.88087
0.88082, 0.88624, 0.88000, 0.88406
0.88411, 0.88599, 0.87934, 0.88289
0.88281, 0.88592, 0.88204, 0.88426
0.88404, 0.88766, 0.88220, 0.88469
0.88317, 0.88699, 0.88277, 0.88446
0.88457, 0.88619, 0.87820, 0.88129
0.88121, 0.88203, 0.87813, 0.87940
0.87934, 0.88624, 0.87878, 0.88337
0.88323, 0.88702, 0.87950, 0.87971
0.87970, 0.88233, 0.87681, 0.88079
0.88060, 0.88458, 0.87973, 0.88338
0.88319, 0.88809, 0.88218, 0.88528
0.88517, 0.88947, 0.88318, 0.88834
0.88824, 0.88967, 0.88509, 0.88521
0.88611, 0.88781, 0.88461, 0.88730
0.88715, 0.88867, 0.87779, 0.87800
0.87792, 0.88028, 0.87340, 0.87439
0.87427, 0.87867, 0.87210, 0.87392
0.87383, 0.87854, 0.87364, 0.87533
0.87556, 0.88145, 0.87535, 0.87811
0.87806, 0.88465, 0.87665, 0.88217
0.88215, 0.88512, 0.87984, 0.88003
0.87987, 0.88139, 0.87722, 0.87751
0.87742, 0.88038, 0.87636, 0.87644
0.87606, 0.88026, 0.87604, 0.87843
0.87826, 0.88292, 0.87714, 0.88178
0.88153, 0.88822, 0.88100, 0.88807
0.88796, 0.89549, 0.88731, 0.89239
0.89231, 0.89781, 0.89119, 0.89553
0.89579, 0.89632, 0.89144, 0.89210
0.89203, 0.89400, 0.88972, 0.89016
0.89002, 0.89102, 0.88741, 0.88763
0.88757, 0.88834, 0.88379, 0.88600
0.88573, 0.88719, 0.88232, 0.88549
0.88454, 0.88741, 0.88227, 0.88336
0.88323, 0.88473, 0.88004, 0.88160
0.88163, 0.89019, 0.88141, 0.88808
0.88800, 0.89087, 0.88691, 0.89025
0.89007, 0.89282, 0.88722, 0.88812
0.88810, 0.88910, 0.88699, 0.88727
0.88717, 0.88859, 0.87894, 0.87897
0.87889, 0.88217, 0.87831, 0.88035
0.88025, 0.88231, 0.87928, 0.88184
0.88157, 0.88353, 0.87974, 0.88313
0.88123, 0.88349, 0.87888, 0.87949
0.87948, 0.88110, 0.87543, 0.87950
0.87953, 0.88957, 0.87753, 0.88709
0.88688, 0.88916, 0.88557, 0.88685
0.88669, 0.88703, 0.88258, 0.88271
0.88266, 0.88868, 0.88231, 0.88820
0.88798, 0.89246, 0.88562, 0.89193
0.89169, 0.89214, 0.88956, 0.89023
0.89029, 0.89132, 0.88650, 0.88751
0.88737, 0.88892, 0.88196, 0.88415
0.88443, 0.88627, 0.87966, 0.88038
0.88029, 0.88357, 0.87773, 0.88274
0.88283, 0.88429, 0.87177, 0.87685
0.87703, 0.88184, 0.87467, 0.87609
0.87604, 0.87824, 0.87444, 0.87563
0.87509, 0.87681, 0.87274, 0.87306
0.87309, 0.88391, 0.87293, 0.88122
0.88109, 0.88535, 0.87715, 0.88500
0.88486, 0.88648, 0.88117, 0.88139
0.88132, 0.88262, 0.87765, 0.87964
0.88009, 0.88062, 0.87752, 0.87861
0.87859, 0.88064, 0.87704, 0.87874
0.87854, 0.88107, 0.87797, 0.88035
0.88038, 0.88276, 0.87786, 0.88023
0.88013, 0.88068, 0.87759, 0.87929
0.87871, 0.88060, 0.87706, 0.87796
0.87784, 0.87854, 0.87285, 0.87633
0.87615, 0.87848, 0.87447, 0.87512
0.87496, 0.87850, 0.87384, 0.87777
0.87758, 0.87897, 0.87646, 0.87729
0.87607, 0.87907, 0.87607, 0.87702
0.87685, 0.87888, 0.87623, 0.87815
0.87808, 0.88186, 0.87763, 0.88031
0.88028, 0.88380, 0.87914, 0.88201
0.88190, 0.88590, 0.88140, 0.88542
0.88453, 0.88635, 0.88203, 0.88288
0.88275, 0.88321, 0.88090, 0.88289
0.88274, 0.88373, 0.87909, 0.88071
0.88041, 0.88247, 0.87943, 0.88145
0.88130, 0.88606, 0.88085, 0.88298
0.88263, 0.88587, 0.88246, 0.88459
0.88458, 0.88746, 0.88393, 0.88416
0.88408, 0.88729, 0.88360, 0.88536
0.88526, 0.88711, 0.88220, 0.88225
0.88224, 0.88383, 0.87640, 0.87653
0.87681, 0.87937, 0.87594, 0.87843
0.87808, 0.88238, 0.87702, 0.88209
0.88196, 0.88343, 0.87909, 0.88018
0.88010, 0.88129, 0.87448, 0.87599
0.87581, 0.87670, 0.87122, 0.87221
0.87151, 0.87458, 0.87113, 0.87196
0.87181, 0.87207, 0.86790, 0.86829
0.86818, 0.87001, 0.86654, 0.86982
0.86971, 0.87339, 0.86603, 0.87231
0.87216, 0.87315, 0.86927, 0.87149
0.87067, 0.87182, 0.86767, 0.86796
0.86784, 0.87176, 0.86738, 0.87000
0.86994, 0.87200, 0.86694, 0.86791
0.86774, 0.87010, 0.86702, 0.86799
0.86795, 0.86948, 0.86678, 0.86791
0.86753, 0.87037, 0.86750, 0.86927
0.86907, 0.87178, 0.86682, 0.86742
0.86728, 0.87090, 0.86482, 0.86927
0.86917, 0.87050, 0.86649, 0.87037
0.87015, 0.87093, 0.86762, 0.86827
0.86813, 0.86939, 0.86652, 0.86660
0.86659, 0.86726, 0.86276, 0.86476
0.86454, 0.86490, 0.85829, 0.85892
0.85886, 0.86035, 0.85668, 0.85904
0.85891, 0.86047, 0.85777, 0.85971
0.85922, 0.86349, 0.85890, 0.86143
0.86140, 0.86238, 0.85993, 0.86058
0.86042, 0.86120, 0.85831, 0.86002
0.85996, 0.86132, 0.85826, 0.85842
0.85833, 0.85898, 0.85405, 0.85431
0.85399, 0.86060, 0.85390, 0.85964
0.85956, 0.86121, 0.85526, 0.85566
0.85553, 0.85598, 0.85404, 0.85537
0.85511, 0.85906, 0.85428, 0.85613
0.85602, 0.85650, 0.85209, 0.85326
0.85272, 0.85470, 0.85177, 0.85409
0.85396, 0.85803, 0.85266, 0.85522
0.85510, 0.86077, 0.85235, 0.86051
0.86029, 0.86354, 0.85664, 0.85931
0.85896, 0.86073, 0.85350, 0.85653
0.85690, 0.85942, 0.85421, 0.85771
0.85760, 0.86127, 0.85670, 0.85972
0.85956, 0.86574, 0.85894, 0.86355
0.86342, 0.86425, 0.86099, 0.86153
0.86143, 0.86170, 0.85754, 0.85937
0.85839, 0.86046, 0.85800, 0.85983
0.85968, 0.85989, 0.85545, 0.85550
0.85544, 0.85752, 0.85417, 0.85431
0.85421, 0.85635, 0.85201, 0.85484
0.85475, 0.85533, 0.85217, 0.85397
0.85345, 0.85835, 0.85345, 0.85530
0.85522, 0.85604, 0.85033, 0.85124
0.85109, 0.85749, 0.85051, 0.85685
0.85673, 0.85742, 0.85342, 0.85459
0.85447, 0.85768, 0.85381, 0.85762
0.85647, 0.85975, 0.85606, 0.85969
0.85942, 0.86133, 0.85762, 0.86129
0.86097, 0.87006, 0.85997, 0.86568
0.86560, 0.86975, 0.86487, 0.86487
0.86486, 0.86791, 0.86334, 0.86542
0.86481, 0.86585, 0.86186, 0.86295
0.86282, 0.86363, 0.85646, 0.85672
0.85669, 0.85858, 0.85603, 0.85651
0.85643, 0.85988, 0.85436, 0.85774
0.85761, 0.85887, 0.85491, 0.85745
0.85600, 0.85902, 0.85559, 0.85659
0.85648, 0.86060, 0.85500, 0.85962
0.85948, 0.86283, 0.85838, 0.86052
0.86027, 0.86548, 0.85934, 0.86137
0.86119, 0.86473, 0.86006, 0.86349
0.86248, 0.86356, 0.86049, 0.86051
0.86045, 0.86250, 0.85926, 0.85932
0.85932, 0.86339, 0.85888, 0.86262
0.86246, 0.86652, 0.86165, 0.86618
0.86606, 0.86684, 0.86174, 0.86217
0.86189, 0.86320, 0.85957, 0.85980
0.85980, 0.86090, 0.85733, 0.85825
0.85815, 0.85925, 0.85459, 0.85460
0.85453, 0.85567, 0.85225, 0.85285
0.85483, 0.85483, 0.85483, 0.85483