0.66030, 0.66960, 0.65820, 0.66620
0.66690, 0.67330, 0.66470, 0.67240
0.67280, 0.67350, 0.66580, 0.66780
0.66740, 0.66870, 0.66290, 0.66480
0.66460, 0.66880, 0.65980, 0.66030
0.66010, 0.66510, 0.65800, 0.66060
0.65970, 0.66770, 0.65740, 0.66700
0.66680, 0.67280, 0.66490, 0.67130
0.67150, 0.67850, 0.66830, 0.67690
0.67650, 0.67850, 0.67000, 0.67080
0.67060, 0.68170, 0.66970, 0.67870
0.67890, 0.68510, 0.67600, 0.68240
0.68200, 0.68570, 0.67750, 0.67950
0.67960, 0.68680, 0.67860, 0.67960
0.67990, 0.69170, 0.67790, 0.69040
0.69020, 0.69260, 0.68630, 0.69140
0.69170, 0.69250, 0.68480, 0.69110
0.69160, 0.69660, 0.68890, 0.69370
0.69370, 0.69760, 0.69270, 0.69670
0.69600, 0.69960, 0.68960, 0.69870
0.69880, 0.70140, 0.69390, 0.69880
0.69890, 0.70320, 0.69750, 0.70110
0.70160, 0.70310, 0.69830, 0.70190
0.70170, 0.70310, 0.68730, 0.69210
0.69200, 0.69430, 0.68690, 0.69060
0.69140, 0.69320, 0.68390, 0.68530
0.68520, 0.70520, 0.68420, 0.70340
0.70340, 0.71080, 0.70200, 0.70650
0.70580, 0.70940, 0.69720, 0.69750
0.69780, 0.70340, 0.69640, 0.70080
0.70060, 0.70380, 0.69130, 0.69460
0.69380, 0.69630, 0.68930, 0.69030
0.69030, 0.69460, 0.68490, 0.68600
0.68590, 0.69070, 0.68450, 0.68840
0.68860, 0.69290, 0.68550, 0.69010
0.68880, 0.69640, 0.68750, 0.69010
0.69000, 0.69080, 0.68550, 0.68840
0.68760, 0.69960, 0.68740, 0.69880
0.69880, 0.69960, 0.69280, 0.69310
0.69300, 0.69600, 0.69120, 0.69240
0.69280, 0.69370, 0.68460, 0.68580
0.68540, 0.68840, 0.68210, 0.68550
0.68560, 0.68940, 0.68000, 0.68260
0.68280, 0.68570, 0.67940, 0.68240
0.68190, 0.68240, 0.67380, 0.67420
0.67420, 0.68310, 0.67350, 0.67780
0.67780, 0.68490, 0.67720, 0.68270
0.68220, 0.68980, 0.68050, 0.68740
0.68560, 0.69030, 0.68560, 0.68980
0.68980, 0.68980, 0.67220, 0.67340
0.67390, 0.67530, 0.66750, 0.66840
0.66830, 0.67280, 0.66280, 0.67100
0.67070, 0.67120, 0.66110, 0.66290
0.66310, 0.67980, 0.66240, 0.67660
0.67610, 0.68920, 0.67520, 0.68840
0.68820, 0.69120, 0.68390, 0.68730
0.68670, 0.69910, 0.68630, 0.69390
0.69390, 0.69490, 0.68830, 0.68970
0.68980, 0.69660, 0.68730, 0.69480
0.69470, 0.69560, 0.68360, 0.68530
0.68520, 0.68610, 0.67600, 0.67670
0.67710, 0.68330, 0.67640, 0.68290
0.68070, 0.68530, 0.67950, 0.68030
0.67900, 0.68210, 0.67360, 0.67440
0.67450, 0.67890, 0.67090, 0.67650
0.67640, 0.67990, 0.67230, 0.67790
0.67700, 0.68400, 0.67690, 0.68140
0.68160, 0.68890, 0.67660, 0.68850
0.68860, 0.69000, 0.68210, 0.68270
0.68230, 0.68680, 0.67520, 0.67550
0.67560, 0.68250, 0.67470, 0.68030
0.67940, 0.68170, 0.67350, 0.67470
0.67520, 0.67750, 0.67020, 0.67330
0.67240, 0.68550, 0.67180, 0.68530
0.68530, 0.68790, 0.68200, 0.68350
0.68340, 0.68670, 0.67490, 0.67610
0.67510, 0.67980, 0.67240, 0.67310
0.67260, 0.67930, 0.67200, 0.67740
0.67950, 0.68550, 0.67460, 0.68450
0.68500, 0.69070, 0.68170, 0.68750
0.68720, 0.69110, 0.68520, 0.68610
0.68660, 0.68860, 0.68090, 0.68320
0.68350, 0.68880, 0.68270, 0.68520
0.68540, 0.68930, 0.68330, 0.68430
0.68420, 0.68580, 0.67840, 0.68200
0.68250, 0.68870, 0.68170, 0.68230
0.68220, 0.68730, 0.67440, 0.68520
0.68490, 0.68630, 0.67960, 0.68030
0.68070, 0.68700, 0.67920, 0.68600
0.68590, 0.69040, 0.68390, 0.68970
0.69010, 0.69500, 0.68690, 0.69380
0.69350, 0.69490, 0.68890, 0.69070
0.69080, 0.69840, 0.68690, 0.69730
0.69750, 0.70220, 0.69340, 0.69380
0.69440, 0.69720, 0.68860, 0.69140
0.69160, 0.69350, 0.68900, 0.69230
0.69250, 0.69820, 0.69050, 0.69190
0.69230, 0.69290, 0.68340, 0.68450
0.68460, 0.68750, 0.67940, 0.68210
0.68210, 0.68270, 0.67420, 0.67970
0.67970, 0.68650, 0.67910, 0.68500
0.68500, 0.68780, 0.68250, 0.68620
0.68620, 0.69110, 0.68470, 0.68650
0.68650, 0.68650, 0.68150, 0.68320
0.68320, 0.68870, 0.68110, 0.68790
0.68790, 0.69470, 0.68680, 0.69200
0.69120, 0.69620, 0.69120, 0.69200
0.69170, 0.69340, 0.68660, 0.68800
0.68780, 0.68930, 0.68120, 0.68290
0.68270, 0.68630, 0.68100, 0.68470
0.68440, 0.68540, 0.67410, 0.67470
0.67440, 0.67700, 0.67160, 0.67280
0.67310, 0.68210, 0.67200, 0.68170
0.68140, 0.68290, 0.67460, 0.67580
0.67590, 0.67690, 0.67170, 0.67350
0.67330, 0.68080, 0.67310, 0.67920
0.67910, 0.68200, 0.67290, 0.67310
0.67370, 0.67650, 0.67030, 0.67270
0.67240, 0.67930, 0.66840, 0.67650
0.67740, 0.67830, 0.67080, 0.67330
0.67380, 0.67680, 0.67260, 0.67410
0.67540, 0.67540, 0.66890, 0.66980
0.67010, 0.67240, 0.66930, 0.67110
0.67150, 0.67170, 0.66690, 0.66890
0.66870, 0.67410, 0.66800, 0.67190
0.67230, 0.67950, 0.67150, 0.67690
0.67690, 0.67810, 0.67440, 0.67770
0.67640, 0.67860, 0.67120, 0.67320
0.67440, 0.67890, 0.67210, 0.67510
0.67490, 0.67710, 0.66920, 0.66990
0.67000, 0.67280, 0.66920, 0.67040
0.67060, 0.67420, 0.66340, 0.67370
0.67370, 0.67620, 0.67220, 0.67410
0.67370, 0.67430, 0.65910, 0.65970
0.65940, 0.66070, 0.65520, 0.65660
0.65640, 0.66050, 0.65350, 0.65910
0.65890, 0.66440, 0.65820, 0.65920
0.65910, 0.66830, 0.65720, 0.66710
0.66650, 0.67400, 0.66450, 0.67360
0.67350, 0.67570, 0.66900, 0.67050
0.67040, 0.67890, 0.66990, 0.67850
0.67850, 0.68420, 0.67770, 0.67860
0.67880, 0.68670, 0.67700, 0.68520
0.68580, 0.68660, 0.67670, 0.67690
0.67720, 0.68140, 0.67530, 0.67840
0.67900, 0.68180, 0.67470, 0.68040
0.68020, 0.68240, 0.67770, 0.68080
0.68090, 0.68290, 0.67530, 0.67850
0.67800, 0.68430, 0.67730, 0.68320
0.68260, 0.68370, 0.67970, 0.68170
0.68180, 0.68290, 0.67800, 0.68240
0.68240, 0.68570, 0.68160, 0.68360
0.68430, 0.68530, 0.67560, 0.67750
0.67750, 0.68110, 0.66720, 0.67810
0.67800, 0.68080, 0.67670, 0.67850
0.67850, 0.67960, 0.67290, 0.67730
0.67680, 0.67760, 0.67050, 0.67350
0.67370, 0.67510, 0.67060, 0.67400
0.67400, 0.67800, 0.67320, 0.67760
0.67760, 0.67970, 0.67500, 0.67720
0.67740, 0.67800, 0.67120, 0.67230
0.67220, 0.67380, 0.66780, 0.67350
0.67350, 0.67700, 0.67200, 0.67470
0.67670, 0.68180, 0.67440, 0.67650
0.67670, 0.68150, 0.67460, 0.67980
0.67980, 0.68260, 0.67550, 0.67870
0.67880, 0.68080, 0.67480, 0.67550
0.67560, 0.67980, 0.67370, 0.67850
0.67860, 0.69180, 0.67820, 0.69110
0.69100, 0.70190, 0.69030, 0.69710
0.69730, 0.70280, 0.69500, 0.69670
0.69690, 0.69800, 0.69090, 0.69180
0.69210, 0.70080, 0.68930, 0.69620
0.69620, 0.70020, 0.69480, 0.69690
0.69720, 0.70170, 0.69350, 0.70110
0.70140, 0.70190, 0.69190, 0.69400
0.69480, 0.70250, 0.69350, 0.70180
0.70330, 0.71710, 0.70080, 0.71340
0.71410, 0.72150, 0.71260, 0.71910
0.71920, 0.71960, 0.71090, 0.71150
0.71230, 0.72390, 0.70880, 0.72170
0.72160, 0.72190, 0.71390, 0.71500
0.71410, 0.72550, 0.71120, 0.72430
0.72460, 0.73890, 0.72400, 0.73740
0.73750, 0.74920, 0.73190, 0.74670
0.74700, 0.75860, 0.74200, 0.75500
0.75490, 0.76140, 0.74150, 0.74740
0.74580, 0.74900, 0.73960, 0.74000
0.73980, 0.75450, 0.73900, 0.75270
0.75320, 0.75430, 0.74250, 0.74490
0.74590, 0.75090, 0.74030, 0.74820
0.75000, 0.75810, 0.74780, 0.75370
0.75350, 0.76780, 0.75150, 0.76290
0.76390, 0.76920, 0.76000, 0.76240
0.76250, 0.77570, 0.75950, 0.77570
0.77690, 0.79110, 0.77560, 0.77870
0.77910, 0.79290, 0.77450, 0.79170
0.79170, 0.79820, 0.78230, 0.78940
0.78840, 0.80380, 0.78670, 0.80270
0.79860, 0.80980, 0.78750, 0.79150
0.79170, 0.80500, 0.78510, 0.78720
0.78660, 0.79470, 0.77650, 0.78200
0.78210, 0.79420, 0.78150, 0.79230
0.79200, 0.79870, 0.78770, 0.79560
0.79660, 0.80350, 0.79250, 0.79600
0.79640, 0.79840, 0.78340, 0.78440
0.78900, 0.80080, 0.78430, 0.80040
0.80160, 0.80340, 0.78700, 0.78920
0.78990, 0.79550, 0.78480, 0.78960
0.79120, 0.79500, 0.78910, 0.79150
0.79100, 0.80020, 0.78700, 0.79210
0.79180, 0.80170, 0.79010, 0.80130
0.80210, 0.80260, 0.79070, 0.79280
0.79250, 0.79750, 0.78400, 0.78880
0.78860, 0.79320, 0.78450, 0.78780
0.78850, 0.79460, 0.78100, 0.78110
0.78080, 0.79920, 0.77900, 0.78700
0.78730, 0.79890, 0.78590, 0.79850
0.79880, 0.80760, 0.79390, 0.80570
0.80560, 0.81870, 0.80540, 0.80760
0.80560, 0.80780, 0.79120, 0.79310
0.79440, 0.80080, 0.78480, 0.78940
0.79030, 0.79790, 0.78840, 0.79220
0.79340, 0.80230, 0.77530, 0.77740
0.77280, 0.80710, 0.77010, 0.78600
0.79150, 0.79840, 0.77350, 0.77590
0.77470, 0.81940, 0.76930, 0.79320
0.79430, 0.81240, 0.78080, 0.79180
0.79220, 0.81930, 0.78410, 0.81270
0.81040, 0.86630, 0.81010, 0.85490
0.85530, 0.85690, 0.83330, 0.84330
0.84340, 0.85690, 0.82350, 0.82540
0.82730, 0.87250, 0.82420, 0.86560
0.86380, 0.89980, 0.85770, 0.89430
0.89370, 0.95550, 0.88850, 0.93130
0.93190, 0.96190, 0.92080, 0.96120
0.95910, 0.98030, 0.94340, 0.95660
0.95650, 0.96320, 0.88370, 0.88790
0.89020, 0.91270, 0.88430, 0.90010
0.89920, 0.94730, 0.89620, 0.94020
0.94400, 0.95190, 0.88020, 0.88100
0.88230, 0.99810, 0.86620, 0.87490
0.87660, 0.90730, 0.86360, 0.89590
0.89940, 0.90100, 0.87720, 0.88850
0.88840, 0.89800, 0.87270, 0.88500
0.88500, 0.90120, 0.88100, 0.89730
0.89800, 0.93200, 0.89510, 0.92330
0.92310, 0.94910, 0.91450, 0.93860
0.93810, 0.94300, 0.91570, 0.92780
0.92840, 0.93400, 0.90400, 0.90820
0.90960, 0.91150, 0.89530, 0.89820
0.90080, 0.90210, 0.87860, 0.88130
0.88240, 0.90820, 0.87940, 0.90200
0.90270, 0.90560, 0.88810, 0.88910
0.88960, 0.89750, 0.87630, 0.89530
0.89620, 0.90370, 0.88790, 0.88880
0.88870, 0.88930, 0.87220, 0.87850
0.88090, 0.88220, 0.86520, 0.87440
0.87360, 0.88680, 0.85760, 0.87370
0.87540, 0.87960, 0.84810, 0.85210
0.85160, 0.86050, 0.84180, 0.84510
0.84510, 0.85990, 0.84000, 0.85050
0.85060, 0.86290, 0.84360, 0.85580
0.85510, 0.86720, 0.85360, 0.85940
0.86050, 0.86990, 0.85500, 0.86320
0.86360, 0.86920, 0.85720, 0.86460
0.86330, 0.86860, 0.85020, 0.85290
0.85340, 0.85940, 0.84550, 0.85000
0.85020, 0.86550, 0.84920, 0.85850
0.85950, 0.87000, 0.85230, 0.86750
0.86840, 0.88390, 0.86580, 0.87900
0.87900, 0.88350, 0.87050, 0.87200
0.87260, 0.88280, 0.87170, 0.87460
0.87540, 0.90580, 0.87400, 0.90400
0.90650, 0.92190, 0.89830, 0.92070
0.92070, 0.93010, 0.90770, 0.91400
0.91620, 0.92980, 0.91390, 0.92960
0.92920, 0.94110, 0.90930, 0.91110
0.91090, 0.92160, 0.89970, 0.92010
0.92040, 0.92400, 0.89110, 0.89360
0.89700, 0.90610, 0.89190, 0.89370
0.89310, 0.90650, 0.88970, 0.89360
0.89370, 0.90190, 0.88330, 0.90050
0.90010, 0.91340, 0.89780, 0.90820
0.90790, 0.91540, 0.89910, 0.90160
0.90150, 0.90950, 0.89810, 0.89850
0.89870, 0.90490, 0.88510, 0.88700
0.88690, 0.90410, 0.88610, 0.90070
0.90020, 0.90550, 0.88540, 0.88630
0.88780, 0.90270, 0.88540, 0.89920
0.89890, 0.90280, 0.88090, 0.88430
0.88430, 0.88430, 0.86500, 0.87720
0.87920, 0.87950, 0.86020, 0.86670
0.86680, 0.87700, 0.86680, 0.87440
0.87590, 0.88410, 0.86570, 0.86800
0.86790, 0.88040, 0.86610, 0.87950
0.88090, 0.89730, 0.87490, 0.89430
0.89420, 0.91500, 0.89420, 0.89990
0.90070, 0.91330, 0.89940, 0.90530
0.90780, 0.91300, 0.89150, 0.90110
0.90090, 0.90450, 0.88870, 0.89990
0.90250, 0.90300, 0.88420, 0.88770
0.88770, 0.88770, 0.87050, 0.87810
0.87810, 0.88650, 0.87450, 0.87870
0.88120, 0.88440, 0.86070, 0.87030
0.87010, 0.87340, 0.86030, 0.87040
0.87050, 0.88080, 0.84280, 0.86110
0.86760, 0.87500, 0.84450, 0.84990
0.84980, 0.87730, 0.84910, 0.86930
0.86920, 0.86920, 0.84220, 0.84870
0.84870, 0.85230, 0.82510, 0.82770
0.82780, 0.83360, 0.82100, 0.83230
0.83230, 0.83820, 0.82610, 0.83560
0.83550, 0.83840, 0.81800, 0.82120
0.82120, 0.82990, 0.80670, 0.82550
0.82560, 0.83980, 0.82490, 0.83910
0.83900, 0.84610, 0.83160, 0.84480
0.84470, 0.85320, 0.83170, 0.83680
0.83580, 0.84160, 0.83030, 0.83180
0.83050, 0.83380, 0.82540, 0.83280
0.83200, 0.83630, 0.81740, 0.81790
0.81710, 0.82830, 0.81710, 0.81820
0.81740, 0.82360, 0.81410, 0.82160
0.82150, 0.83500, 0.81610, 0.83440
0.83470, 0.83900, 0.82020, 0.82560
0.82680, 0.84030, 0.82680, 0.83460
0.83420, 0.85780, 0.83290, 0.85230
0.85150, 0.87180, 0.84660, 0.87160
0.87320, 0.88050, 0.86260, 0.87300
0.87660, 0.88400, 0.86980, 0.87400
0.87530, 0.89080, 0.87050, 0.88950
0.89060, 0.89410, 0.86690, 0.86940
0.87000, 0.88170, 0.86520, 0.86700
0.86740, 0.86910, 0.84490, 0.84950
0.84840, 0.85690, 0.84530, 0.85520
0.85800, 0.85950, 0.84200, 0.84870
0.85140, 0.85250, 0.83340, 0.84970
0.84860, 0.85100, 0.83560, 0.83670
0.83520, 0.85530, 0.83460, 0.84860
0.84940, 0.85250, 0.84460, 0.84910
0.84900, 0.86480, 0.84780, 0.85650
0.85690, 0.86450, 0.82980, 0.83000
0.82930, 0.84980, 0.82850, 0.84330
0.84350, 0.85280, 0.83310, 0.85080
0.85190, 0.86720, 0.84920, 0.85760
0.85650, 0.86190, 0.84230, 0.84310
0.84180, 0.85290, 0.83890, 0.84630
0.84480, 0.84600, 0.83560, 0.84230
0.84240, 0.85940, 0.83830, 0.85310
0.85330, 0.86070, 0.84600, 0.85970
0.85920, 0.86560, 0.85340, 0.86440
0.86820, 0.87610, 0.86250, 0.87340
0.87440, 0.88110, 0.86540, 0.87800
0.87730, 0.88530, 0.87520, 0.88330
0.88300, 0.88440, 0.87140, 0.88350
0.88380, 0.89230, 0.87920, 0.88350
0.88370, 0.88780, 0.87400, 0.88150
0.88130, 0.89370, 0.87950, 0.88580
0.88650, 0.90420, 0.87410, 0.87440
0.87810, 0.88170, 0.86730, 0.87140
0.86880, 0.88450, 0.86820, 0.87220
0.87030, 0.87520, 0.86100, 0.86670
0.86780, 0.89230, 0.86550, 0.89040
0.89020, 0.89760, 0.88280, 0.88370
0.88160, 0.88550, 0.87200, 0.88320
0.88330, 0.89530, 0.87900, 0.88880
0.88880, 0.90830, 0.88580, 0.90390
0.90430, 0.90670, 0.88640, 0.88780
0.88660, 0.88910, 0.87450, 0.87680
0.87570, 0.88540, 0.87050, 0.88070
0.88040, 0.88830, 0.87340, 0.87620
0.87530, 0.88040, 0.86420, 0.87100
0.87520, 0.88860, 0.86620, 0.87490
0.87650, 0.89130, 0.86530, 0.87410
0.87310, 0.88670, 0.86960, 0.88560
0.88660, 0.88840, 0.87470, 0.87610
0.87650, 0.88420, 0.85940, 0.85980
0.85750, 0.87900, 0.85290, 0.87350
0.87020, 0.87950, 0.86700, 0.87310
0.87310, 0.87460, 0.85790, 0.85870
0.85820, 0.87330, 0.85300, 0.85940
0.86040, 0.87860, 0.86020, 0.87710
0.87580, 0.87960, 0.86690, 0.87060
0.86870, 0.88300, 0.86720, 0.87690
0.87650, 0.87840, 0.85480, 0.86010
0.86040, 0.86100, 0.84850, 0.85530
0.85810, 0.86020, 0.85180, 0.85570
0.85510, 0.86650, 0.85450, 0.85700
0.86010, 0.86180, 0.85200, 0.85860
0.85870, 0.86130, 0.84950, 0.85410
0.85460, 0.85540, 0.83730, 0.83900
0.83880, 0.84170, 0.83020, 0.83660
0.83580, 0.84210, 0.83280, 0.83320
0.83490, 0.83720, 0.82380, 0.82430
0.82290, 0.83760, 0.82210, 0.82750
0.82680, 0.83780, 0.82540, 0.83020
0.82770, 0.84090, 0.82770, 0.84040
0.84000, 0.84060, 0.82760, 0.83180
0.82930, 0.84060, 0.82640, 0.83740
0.83700, 0.84020, 0.82770, 0.83020
0.83160, 0.85060, 0.83100, 0.84670
0.84730, 0.84900, 0.83130, 0.83330
0.83280, 0.83980, 0.83180, 0.83710
0.83620, 0.84230, 0.82930, 0.83140
0.83150, 0.83710, 0.82830, 0.83600
0.83580, 0.83950, 0.83250, 0.83270
0.83340, 0.83570, 0.82350, 0.82450
0.82440, 0.82770, 0.82260, 0.82500
0.82390, 0.82680, 0.81610, 0.81960
0.81760, 0.82210, 0.81330, 0.81470
0.81330, 0.81980, 0.80950, 0.80990
0.80630, 0.80790, 0.79950, 0.80370
0.80280, 0.80800, 0.79500, 0.80750
0.80770, 0.81020, 0.79790, 0.79910
0.80120, 0.80950, 0.79710, 0.80920
0.80810, 0.81400, 0.80500, 0.80880
0.81470, 0.81570, 0.80120, 0.80410
0.80800, 0.81090, 0.80220, 0.80600
0.80560, 0.80940, 0.79840, 0.80630
0.80750, 0.80770, 0.79260, 0.79310
0.79210, 0.79480, 0.78560, 0.78620
0.78750, 0.78770, 0.77710, 0.77790
0.77540, 0.78730, 0.77540, 0.78210
0.78130, 0.79240, 0.77900, 0.79160
0.79360, 0.79630, 0.78280, 0.78300
0.78390, 0.78840, 0.78120, 0.78560
0.78610, 0.79330, 0.78320, 0.79120
0.79100, 0.79560, 0.79010, 0.79280
0.79140, 0.80070, 0.78860, 0.80040
0.79960, 0.81150, 0.79660, 0.80950
0.80880, 0.81010, 0.79750, 0.79940
0.79910, 0.79970, 0.79230, 0.79540
0.79570, 0.80800, 0.79420, 0.80780
0.80720, 0.80990, 0.80220, 0.80580
0.80540, 0.81460, 0.80390, 0.81340
0.81320, 0.81640, 0.80010, 0.80340
0.80350, 0.80750, 0.79960, 0.80080
0.80030, 0.80310, 0.79600, 0.79930
0.79910, 0.80650, 0.79690, 0.80190
0.80230, 0.81080, 0.80050, 0.80890
0.80860, 0.81320, 0.80590, 0.81070
0.81040, 0.81470, 0.80440, 0.80580
0.80360, 0.81450, 0.80350, 0.81350
0.81430, 0.81680, 0.81120, 0.81500
0.81530, 0.82250, 0.81490, 0.81750
0.81670, 0.81870, 0.80850, 0.81300
0.81340, 0.82870, 0.81050, 0.82680
0.82810, 0.83960, 0.82650, 0.83860
0.83960, 0.85360, 0.83630, 0.85180
0.85420, 0.87170, 0.85260, 0.86890
0.86960, 0.87030, 0.84460, 0.84570
0.84590, 0.86840, 0.84560, 0.86090
0.86070, 0.87640, 0.86000, 0.86980
0.87650, 0.88150, 0.85750, 0.86550
0.86480, 0.87430, 0.85880, 0.87040
0.87080, 0.87940, 0.86020, 0.86480
0.85390, 0.86010, 0.84840, 0.85250
0.85090, 0.85610, 0.84150, 0.84240
0.84230, 0.85210, 0.84110, 0.84670
0.84700, 0.85600, 0.84620, 0.85410
0.85450, 0.86370, 0.85030, 0.85640
0.85840, 0.85900, 0.83970, 0.84170
0.84270, 0.84980, 0.84040, 0.84200
0.84230, 0.84890, 0.84000, 0.84510
0.84460, 0.85160, 0.84200, 0.84610
0.84550, 0.85970, 0.84400, 0.85400
0.85460, 0.85980, 0.85280, 0.85480
0.85430, 0.85590, 0.84760, 0.84900
0.84990, 0.85510, 0.84680, 0.84920
0.84850, 0.85900, 0.84740, 0.85040
0.85140, 0.85900, 0.84680, 0.85480
0.85540, 0.86320, 0.84810, 0.86170
0.86110, 0.86930, 0.85740, 0.86420
0.86490, 0.87110, 0.85890, 0.86000
0.86020, 0.86440, 0.85810, 0.86280
0.86340, 0.87690, 0.86210, 0.86860
0.86800, 0.87300, 0.85780, 0.86020
0.85990, 0.86100, 0.85040, 0.85280
0.85360, 0.86030, 0.85090, 0.85930
0.85960, 0.86520, 0.85190, 0.85220
0.85060, 0.85200, 0.83910, 0.84280
0.84250, 0.84530, 0.83560, 0.83770
0.83830, 0.84590, 0.83520, 0.84490
0.84630, 0.84630, 0.83610, 0.83770
0.83570, 0.84760, 0.83320, 0.84660
0.84640, 0.85090, 0.84240, 0.84860
0.84880, 0.84960, 0.84280, 0.84630
0.84610, 0.85550, 0.84500, 0.85380
0.85350, 0.85850, 0.84440, 0.84650
0.84690, 0.84770, 0.83000, 0.83450
0.83460, 0.84630, 0.83380, 0.83720
0.83690, 0.84150, 0.83160, 0.83540
0.83510, 0.83900, 0.82980, 0.83040
0.83010, 0.83880, 0.82520, 0.83840
0.83900, 0.84400, 0.83500, 0.84310
0.84250, 0.84660, 0.83300, 0.83710
0.83670, 0.83920, 0.83290, 0.83420
0.83480, 0.83740, 0.82690, 0.82760
0.82880, 0.83310, 0.82300, 0.82930
0.82970, 0.83480, 0.82330, 0.82450
0.82430, 0.83000, 0.81670, 0.82970
0.82880, 0.83060, 0.81870, 0.82060
0.82060, 0.83490, 0.82030, 0.83100
0.83020, 0.83360, 0.81750, 0.81760
0.81750, 0.82680, 0.81580, 0.82680
0.82590, 0.82860, 0.81900, 0.82430
0.82320, 0.83010, 0.82030, 0.83000
0.82970, 0.83800, 0.82910, 0.83570
0.83590, 0.84000, 0.83280, 0.83660
0.83740, 0.83930, 0.82450, 0.82650
0.82640, 0.83140, 0.82490, 0.82660
0.82650, 0.83090, 0.82300, 0.82990
0.82800, 0.82840, 0.82150, 0.82290
0.82240, 0.82450, 0.81970, 0.82340
0.82370, 0.82580, 0.81960, 0.82220
0.82240, 0.82480, 0.81600, 0.81660
0.81660, 0.81830, 0.81260, 0.81440
0.81450, 0.81570, 0.80810, 0.80980
0.80900, 0.81520, 0.80840, 0.81360
0.81320, 0.81490, 0.80640, 0.81200
0.81180, 0.81220, 0.79720, 0.79830
0.79760, 0.80240, 0.79580, 0.79930
0.79880, 0.80330, 0.79760, 0.80130
0.80100, 0.80270, 0.79190, 0.79220
0.79210, 0.79680, 0.79140, 0.79470
0.79470, 0.79800, 0.78880, 0.79160
0.79160, 0.79390, 0.78730, 0.79110
0.79110, 0.79840, 0.79030, 0.79820
0.79790, 0.79970, 0.79150, 0.79940
0.79920, 0.80350, 0.79200, 0.80270
0.80110, 0.80270, 0.79690, 0.79900
0.79730, 0.79800, 0.79100, 0.79120
0.79130, 0.79950, 0.78910, 0.79330
0.80080, 0.80650, 0.79410, 0.79700
0.79690, 0.80090, 0.78100, 0.78770
0.78700, 0.78880, 0.77840, 0.78080
0.78130, 0.78600, 0.77650, 0.78390
0.78390, 0.78990, 0.78280, 0.78550
0.78590, 0.80460, 0.78530, 0.79300
0.79190, 0.79410, 0.78700, 0.78760
0.78780, 0.79130, 0.78230, 0.78300
0.78330, 0.78630, 0.77980, 0.78470
0.78520, 0.79990, 0.78010, 0.79930
0.79900, 0.80380, 0.79060, 0.79130
0.79060, 0.79700, 0.78960, 0.79550
0.79600, 0.79760, 0.78320, 0.78830
0.78880, 0.79530, 0.78440, 0.79270
0.79320, 0.80060, 0.78130, 0.78270
0.78220, 0.78670, 0.78200, 0.78270
0.78260, 0.78530, 0.77440, 0.78300
0.78430, 0.78740, 0.77830, 0.78140
0.78100, 0.78300, 0.75950, 0.76340
0.76370, 0.77140, 0.74270, 0.74720
0.74320, 0.75360, 0.74050, 0.74960
0.74930, 0.75910, 0.74180, 0.74200
0.74210, 0.74580, 0.73710, 0.73980
0.73890, 0.74430, 0.73390, 0.73880
0.74000, 0.74050, 0.72450, 0.72520
0.72480, 0.73010, 0.71810, 0.72110
0.72030, 0.72190, 0.70130, 0.71180
0.71150, 0.72940, 0.71030, 0.72370
0.72550, 0.73840, 0.72280, 0.73200
0.73120, 0.73790, 0.72220, 0.73510
0.73510, 0.73780, 0.72230, 0.72450
0.72400, 0.72700, 0.71630, 0.72220
0.72310, 0.72350, 0.71160, 0.71580
0.71570, 0.74190, 0.71310, 0.73960
0.73960, 0.74820, 0.72240, 0.72600
0.72490, 0.72820, 0.71220, 0.72780
0.72720, 0.72830, 0.70890, 0.71080
0.71110, 0.72010, 0.70550, 0.71890
0.71800, 0.73850, 0.71450, 0.72780
0.72710, 0.73880, 0.71950, 0.72390
0.72110, 0.72500, 0.71240, 0.71460
0.71640, 0.72100, 0.70740, 0.70880
0.70090, 0.71670, 0.69870, 0.71360
0.70700, 0.72230, 0.70540, 0.71870
0.71560, 0.72010, 0.69350, 0.69380
0.69440, 0.71020, 0.69370, 0.70760
0.70780, 0.71600, 0.69840, 0.70300
0.70200, 0.70940, 0.69500, 0.70760
0.70760, 0.71690, 0.70380, 0.71010
0.71020, 0.72590, 0.70250, 0.72540
0.72550, 0.74220, 0.72470, 0.72640
0.72480, 0.73940, 0.72470, 0.73450
0.73530, 0.73560, 0.72390, 0.73470
0.73430, 0.73580, 0.72620, 0.72770
0.72680, 0.74100, 0.71960, 0.73750
0.73650, 0.74420, 0.73350, 0.73840
0.73860, 0.74290, 0.73320, 0.74120
0.74200, 0.74920, 0.73370, 0.73500
0.73590, 0.73720, 0.71680, 0.71940
0.71910, 0.72490, 0.71230, 0.71320
0.71430, 0.71960, 0.70410, 0.71370
0.71300, 0.71530, 0.70400, 0.70690
0.70460, 0.70780, 0.69810, 0.70070
0.70090, 0.70790, 0.69910, 0.70460
0.70400, 0.72500, 0.70060, 0.71970
0.71900, 0.72780, 0.71630, 0.72180
0.72160, 0.73060, 0.72060, 0.72960
0.72890, 0.74150, 0.72780, 0.73340
0.73590, 0.74080, 0.73290, 0.73640
0.73770, 0.75260, 0.73110, 0.75240
0.75170, 0.76940, 0.74420, 0.76540
0.76670, 0.77550, 0.75250, 0.75670
0.75620, 0.76650, 0.75490, 0.76030
0.76050, 0.77170, 0.75250, 0.76940
0.76900, 0.78970, 0.76600, 0.77580
0.77530, 0.78440, 0.76950, 0.77260
0.77870, 0.79280, 0.77680, 0.78780
0.78740, 0.78970, 0.76900, 0.77320
0.77300, 0.78470, 0.76520, 0.77510
0.77540, 0.79110, 0.77350, 0.77830
0.77930, 0.79460, 0.77900, 0.79040
0.79010, 0.80190, 0.78300, 0.80070
0.80150, 0.81160, 0.79590, 0.80660
0.80850, 0.80890, 0.79250, 0.79430
0.79600, 0.79930, 0.77810, 0.77920
0.77570, 0.78420, 0.77340, 0.78350
0.78490, 0.79460, 0.78210, 0.79020
0.79040, 0.79270, 0.78450, 0.78740
0.78790, 0.78930, 0.76480, 0.77380
0.77280, 0.77530, 0.75640, 0.76010
0.76040, 0.78350, 0.75720, 0.78280
0.78480, 0.79310, 0.77510, 0.78880
0.78860, 0.79940, 0.78410, 0.78510
0.78320, 0.83150, 0.76000, 0.81210
0.81950, 0.84050, 0.81820, 0.83900
0.83930, 0.86270, 0.83520, 0.85300
0.85350, 0.85780, 0.82490, 0.83710
0.83730, 0.84260, 0.82990, 0.83700
0.83510, 0.84770, 0.83370, 0.84490
0.84400, 0.85040, 0.83430, 0.84830
0.84760, 0.86520, 0.84680, 0.86410
0.86390, 0.87240, 0.85900, 0.86590
0.86620, 0.86650, 0.84840, 0.85240
0.85220, 0.85510, 0.83750, 0.83900
0.83840, 0.84940, 0.83320, 0.84620
0.84680, 0.85810, 0.84190, 0.85800
0.85770, 0.86790, 0.85340, 0.86590
0.86570, 0.87160, 0.85890, 0.86620
0.86620, 0.96033, 0.86620, 0.90041
0.90075, 0.91414, 0.89665, 0.89993
0.90240, 0.90577, 0.88803, 0.88962
0.88983, 0.90184, 0.88841, 0.90101
0.90138, 0.90487, 0.88569, 0.88916
0.88714, 0.90246, 0.85666, 0.86089
0.86088, 0.87069, 0.85264, 0.85715
0.85670, 0.86383, 0.84575, 0.84778
0.84963, 0.85780, 0.83690, 0.83740
0.83644, 0.85715, 0.83045, 0.83922
0.83728, 0.84286, 0.83308, 0.83669
0.83553, 0.85388, 0.83549, 0.85059
0.85127, 0.86615, 0.84893, 0.85114
0.85173, 0.85892, 0.84499, 0.85721
0.85942, 0.87675, 0.85738, 0.87189
0.88312, 0.88518, 0.86095, 0.86443
0.86471, 0.86631, 0.84701, 0.85228
0.85169, 0.86418, 0.84892, 0.86352
0.86395, 0.86438, 0.84936, 0.85174
0.85065, 0.85916, 0.84558, 0.85500
0.85454, 0.85548, 0.84024, 0.84681
0.84657, 0.86407, 0.84627, 0.86354
0.86308, 0.87829, 0.86240, 0.87684
0.87785, 0.87871, 0.86594, 0.86600
0.86681, 0.87264, 0.86048, 0.86544
0.86731, 0.87348, 0.84829, 0.84843
0.84991, 0.85904, 0.84854, 0.85512
0.85489, 0.85543, 0.84663, 0.84692
0.84679, 0.85119, 0.83128, 0.83695
0.84979, 0.85307, 0.84049, 0.84120
0.84314, 0.85086, 0.84147, 0.84621
0.84847, 0.84885, 0.83837, 0.84812
0.84838, 0.86148, 0.84575, 0.85933
0.86125, 0.87506, 0.85997, 0.87211
0.87223, 0.87673, 0.86555, 0.87482
0.87624, 0.88590, 0.86315, 0.87830
0.88123, 0.88661, 0.87191, 0.87600
0.87795, 0.88454, 0.87340, 0.87973
0.87905, 0.88800, 0.87618, 0.87657
0.87767, 0.88604, 0.87564, 0.88475
0.88431, 0.89489, 0.87429, 0.87507
0.87563, 0.89946, 0.87444, 0.89733
0.89738, 0.89839, 0.88909, 0.89428
0.89384, 0.90544, 0.89223, 0.90288
0.90219, 0.91185, 0.90075, 0.90843
0.90768, 0.91491, 0.90507, 0.91318
0.91355, 0.92698, 0.91109, 0.92555
0.92355, 0.93061, 0.91492, 0.91542
0.91674, 0.92254, 0.91087, 0.91182
0.91144, 0.91212, 0.87732, 0.87882
0.87900, 0.88985, 0.87778, 0.88516
0.88190, 0.88411, 0.87454, 0.88156
0.88163, 0.89916, 0.88004, 0.89759
0.89473, 0.90322, 0.88752, 0.88942
0.88782, 0.90218, 0.88550, 0.89280
0.89224, 0.89745, 0.88251, 0.88407
0.88376, 0.89376, 0.87322, 0.88757
0.88833, 0.88876, 0.87908, 0.88409
0.88542, 0.90138, 0.88438, 0.89172
0.89170, 0.89612, 0.88411, 0.89332
0.89464, 0.89810, 0.87756, 0.88258
0.88141, 0.88667, 0.86889, 0.87947
0.87867, 0.88587, 0.87601, 0.88173
0.88158, 0.88894, 0.87916, 0.88755
0.88755, 0.88935, 0.88530, 0.88773
0.88921, 0.89239, 0.88474, 0.88666
0.88673, 0.89277, 0.88081, 0.88812
0.88822, 0.89092, 0.88010, 0.88155
0.88273, 0.88318, 0.86862, 0.87746
0.87831, 0.88326, 0.87155, 0.88190
0.88155, 0.89098, 0.87315, 0.88604
0.88626, 0.89188, 0.88388, 0.88392
0.88430, 0.88690, 0.87858, 0.87978
0.87836, 0.89506, 0.87710, 0.89238
0.89296, 0.89671, 0.88740, 0.88813
0.88869, 0.88960, 0.88092, 0.88098
0.88139, 0.88156, 0.86667, 0.87388
0.87304, 0.87974, 0.87166, 0.87792
0.87641, 0.87840, 0.87009, 0.87155
0.87134, 0.87396, 0.86278, 0.86578
0.86496, 0.87904, 0.86206, 0.87728
0.87613, 0.88034, 0.86800, 0.88005
0.88009, 0.88420, 0.87602, 0.88386
0.88246, 0.88397, 0.87268, 0.88136
0.88102, 0.88265, 0.87121, 0.87378
0.87401, 0.87961, 0.87248, 0.87610
0.87709, 0.88092, 0.86975, 0.87339
0.87340, 0.88377, 0.87235, 0.87767
0.87713, 0.88318, 0.87177, 0.87360
0.87309, 0.88053, 0.87254, 0.87863
0.87971, 0.88907, 0.87807, 0.88447
0.88496, 0.88687, 0.87995, 0.88359
0.88125, 0.89015, 0.88113, 0.88264
0.88311, 0.89577, 0.88162, 0.89232
0.89334, 0.89362, 0.88648, 0.88947
0.88867, 0.89355, 0.88548, 0.88945
0.88929, 0.90304, 0.88819, 0.89284
0.89208, 0.89775, 0.88961, 0.89695
0.89576, 0.90521, 0.89392, 0.90434
0.90412, 0.90983, 0.89377, 0.89517
0.89721, 0.90519, 0.89129, 0.89412
0.89312, 0.89572, 0.88763, 0.88915
0.88891, 0.89956, 0.88476, 0.89801
0.89766, 0.89881, 0.88727, 0.89040
0.89017, 0.89175, 0.87767, 0.87814
0.87766, 0.88070, 0.87231, 0.87868
0.88160, 0.88328, 0.87523, 0.88105
0.88046, 0.88962, 0.87983, 0.88878
0.88852, 0.89393, 0.87567, 0.87796
0.87401, 0.87719, 0.86900, 0.87347
0.87620, 0.89044, 0.86555, 0.88963
0.88801, 0.89319, 0.88358, 0.88382
0.88338, 0.89246, 0.88101, 0.88705
0.88903, 0.89676, 0.88630, 0.89469
0.89638, 0.90871, 0.89519, 0.89807
0.89638, 0.90545, 0.89626, 0.89954
0.89836, 0.90609, 0.89651, 0.90045
0.89986, 0.91048, 0.89270, 0.89550
0.89468, 0.90618, 0.89219, 0.89300
0.89128, 0.89849, 0.87564, 0.88247
0.88175, 0.88622, 0.86169, 0.86391
0.86431, 0.87930, 0.86352, 0.87570
0.87539, 0.88216, 0.87259, 0.87452
0.87445, 0.88398, 0.87379, 0.87589
0.87412, 0.87676, 0.86659, 0.86780
0.86703, 0.86995, 0.85290, 0.86013
0.85886, 0.86543, 0.85358, 0.86271
0.86491, 0.86757, 0.84722, 0.85116
0.85140, 0.87229, 0.85106, 0.85530
0.85488, 0.86492, 0.84833, 0.86045
0.86048, 0.86367, 0.85024, 0.86025
0.85939, 0.86568, 0.85902, 0.86441
0.86339, 0.86809, 0.86183, 0.86511
0.86435, 0.86817, 0.86220, 0.86265
0.86232, 0.86499, 0.84970, 0.85017
0.84918, 0.86484, 0.84879, 0.86361
0.86332, 0.87786, 0.86242, 0.87724
0.87627, 0.88501, 0.87243, 0.88137
0.88080, 0.88746, 0.87900, 0.88395
0.88387, 0.89017, 0.88247, 0.88934
0.88885, 0.89324, 0.88714, 0.89025
0.89049, 0.89745, 0.88724, 0.89190
0.89272, 0.89917, 0.89155, 0.89517
0.89368, 0.89898, 0.89207, 0.89562
0.89574, 0.90102, 0.89539, 0.89601
0.89574, 0.90509, 0.89549, 0.89704
0.89706, 0.90051, 0.88913, 0.89852
0.89882, 0.91899, 0.89800, 0.91295
0.91275, 0.93172, 0.91269, 0.93097
0.92835, 0.93242, 0.90901, 0.91314
0.91259, 0.91836, 0.90280, 0.90610
0.90823, 0.91232, 0.90157, 0.90357
0.90349, 0.91482, 0.89380, 0.89680
0.89781, 0.90146, 0.88547, 0.88565
0.88701, 0.89022, 0.87859, 0.88340
0.88273, 0.89048, 0.88032, 0.89018
0.88943, 0.89369, 0.88314, 0.88995
0.89132, 0.90192, 0.86948, 0.87209
0.87273, 0.88110, 0.85746, 0.86073
0.86164, 0.86764, 0.85764, 0.86299
0.86386, 0.86520, 0.85950, 0.86256
0.86353, 0.86575, 0.85851, 0.86220
0.86153, 0.86219, 0.85448, 0.85641
0.85455, 0.86051, 0.85214, 0.85849
0.85693, 0.85843, 0.84989, 0.85099
0.85337, 0.85745, 0.84110, 0.84172
0.84167, 0.85089, 0.82764, 0.83340
0.83316, 0.85567, 0.83012, 0.85139
0.85120, 0.85917, 0.85048, 0.85384
0.85297, 0.85565, 0.84538, 0.85283
0.85276, 0.85448, 0.84545, 0.85108
0.85214, 0.85958, 0.84871, 0.85233
0.85284, 0.85533, 0.83859, 0.84320
0.84284, 0.84873, 0.83871, 0.83997
0.84121, 0.85378, 0.84066, 0.84922
0.84849, 0.85044, 0.82955, 0.83001
0.83089, 0.84159, 0.82821, 0.83700
0.83577, 0.86418, 0.83383, 0.86012
0.86193, 0.87444, 0.85944, 0.86501
0.86681, 0.90465, 0.86563, 0.90382
0.90084, 0.94994, 0.89800, 0.91685
0.91628, 0.93875, 0.89041, 0.89344
0.89340, 0.89878, 0.87388, 0.88020
0.88242, 0.88629, 0.87246, 0.87724
0.87732, 0.87786, 0.86816, 0.86945
0.86875, 0.88632, 0.86859, 0.87501
0.87439, 0.87963, 0.86709, 0.87843
0.87785, 0.88141, 0.86904, 0.87365
0.87145, 0.89398, 0.87133, 0.89337
0.89264, 0.90001, 0.88940, 0.89587
0.89418, 0.90545, 0.88810, 0.89923
0.90078, 0.90161, 0.88665, 0.89122
0.88971, 0.90149, 0.88642, 0.89730
0.89695, 0.90723, 0.89116, 0.90482
0.90447, 0.90997, 0.90006, 0.90955
0.90797, 0.91752, 0.89955, 0.90078
0.90077, 0.90670, 0.89373, 0.89504
0.89374, 0.91343, 0.89374, 0.90901
0.90795, 0.91373, 0.90006, 0.91087
0.90929, 0.91476, 0.89801, 0.89981
0.89932, 0.90582, 0.89816, 0.90278
0.90174, 0.90526, 0.89688, 0.90484
0.90330, 0.90695, 0.89436, 0.90101
0.90005, 0.90437, 0.89080, 0.89150
0.89113, 0.89661, 0.88652, 0.89112
0.89278, 0.92910, 0.89139, 0.92549
0.92491, 0.92615, 0.90811, 0.91635
0.91505, 0.92196, 0.91121, 0.91233
0.90896, 0.91565, 0.90242, 0.90548
0.90549, 0.91612, 0.90492, 0.90661
0.90664, 0.91205, 0.90062, 0.90652
0.90749, 0.91480, 0.90107, 0.90895
0.90801, 0.91052, 0.89834, 0.89890
0.90054, 0.90679, 0.89444, 0.90291
0.90296, 0.90478, 0.88604, 0.89645
0.89682, 0.89946, 0.89144, 0.89217
0.89150, 0.89988, 0.88660, 0.89737
0.89690, 0.90836, 0.89279, 0.90202
0.90309, 0.92291, 0.89827, 0.91541
0.90783, 0.91480, 0.89812, 0.90590
0.91009, 0.92165, 0.89525, 0.89921
0.89864, 0.90923, 0.89419, 0.89523
0.89477, 0.90848, 0.89430, 0.90096
0.89988, 0.90363, 0.88653, 0.88857
0.88809, 0.89241, 0.88293, 0.88934
0.88825, 0.89041, 0.88117, 0.88571
0.88460, 0.88520, 0.87378, 0.87699
0.87698, 0.87965, 0.87431, 0.87456
0.87443, 0.87485, 0.86397, 0.86502
0.86404, 0.87302, 0.85379, 0.86672
0.86576, 0.86676, 0.85957, 0.86083
0.86174, 0.86194, 0.85478, 0.85836
0.85806, 0.86391, 0.85326, 0.85755
0.85833, 0.86448, 0.85343, 0.85485
0.85515, 0.85620, 0.84922, 0.84984
0.85028, 0.86967, 0.84713, 0.86820
0.86684, 0.87186, 0.86391, 0.86536
0.86524, 0.87175, 0.85880, 0.87105
0.87096, 0.87188, 0.86735, 0.86985
0.87078, 0.87090, 0.86230, 0.86933
0.86808, 0.86909, 0.85599, 0.86121
0.86043, 0.86427, 0.85813, 0.86049
0.85945, 0.86710, 0.85745, 0.85889
0.85929, 0.86449, 0.85643, 0.85909
0.85868, 0.86419, 0.85678, 0.85774
0.85823, 0.86280, 0.85413, 0.85957
0.85774, 0.86039, 0.85298, 0.85955
0.85897, 0.86151, 0.85631, 0.85733
0.85723, 0.86176, 0.85349, 0.85443
0.85429, 0.85794, 0.85027, 0.85744
0.85610, 0.86692, 0.85400, 0.85600
0.85485, 0.85728, 0.84990, 0.85348
0.85215, 0.85574, 0.84695, 0.84744
0.84679, 0.85177, 0.84496, 0.85032
0.85040, 0.85892, 0.84832, 0.85860
0.85759, 0.85930, 0.85421, 0.85728
0.85620, 0.86022, 0.85580, 0.85685
0.85614, 0.86130, 0.85196, 0.85370
0.85213, 0.85618, 0.85000, 0.85398
0.85339, 0.86120, 0.85286, 0.85711
0.85755, 0.86576, 0.85246, 0.85578
0.85471, 0.85725, 0.84738, 0.84973
0.84870, 0.85177, 0.84229, 0.84368
0.84198, 0.84682, 0.84184, 0.84600
0.84600, 0.84753, 0.84019, 0.84424
0.84461, 0.85944, 0.84407, 0.85687
0.85711, 0.85877, 0.85195, 0.85293
0.85242, 0.85368, 0.83828, 0.83883
0.83864, 0.84952, 0.83800, 0.84705
0.84740, 0.85499, 0.84453, 0.85430
0.85155, 0.85980, 0.84880, 0.85266
0.85317, 0.85524, 0.84527, 0.84866
0.84839, 0.85498, 0.84151, 0.84420
0.84380, 0.84543, 0.83674, 0.84103
0.83980, 0.84180, 0.83335, 0.83549
0.83564, 0.83616, 0.83229, 0.83418
0.83422, 0.83780, 0.83046, 0.83663
0.83652, 0.84219, 0.83045, 0.83196
0.83154, 0.84696, 0.82839, 0.84628
0.84589, 0.84774, 0.83588, 0.83656
0.83583, 0.84015, 0.83259, 0.83281
0.83298, 0.84058, 0.83055, 0.84041
0.83494, 0.83820, 0.82298, 0.82562
0.82624, 0.84353, 0.82022, 0.83687
0.83698, 0.84572, 0.83606, 0.83832
0.83838, 0.84157, 0.82949, 0.83298
0.83322, 0.85117, 0.83210, 0.84221
0.84221, 0.84302, 0.83068, 0.83419
0.83665, 0.83793, 0.82493, 0.82698
0.82712, 0.84147, 0.82701, 0.84117
0.84193, 0.84661, 0.83800, 0.83840
0.83858, 0.85909, 0.83664, 0.85452
0.85355, 0.86181, 0.84878, 0.84880
0.84870, 0.85332, 0.83925, 0.84507
0.84553, 0.85865, 0.84324, 0.84951
0.84915, 0.85832, 0.84863, 0.85810
0.85713, 0.85914, 0.84852, 0.85430
0.85263, 0.87204, 0.85106, 0.85883
0.85634, 0.86405, 0.85608, 0.85977
0.85870, 0.86782, 0.85502, 0.86194
0.86044, 0.86262, 0.84400, 0.84605
0.84556, 0.85131, 0.84024, 0.84989
0.84924, 0.85837, 0.84569, 0.85030
0.85035, 0.85240, 0.83451, 0.83922
0.83797, 0.84523, 0.83391, 0.84288
0.84265, 0.84919, 0.84095, 0.84503
0.84485, 0.85109, 0.83859, 0.84882
0.84734, 0.85022, 0.84075, 0.84878
0.84850, 0.86761, 0.84829, 0.86462
0.86436, 0.87113, 0.85659, 0.86687
0.86712, 0.87837, 0.86249, 0.87639
0.87613, 0.89342, 0.86903, 0.89318
0.89508, 0.92738, 0.87516, 0.87820
0.87564, 0.88302, 0.86483, 0.87821
0.87732, 0.88662, 0.86058, 0.86969
0.86649, 0.87798, 0.85784, 0.87319
0.86631, 0.87632, 0.85709, 0.85785
0.85787, 0.87843, 0.85717, 0.87542
0.87514, 0.88275, 0.86897, 0.87471
0.87479, 0.88221, 0.86770, 0.86806
0.86758, 0.86997, 0.85714, 0.85939
0.85912, 0.86748, 0.85466, 0.85739
0.85766, 0.86461, 0.85618, 0.85886
0.85856, 0.87711, 0.85604, 0.87117
0.87052, 0.88333, 0.86901, 0.88079
0.88006, 0.88766, 0.87913, 0.88469
0.88317, 0.88702, 0.87813, 0.87971
0.87970, 0.88967, 0.87681, 0.88521
0.88611, 0.88867, 0.87210, 0.87533
0.87556, 0.88512, 0.87535, 0.87644
0.87606, 0.89781, 0.87604, 0.89553
0.89579, 0.89632, 0.88232, 0.88549
0.88454, 0.89282, 0.88004, 0.88812
0.88810, 0.88910, 0.87831, 0.88313
0.88123, 0.88957, 0.87543, 0.88271
0.88266, 0.89246, 0.88196, 0.88415
0.88443, 0.88627, 0.87177, 0.87563
0.87509, 0.88648, 0.87274, 0.87964
0.88009, 0.88276, 0.87704, 0.87929
0.87871, 0.88060, 0.87285, 0.87729
0.87607, 0.88590, 0.87607, 0.88542
0.88453, 0.88635, 0.87909, 0.88298
0.88263, 0.88746, 0.87640, 0.87653
0.87681, 0.88343, 0.87122, 0.87221
0.87151, 0.87458, 0.86603, 0.87149
0.87067, 0.87200, 0.86678, 0.86791
0.86753, 0.87178, 0.86482, 0.86827
0.86813, 0.86939, 0.85668, 0.85971
0.85922, 0.86349, 0.85405, 0.85431
0.85399, 0.86121, 0.85209, 0.85326
0.85272, 0.86354, 0.85177, 0.85653
0.85690, 0.86574, 0.85421, 0.85937
0.85839, 0.86046, 0.85201, 0.85397
0.85345, 0.85835, 0.85033, 0.85762
0.85647, 0.87006, 0.85606, 0.86542
0.86481, 0.86585, 0.85436, 0.85745
0.85600, 0.86548, 0.85500, 0.86349
0.86248, 0.86684, 0.85888, 0.86217
0.86189, 0.86189, 0.86189, 0.86189