130.88300, 131.08800, 130.61700, 130.91800
130.84500, 131.29500, 129.97700, 130.28900
130.23600, 130.91900, 129.98300, 130.79200
130.79500, 131.19100, 130.23000, 131.10100
131.09500, 131.49700, 131.05200, 131.43800
131.45000, 131.62000, 131.08300, 131.33700
131.33100, 131.99300, 131.10100, 131.51900
131.53300, 132.61800, 131.41900, 132.45200
132.45200, 132.60900, 132.02700, 132.06700
132.04500, 132.33800, 131.80600, 132.32200
132.27300, 132.89800, 132.17100, 132.36700
132.54600, 132.97000, 132.11100, 132.60400
132.60200, 132.76900, 132.10500, 132.37400
132.32700, 132.90700, 132.32300, 132.69000
132.67700, 133.08800, 132.35200, 132.53200
132.53200, 132.97600, 132.04000, 132.25900
132.26100, 132.78400, 132.11000, 132.69600
132.70200, 133.48400, 132.61000, 133.10900
133.10200, 133.33500, 132.91300, 133.06900
133.06300, 133.25000, 132.28700, 132.29300
132.27700, 132.39200, 131.88300, 132.27900
132.20300, 132.53900, 131.86000, 132.06000
132.03700, 132.13300, 131.57100, 131.78200
131.79100, 132.11100, 131.25400, 131.29700
131.28800, 131.66800, 130.26600, 130.91200
130.90700, 130.94700, 129.89300, 130.45000
130.42600, 130.58800, 129.95000, 130.07100
130.05100, 130.11800, 129.22900, 129.47400
129.45800, 130.48500, 129.35200, 130.05400
130.03900, 130.76000, 129.95700, 130.34800
130.32700, 130.68300, 129.99900, 130.58600
130.55700, 131.37300, 130.46100, 130.76800
130.77300, 131.13500, 130.43800, 130.63200
130.62100, 130.68400, 129.52800, 130.35900
130.33500, 130.84500, 130.23100, 130.64900
130.60800, 131.12300, 130.23900, 130.35600
130.52200, 131.00200, 130.37300, 130.92400
130.93200, 131.34700, 130.59700, 130.61300
130.60800, 130.64700, 128.23100, 128.75300
128.73800, 128.87400, 127.71500, 128.03900
128.02400, 128.52400, 127.15000, 127.42200
128.22700, 128.53400, 126.85800, 127.18900
127.15400, 127.27700, 124.61900, 125.52100
125.42300, 127.31200, 124.98200, 127.03500
126.98500, 127.71900, 126.32700, 127.25800
127.19900, 128.13500, 127.12500, 127.68300
127.59300, 128.68600, 127.55200, 128.43100
128.43000, 128.69600, 127.79300, 128.66600
128.66600, 129.82600, 128.60200, 129.74700
129.74300, 130.27500, 129.30500, 129.42900
129.42900, 129.72800, 128.11200, 128.90300
128.64300, 130.05700, 128.55900, 129.67100
129.66900, 130.27300, 129.50200, 129.63300
129.63300, 130.34300, 129.56700, 130.12900
130.12800, 130.35200, 127.96200, 127.97000
127.96500, 128.49800, 127.69800, 128.44500
128.27600, 128.49700, 127.81000, 128.49100
128.48800, 128.51000, 126.64000, 127.55800
127.55400, 127.93500, 127.09100, 127.74100
127.74100, 128.03000, 126.98900, 127.60400
127.60400, 128.60000, 127.48900, 128.20600
128.13400, 128.83800, 127.28200, 128.42800
128.42800, 128.48100, 127.79900, 128.15900
128.15900, 128.34300, 127.25600, 127.40400
127.40200, 127.92400, 127.13700, 127.82700
127.82700, 129.46500, 127.66100, 129.32500
129.13900, 129.49800, 128.41600, 129.04300
129.04300, 129.56000, 128.72600, 128.91600
128.91000, 128.96300, 128.49800, 128.79900
128.79900, 129.62900, 128.57300, 129.39000
129.15400, 129.96700, 129.15400, 129.72100
129.61500, 130.25600, 129.61500, 130.22500
130.23500, 130.74200, 130.09500, 130.40700
130.40300, 130.96000, 129.90800, 130.75600
130.75600, 131.47400, 130.66900, 131.32400
131.32400, 131.53200, 130.80200, 131.27500
131.16900, 131.69600, 131.05600, 131.48800
131.48700, 131.98400, 131.44100, 131.63600
131.62700, 131.77200, 130.87800, 131.34300
131.34300, 131.42700, 130.72500, 130.96000
130.96000, 131.20800, 130.54400, 130.62200
130.60000, 130.74300, 129.86000, 130.18700
130.18700, 130.37700, 129.74000, 129.89900
129.89900, 130.26900, 129.40800, 130.13600
130.13600, 130.26400, 129.44300, 129.49200
129.48900, 129.51600, 129.12500, 129.40800
129.28600, 130.07000, 129.25200, 130.00700
130.01100, 131.14500, 129.68400, 130.77700
130.77700, 131.10200, 130.02700, 130.27800
130.27800, 130.28700, 129.24800, 129.33500
129.34200, 129.53200, 128.63400, 128.68900
128.63400, 128.88000, 128.50400, 128.69300
128.70200, 129.22900, 128.59100, 129.17700
129.17700, 129.45700, 128.55600, 128.80800
128.80800, 129.00900, 128.03600, 128.03700
128.03700, 128.11000, 126.00700, 126.49600
125.62200, 126.77700, 125.14200, 126.33000
126.31600, 126.98900, 125.80600, 126.07900
126.08200, 126.36900, 124.90000, 125.64000
125.63900, 126.48700, 125.28100, 126.14300
126.14200, 126.60300, 125.57900, 126.40200
126.45800, 126.49700, 126.07200, 126.39500
126.26700, 128.05100, 126.25800, 127.59000
127.53500, 128.26900, 127.34400, 128.19800
128.04400, 128.76400, 127.91600, 128.46600
128.38500, 129.41400, 128.37500, 129.29300
129.28300, 129.83200, 128.79200, 129.71100
129.72500, 130.27200, 129.63700, 130.02300
130.02400, 130.84900, 129.58000, 130.74100
130.73900, 130.86300, 129.41500, 129.52700
129.45800, 129.84800, 128.55600, 128.93800
128.80200, 129.14600, 128.57200, 129.07500
129.06700, 129.19700, 128.31700, 129.12200
129.12200, 129.97800, 128.59600, 129.70700
129.70100, 129.83700, 128.49300, 128.69700
128.69700, 129.10300, 128.01700, 128.29300
128.23400, 129.06900, 127.86000, 128.84600
128.84600, 129.82500, 128.76300, 129.50200
129.50000, 129.80800, 128.93400, 129.34800
129.34700, 130.94100, 129.25700, 130.85900
130.85800, 131.11200, 130.17700, 130.23000
130.19700, 131.03900, 130.09600, 130.68600
130.64500, 131.49300, 130.30100, 131.08800
131.05000, 131.67600, 130.77700, 131.07500
131.07100, 132.51800, 130.91000, 132.49400
132.49400, 133.12900, 132.15400, 132.25500
132.04400, 133.06800, 131.90300, 132.50100
132.49900, 133.11000, 132.36700, 132.92100
132.92100, 133.11500, 132.22900, 132.37000
132.37000, 132.67600, 131.57400, 132.01500
132.01200, 132.30500, 131.18000, 131.89600
132.06900, 132.46100, 131.73500, 131.96700
131.88300, 131.99500, 130.70900, 131.25500
131.17000, 131.97400, 130.96400, 131.42400
131.42300, 131.57500, 130.74300, 131.19300
131.18500, 131.41300, 130.60000, 130.99700
131.09900, 131.24600, 129.50800, 130.11500
130.11500, 130.22800, 129.33800, 129.80700
129.80600, 130.50100, 129.33000, 129.33400
129.33200, 130.21400, 129.20700, 130.04200
130.04200, 130.49800, 129.35600, 129.69400
129.39300, 129.79600, 129.12300, 129.41200
129.41300, 130.29700, 129.40500, 129.92700
129.93000, 130.15600, 129.17200, 129.56200
129.56000, 129.73000, 128.31900, 128.46800
128.46800, 129.68200, 128.43800, 129.58100
129.63400, 130.20000, 129.20100, 129.34100
129.31600, 129.38600, 128.21000, 128.98000
128.97900, 129.21600, 127.76600, 127.85800
127.85700, 128.43800, 127.49400, 127.83900
127.83700, 127.88500, 126.63100, 127.55800
127.49900, 128.23200, 127.24800, 127.77800
127.77500, 128.43900, 127.73400, 128.28000
128.28400, 128.54300, 127.65700, 127.74500
127.76700, 128.76400, 127.61500, 128.47000
128.44600, 129.32300, 128.36700, 128.88200
128.82300, 129.32300, 128.59400, 129.13000
128.92900, 129.62600, 128.85100, 129.62200
129.57400, 130.14600, 129.38900, 129.73900
129.66400, 130.12600, 129.38800, 129.59600
129.52800, 129.63600, 128.74100, 128.97700
128.79800, 129.18500, 127.65000, 127.70000
127.68400, 128.75100, 127.49600, 128.48800
128.27700, 129.22800, 128.12700, 128.50500
128.44400, 129.05100, 127.76600, 128.72800
128.71400, 128.89100, 128.12300, 128.82000
128.69300, 129.06400, 128.46300, 128.91000
128.88200, 129.03400, 128.00700, 128.22900
128.13800, 129.07500, 128.08600, 128.73300
128.70500, 129.09800, 128.65700, 128.80900
128.75700, 128.91900, 127.81800, 127.99300
127.96600, 128.91400, 127.92600, 128.67500
128.62200, 128.84500, 128.35300, 128.47500
128.44000, 129.25700, 128.24800, 129.21100
129.18800, 129.28100, 128.67200, 129.27600
129.27200, 129.27300, 128.35200, 128.39400
128.94900, 129.14900, 128.54100, 129.02000
128.85000, 129.02600, 127.61500, 127.91700
127.88400, 128.49100, 127.78800, 128.39700
128.35600, 128.42000, 127.67100, 128.18000
128.09800, 128.67100, 128.00500, 128.35500
128.23900, 128.93700, 128.16900, 128.66500
128.51400, 128.98300, 128.17500, 128.33900
128.28900, 128.86400, 128.24400, 128.77100
128.53700, 129.25400, 128.53700, 129.04300
128.94700, 129.11700, 127.98300, 128.16200
128.06800, 128.59000, 127.86200, 128.02800
128.02600, 128.11200, 127.63900, 127.89100
127.81100, 128.37500, 127.54200, 127.99100
127.94100, 128.38600, 127.21500, 127.36900
127.34300, 127.68300, 126.37800, 126.40500
126.08400, 126.74000, 125.99200, 126.04400
125.90200, 126.44400, 125.79900, 126.42500
126.41500, 127.09100, 125.98800, 126.92500
126.87700, 127.01300, 126.12100, 126.21100
126.12300, 126.43600, 125.40000, 125.60000
125.47700, 125.48700, 123.51900, 123.55400
125.35000, 125.39400, 117.96200, 122.64200
122.62600, 123.85500, 122.40500, 123.64600
123.65000, 124.79800, 123.40300, 124.73400
124.60700, 124.85800, 124.12000, 124.40200
124.26800, 125.09300, 124.26800, 124.81000
124.78200, 125.06400, 124.35900, 124.69800
124.69400, 124.99600, 124.23500, 124.47900
124.32300, 124.42600, 123.76700, 124.04800
124.03200, 124.85200, 123.39600, 124.04500
123.99000, 124.41400, 123.52300, 124.27000
124.26700, 124.67700, 123.73700, 124.40500
124.42200, 124.97100, 124.22700, 124.72600
124.60800, 124.82900, 124.50900, 124.65100
124.62700, 124.70900, 124.04300, 124.23100
124.20500, 124.93700, 124.20500, 124.72700
124.68700, 124.89800, 123.78700, 123.96100
123.94900, 125.31600, 123.78500, 124.94000
124.89100, 125.03600, 124.59700, 124.91500
124.92200, 125.23700, 124.68400, 125.02700
125.00400, 125.46300, 124.88300, 125.18600
125.13600, 125.29500, 124.48800, 124.60900
124.59500, 125.73400, 124.36200, 125.43900
125.39100, 125.94500, 125.35600, 125.68600
125.63400, 125.87200, 125.27800, 125.39200
125.40800, 125.45400, 124.81300, 124.96400
124.93800, 125.06800, 124.34700, 124.51800
124.48500, 124.69400, 124.17200, 124.26400
124.21100, 124.87700, 124.20000, 124.44700
124.42700, 125.27000, 124.38200, 125.14200
125.10500, 125.53800, 124.99400, 124.99800
124.98700, 125.45300, 124.74400, 124.82300
124.77000, 124.86100, 124.23000, 124.72300
124.71900, 125.27100, 124.69400, 125.07300
125.03400, 125.53900, 124.76800, 125.40500
125.43700, 125.93500, 125.34900, 125.67200
125.64200, 125.86600, 125.32300, 125.46300
125.43900, 125.77600, 125.36400, 125.39500
125.42300, 126.30100, 125.35200, 126.12300
126.12200, 126.22600, 125.71600, 125.93200
125.92800, 126.34700, 125.53700, 126.19200
126.18200, 126.90300, 125.88800, 126.64000
126.59700, 127.50000, 126.59300, 127.18500
127.26000, 127.38100, 126.44300, 126.71100
126.70700, 126.93500, 126.36000, 126.51900
126.49300, 126.53300, 126.17300, 126.36500
126.34000, 126.42800, 124.66900, 124.91100
124.84700, 125.02600, 124.27300, 124.86700
124.83700, 125.20400, 124.48100, 125.09800
125.09300, 125.82600, 125.06800, 125.67800
125.69300, 126.05600, 125.45400, 126.05400
126.08000, 126.56400, 125.93400, 126.22800
126.21700, 126.57100, 126.12000, 126.21300
126.20800, 126.69200, 126.14600, 126.33000
126.33300, 126.61500, 126.09200, 126.45500
126.45600, 126.78900, 126.23500, 126.42700
126.38600, 126.60100, 125.68400, 126.07000
126.07500, 126.17800, 123.82100, 124.22300
124.25300, 124.81800, 123.87600, 124.41800
124.41500, 125.01000, 124.41500, 124.66100
124.66600, 124.73700, 124.04900, 124.28700
124.27100, 124.42700, 123.65200, 124.21100
124.21900, 124.63800, 124.14300, 124.31500
124.63500, 124.95200, 124.43600, 124.85200
124.84200, 124.89200, 124.47600, 124.72800
124.70600, 125.44800, 124.60800, 125.23300
125.20300, 125.39200, 124.96700, 125.26800
125.26600, 125.50600, 125.16200, 125.28200
125.29100, 125.61600, 124.98300, 125.52500
125.49800, 125.61700, 125.13000, 125.18400
125.15400, 125.44200, 124.77700, 125.15300
125.13000, 125.71400, 125.00400, 125.67600
125.63900, 126.76600, 125.61700, 126.53800
126.53400, 126.79000, 126.49100, 126.65100
126.63400, 126.68100, 126.19700, 126.35400
126.31700, 126.80800, 126.27900, 126.59400
126.54000, 126.60100, 125.65000, 125.72300
125.68900, 125.88100, 125.64900, 125.75100
125.79500, 126.06500, 125.73200, 126.00800
125.99300, 126.05500, 125.27800, 125.58900
125.57300, 125.60200, 124.80300, 125.12100
125.10300, 125.23000, 124.20900, 124.34500
124.29200, 124.71500, 124.08900, 124.40600
124.38800, 125.09600, 124.34500, 124.92800
124.92000, 125.08800, 124.47100, 125.03500
125.00100, 125.23100, 124.73100, 124.75600
124.73300, 125.12100, 124.55200, 124.59200
124.56600, 124.65300, 124.27700, 124.45500
123.51400, 124.29500, 123.35900, 124.15900
124.00000, 124.25100, 123.10600, 123.38600
123.34900, 123.51600, 123.10600, 123.21800
123.19400, 123.26400, 122.48400, 123.05800
123.09000, 123.61300, 122.99300, 123.50700
123.28400, 123.45700, 122.54600, 122.69200
122.65300, 123.39900, 122.57600, 122.79500
122.76700, 123.08900, 122.07800, 122.75700
122.73000, 122.96200, 122.53800, 122.72600
122.72900, 122.99300, 122.27100, 122.76800
122.88800, 123.19000, 122.53400, 122.86900
122.86500, 123.74500, 122.67200, 123.30800
123.29100, 123.50700, 122.98000, 123.04700
123.03700, 123.07800, 122.14500, 122.55400
122.54000, 122.82200, 122.41500, 122.45600
122.50500, 122.80300, 122.45800, 122.57200
122.50700, 122.70000, 121.99800, 122.03400
122.05000, 122.21000, 121.57800, 121.98000
121.97100, 122.25700, 121.90000, 122.00500
121.98800, 122.01200, 120.91700, 120.92400
120.91600, 121.64900, 120.78200, 121.48400
121.46500, 121.78500, 121.30100, 121.67500
121.66500, 122.26300, 121.55000, 121.68300
121.69800, 122.39400, 121.22900, 122.20700
122.19900, 122.71300, 122.09800, 122.61300
122.80900, 122.92000, 122.62300, 122.66500
122.64800, 123.17600, 122.62100, 122.90100
122.89800, 123.00100, 122.41600, 122.46600
122.45100, 122.56000, 122.13400, 122.22300
122.15900, 122.26300, 121.59000, 121.69100
121.60400, 122.12400, 121.56400, 121.73900
121.72400, 121.86900, 121.06100, 121.38400
121.36800, 121.65300, 121.16800, 121.35700
121.35300, 121.92000, 121.08500, 121.14900
121.15200, 122.12300, 120.94800, 122.03000
122.01000, 122.39400, 121.95900, 122.30100
122.27600, 122.46400, 121.65000, 121.80500
121.79400, 122.62800, 121.76800, 122.53500
122.51300, 122.89300, 122.40000, 122.52500
122.50700, 122.78300, 122.28000, 122.67200
122.88500, 123.35700, 122.35400, 122.36500
122.36200, 122.53300, 121.72200, 121.78800
121.72300, 121.83700, 121.31200, 121.59000
121.57700, 121.71700, 121.53500, 121.61200
121.64400, 121.92900, 121.58600, 121.75800
121.74100, 121.97100, 121.51400, 121.92300
121.91700, 122.12800, 121.83000, 121.99500
121.99300, 122.31700, 121.93600, 122.02300
122.02400, 122.14300, 121.62100, 122.11100
122.08400, 122.23000, 121.51300, 121.59200
121.51100, 121.85300, 121.41700, 121.46800
121.47500, 121.67900, 121.09600, 121.32700
121.31100, 121.48300, 121.16200, 121.16800
121.15500, 121.22500, 120.77900, 120.99700
120.96300, 121.27800, 120.80600, 120.87200
120.78500, 121.16400, 120.78500, 120.89900
120.89800, 121.08900, 120.49200, 120.67800
120.64800, 120.70600, 120.20500, 120.50200
120.50600, 121.37500, 120.04200, 121.08600
121.08100, 121.19500, 120.79200, 120.93000
120.79000, 121.30100, 120.73300, 121.23400
121.23600, 121.37800, 120.87900, 121.14800
121.10600, 121.18800, 120.34800, 120.46900
120.45000, 120.70800, 118.91600, 119.00200
118.98300, 119.11900, 118.26100, 118.38000
118.30100, 118.92900, 117.67100, 118.69600
118.68000, 119.87200, 118.36800, 119.25100
119.20400, 119.27900, 118.43400, 119.00800
119.02300, 119.16300, 118.48900, 118.58100
118.58700, 118.73800, 118.08400, 118.35100
118.14100, 118.39900, 117.51400, 118.06400
118.06700, 119.58500, 117.68400, 119.24300
119.18400, 119.27600, 117.78200, 117.95700
117.94700, 118.97600, 117.62100, 117.89700
117.82300, 118.16300, 117.57500, 117.96700
117.79800, 118.47300, 117.79800, 118.11900
118.11700, 118.26600, 117.57600, 117.91900
117.89900, 118.32800, 117.86400, 118.16800
118.15300, 118.30100, 117.72900, 117.93000
117.90300, 118.16200, 117.25900, 117.39600
117.06600, 118.19400, 116.55900, 117.78500
117.76500, 117.83100, 117.20800, 117.29400
117.23400, 117.67600, 117.10200, 117.45700
117.53600, 117.93100, 117.27800, 117.76400
117.74500, 117.81600, 116.62000, 116.80400
116.47900, 116.77600, 116.34900, 116.46700
116.48500, 116.59300, 115.86400, 116.27900
116.23500, 117.43300, 116.13000, 117.42500
117.40800, 118.61100, 117.26500, 117.99600
117.99500, 118.26300, 117.78700, 117.86000
117.74600, 118.50900, 117.73400, 118.45100
118.43500, 118.78500, 118.26800, 118.73800
118.74900, 119.16900, 118.29600, 118.73800
118.69100, 119.82000, 117.55100, 119.61800
119.58700, 120.00900, 119.53600, 119.70600
119.13400, 119.50900, 118.68600, 119.00100
118.96600, 119.77300, 118.86800, 119.69700
119.67900, 119.82400, 119.40800, 119.60400
119.59800, 119.65800, 118.95200, 119.29400
119.26500, 119.37900, 118.45700, 118.52600
118.64800, 118.78900, 117.75200, 118.21300
118.20200, 118.55900, 117.88700, 118.00300
117.99200, 118.19800, 117.78900, 117.91300
117.90100, 118.05000, 117.51500, 117.76400
117.72900, 118.47300, 117.44300, 118.09500
118.11400, 118.18500, 117.54000, 117.78600
117.77800, 118.17000, 117.67200, 117.78200
117.74100, 118.00100, 117.32400, 117.45600
117.47600, 117.65100, 117.07000, 117.21000
117.19300, 117.48800, 117.08300, 117.35300
117.14300, 117.90400, 117.07800, 117.65200
117.64600, 117.96700, 117.12800, 117.32200
117.28700, 118.09300, 117.20300, 117.90600
117.88300, 118.94100, 117.57100, 118.78900
118.82200, 120.00300, 118.71900, 119.66500
119.53100, 119.71300, 119.18600, 119.51500
119.51900, 120.22400, 119.11600, 120.09900
120.08300, 120.47000, 119.74200, 120.42700
120.39900, 121.35400, 120.33200, 120.85400
120.85400, 121.11900, 120.66900, 121.07500
120.99600, 121.47500, 120.78000, 121.08900
121.05300, 121.28400, 120.57600, 120.68700
120.68200, 121.05100, 120.38400, 120.96800
120.96400, 121.38400, 120.42600, 120.63400
120.60200, 120.80000, 120.35000, 120.39700
120.44500, 120.98700, 120.40100, 120.94200
120.95500, 121.06300, 120.57400, 120.98900
120.97400, 121.43100, 120.87500, 121.39900
121.40100, 121.46700, 120.28300, 120.47400
120.46500, 120.94000, 120.35900, 120.71100
120.79500, 121.10500, 120.76900, 120.83100
120.81900, 121.29800, 120.69000, 120.88500
120.80300, 120.91000, 120.47100, 120.60800
120.58600, 121.11200, 120.13700, 120.74900
120.67500, 120.87400, 120.21500, 120.37000
120.32800, 120.41900, 120.06700, 120.29600
120.22300, 120.63500, 119.94300, 120.02100
119.96900, 120.17800, 119.57700, 119.76600
119.74700, 119.81100, 119.24800, 119.47900
119.45500, 120.31400, 119.44200, 120.21400
120.15800, 120.68600, 120.09000, 120.33900
120.31800, 120.49500, 119.99900, 120.23600
120.21700, 120.40600, 119.84700, 120.25300
120.16900, 120.57400, 119.93800, 120.09900
120.09700, 120.48300, 119.66100, 119.72300
119.63800, 120.11400, 119.63800, 119.93900
119.92700, 120.24900, 119.89600, 120.20700
120.14800, 120.59400, 120.05800, 120.46300
120.50000, 120.58400, 120.32000, 120.55000
120.55500, 120.76000, 120.41000, 120.73000
120.68400, 121.01500, 120.52000, 120.71600
120.72200, 120.95900, 120.24300, 120.37800
120.32500, 120.81100, 120.09600, 120.59500
120.60000, 120.88700, 120.55300, 120.75900
120.74200, 120.78300, 120.00200, 120.08500
120.11400, 120.26900, 119.99000, 120.08900
120.11100, 120.68600, 120.07800, 120.63000
120.61800, 120.92700, 120.37100, 120.81000
120.76800, 121.72800, 120.75600, 121.66100
122.12500, 122.64800, 121.45800, 121.54600
121.59600, 122.22700, 121.54500, 122.09000
122.06000, 122.45900, 121.92800, 122.08700
122.07300, 122.15800, 121.74600, 121.77100
121.72900, 122.04800, 121.42000, 121.59000
121.60300, 121.69600, 121.19100, 121.19800
121.20700, 121.35100, 121.08100, 121.27300
121.19500, 121.37400, 121.06000, 121.19800
121.49200, 121.78100, 121.41400, 121.65900
121.58100, 122.50100, 121.58100, 122.37400
122.25600, 122.48400, 121.87100, 121.95600
121.92100, 122.09300, 121.72300, 121.95600
121.95200, 122.01600, 120.97900, 121.28200
121.24000, 121.37700, 120.16500, 120.57400
120.45500, 121.39600, 120.27300, 121.33500
121.26000, 121.44400, 120.78100, 120.94500
120.90700, 121.37900, 120.16600, 121.17300
121.14900, 121.68700, 121.09500, 121.63500
121.59700, 121.83600, 121.52100, 121.73800
121.76900, 122.48900, 121.71500, 122.40700
122.33800, 122.76100, 122.18400, 122.38500
122.32000, 122.72000, 122.19400, 122.52900
122.52000, 122.87100, 122.46800, 122.66400
122.65400, 122.83900, 122.10100, 122.12200
122.09700, 122.31500, 122.03200, 122.22100
122.21400, 122.37000, 121.71300, 121.75500
121.72900, 122.01400, 121.61200, 121.85800
121.82400, 121.86600, 120.63300, 121.06800
120.99900, 121.25800, 120.37800, 120.43000
120.24900, 120.39800, 119.90400, 119.99600
119.97900, 120.33100, 119.80600, 120.28700
120.29100, 120.42300, 119.88600, 120.02300
119.95400, 120.24600, 119.77000, 120.16300
120.15200, 120.40300, 120.02500, 120.21400
120.23900, 120.37700, 119.91700, 120.19500
120.15000, 120.98000, 120.06200, 120.95600
120.85600, 121.14900, 120.65600, 120.79100
120.73600, 121.01900, 120.56700, 120.78000
120.76500, 120.80100, 120.09100, 120.12000
119.99400, 120.33900, 119.67800, 119.76900
119.73000, 120.02500, 119.59300, 119.83900
119.80900, 120.30300, 119.61300, 119.71300
119.67100, 119.72000, 118.87300, 119.03600
119.00600, 119.22900, 118.84100, 118.87700
119.03100, 119.19500, 118.90400, 119.02900
119.01600, 119.07000, 118.46100, 118.55900
118.54000, 120.49800, 118.54000, 120.32100
120.31400, 121.39800, 120.09400, 120.89700
120.85800, 121.35200, 120.35800, 121.00000
120.48700, 121.06800, 119.89900, 120.16100
120.07100, 120.53500, 119.41100, 119.90400
119.80000, 120.58600, 119.75100, 120.13100
120.10500, 121.04100, 119.95100, 120.53800
120.55400, 120.66200, 118.38000, 119.16000
118.77100, 120.75000, 118.59700, 120.58800
120.50300, 120.95000, 119.52900, 119.64900
119.63600, 120.13200, 119.02700, 119.72800
119.68600, 119.99900, 118.99600, 119.28900
119.21700, 119.43500, 118.70700, 118.92000
118.49100, 118.68700, 116.12000, 117.06900
117.06400, 119.48500, 116.80600, 118.74400
118.84400, 119.22700, 117.45000, 117.60500
117.57700, 118.33100, 116.30900, 117.02000
116.97700, 120.32000, 116.85900, 119.93300
119.82000, 119.85300, 117.13000, 118.33100
118.36300, 119.68600, 117.29400, 118.45500
118.43900, 118.51500, 116.89600, 117.76600
117.87100, 119.32300, 117.40400, 118.21500
118.14800, 119.29500, 117.84200, 118.39300
118.47600, 119.93600, 117.71800, 119.26000
119.27700, 120.53700, 118.80500, 119.99200
119.99300, 121.14400, 119.51200, 120.96500
120.92100, 121.08400, 119.95300, 120.64600
120.65800, 120.81300, 118.80300, 120.12000
119.64600, 119.98700, 118.79800, 119.04300
118.87600, 119.70200, 118.19400, 118.68900
118.58800, 118.87300, 116.94500, 117.45600
117.43700, 117.71700, 116.35000, 117.07200
117.05000, 117.38500, 116.73100, 117.08400
117.19700, 118.30600, 117.08500, 117.88300
117.83700, 119.03700, 117.50700, 118.46300
118.45900, 118.69300, 117.91500, 118.11800
118.08300, 119.00200, 118.07100, 118.54300
118.48200, 118.73500, 118.38200, 118.55300
118.70300, 118.70600, 117.30700, 117.54300
117.52600, 117.94000, 117.30400, 117.72700
117.62800, 117.75700, 116.79800, 117.20700
117.11500, 117.50200, 116.55100, 116.93400
116.91600, 117.41400, 116.62300, 116.89700
116.82300, 117.28900, 116.74800, 116.88000
116.83900, 117.16200, 116.21900, 116.98000
116.94500, 117.21900, 116.44200, 116.60200
116.51200, 116.83400, 115.63600, 115.95600
115.85700, 116.40300, 115.54400, 116.28100
116.28400, 116.50900, 116.04900, 116.14100
116.09900, 116.26800, 115.60600, 115.61500
115.56800, 116.07900, 115.44700, 115.95100
115.93600, 117.77700, 115.54700, 117.34800
117.30100, 117.76700, 117.01900, 117.37000
117.15000, 117.28000, 116.26800, 116.35500
116.37700, 116.57000, 115.41000, 115.44900
115.40700, 115.61700, 114.42600, 114.53400
114.46700, 115.13800, 114.40200, 115.09500
115.10300, 115.74400, 115.03200, 115.57700
115.20900, 116.51500, 115.20500, 116.31800
116.25500, 116.85300, 115.95800, 116.22300
116.18300, 116.41100, 115.69100, 115.77500
115.73700, 115.92800, 115.32500, 115.84000
115.83800, 116.19700, 115.47400, 115.85700
115.69800, 117.24000, 115.69800, 117.10600
117.08900, 118.20000, 117.02700, 117.63200
117.59800, 118.20400, 117.50800, 118.04100
118.04800, 118.52200, 117.72900, 117.80900
117.77700, 117.97800, 116.99700, 117.33100
117.16900, 117.55700, 117.08400, 117.29800
117.34900, 118.33500, 117.27300, 118.08500
118.09300, 118.91100, 117.70400, 118.57600
118.50700, 119.39400, 118.46800, 119.19600
119.16800, 119.90000, 118.85600, 119.70200
119.65600, 119.97400, 119.42400, 119.78100
119.76900, 121.63300, 119.62400, 121.36600
121.32300, 122.62300, 121.26700, 122.32600
122.27700, 123.97200, 121.84500, 123.72600
123.74200, 124.43200, 123.54000, 123.71700
123.84100, 124.12100, 122.22300, 122.44500
122.42300, 122.60400, 121.32300, 122.16900
122.09200, 122.36400, 121.58700, 121.84700
121.79200, 121.90500, 120.65200, 120.72000
120.65200, 121.81700, 120.25300, 120.85400
120.51100, 121.62900, 120.32900, 121.50900
121.42100, 122.10800, 120.46400, 120.85800
120.81900, 121.22700, 120.14500, 120.27800
120.17600, 120.53300, 119.58400, 119.83900
119.80600, 120.20400, 119.35800, 119.42800
119.38800, 120.43400, 119.30200, 120.37200
120.29800, 121.09200, 119.90000, 120.46100
120.43400, 120.74200, 120.03000, 120.41900
120.44800, 120.61900, 120.13200, 120.23100
120.22000, 120.37300, 119.80500, 120.25600
120.10800, 121.35200, 120.10800, 120.92200
120.80600, 121.42000, 120.58100, 121.22700
121.21000, 121.47400, 120.25200, 120.89400
120.85800, 121.43000, 120.74300, 120.80600
120.73000, 120.95300, 120.60300, 120.80800
120.76200, 121.96000, 120.76100, 121.43400
121.34900, 121.71100, 121.17700, 121.21600
121.17300, 121.87200, 121.13000, 121.50300
121.43400, 121.96100, 120.89500, 120.95800
120.93000, 121.06000, 120.26300, 120.79700
120.76700, 121.95700, 120.75900, 121.68200
121.59100, 122.31300, 121.46200, 122.23300
122.16600, 122.49200, 121.81600, 122.02400
121.99300, 122.49500, 121.80700, 122.09200
122.04100, 122.56900, 121.92300, 122.29000
122.15700, 122.96700, 122.15400, 122.78700
122.61000, 123.16800, 122.46300, 123.11200
123.19300, 124.28600, 123.00100, 123.97900
123.86800, 124.23600, 123.70200, 123.90500
123.83000, 123.96000, 122.83300, 123.67300
123.41300, 123.89800, 123.21400, 123.82100
123.81500, 123.97800, 123.00600, 123.10400
123.05200, 123.78000, 123.00800, 123.66800
123.67100, 124.18900, 123.32800, 124.05500
124.02700, 125.20100, 123.83400, 124.63700
124.47100, 125.05000, 123.98500, 124.61400
124.61300, 124.99200, 124.25800, 124.75900
124.72000, 125.50800, 124.62500, 125.26700
125.22800, 125.58000, 124.65100, 125.34100
125.23800, 125.38600, 124.45100, 124.80500
124.72300, 124.87800, 124.33000, 124.34700
124.34100, 125.49300, 124.31300, 125.00200
125.04300, 126.20900, 124.94200, 125.94100
125.87200, 126.74800, 125.87200, 126.31600
126.26400, 126.46400, 125.73500, 126.19400
126.07400, 126.45600, 125.66500, 125.81200
125.74900, 126.08500, 125.33500, 125.75100
125.75100, 126.05400, 125.36800, 125.59700
125.59400, 125.77400, 125.07500, 125.46800
125.41200, 125.55100, 124.43400, 124.78100
124.63000, 125.33700, 124.63000, 124.90500
124.93200, 126.02300, 124.87900, 125.88500
125.81100, 126.13300, 125.25500, 125.37100
125.35500, 126.08500, 125.12600, 125.97400
125.92800, 126.76400, 125.18700, 125.41300
125.41100, 126.84000, 125.32700, 126.38800
126.34800, 127.06900, 126.13000, 126.19700
126.20300, 126.30700, 125.54700, 125.86700
125.76000, 126.01400, 125.28000, 125.82800
125.76500, 125.97800, 125.29500, 125.73000
125.74400, 125.93500, 125.43600, 125.47900
125.49300, 125.63900, 124.68500, 124.81500
124.80000, 125.63900, 124.41400, 125.30600
125.28600, 126.45500, 125.23400, 125.37100
125.33100, 126.11600, 125.31300, 125.73800
125.47600, 125.89300, 125.28000, 125.41500
125.32000, 125.76000, 124.74700, 124.90400
124.81000, 125.00600, 123.82900, 123.98900
123.90000, 124.12700, 123.30200, 124.08700
124.02200, 124.30300, 123.42500, 123.78500
123.72300, 123.93100, 122.50800, 123.17600
123.12600, 123.27000, 122.64900, 122.84500
122.82600, 123.18300, 122.57000, 122.84300
122.87200, 123.15000, 122.57300, 122.98300
123.02700, 123.14600, 122.60200, 122.78000
122.58000, 123.20100, 122.36900, 123.05800
123.01000, 124.11200, 122.96400, 124.09600
124.01300, 124.24100, 123.52400, 123.56900
123.54600, 124.19500, 123.54000, 123.95900
123.92000, 123.99600, 123.01300, 123.40400
123.25900, 124.70700, 123.22700, 124.58200
124.51600, 124.72300, 123.84400, 123.92700
123.87500, 124.86700, 123.85900, 124.64600
124.59400, 124.86600, 124.35600, 124.67600
124.65300, 125.07700, 124.50600, 124.91600
124.93500, 124.98900, 124.27900, 124.38000
124.38400, 124.46200, 123.79900, 123.86000
123.83800, 123.93100, 123.46400, 123.51100
123.38300, 123.76500, 123.00800, 123.40400
123.42000, 123.70700, 123.10700, 123.48500
123.45100, 124.33200, 123.35500, 124.09000
123.96600, 124.99200, 123.96600, 124.72500
124.65000, 124.83100, 123.90400, 124.03300
123.94200, 124.08400, 123.64000, 123.95200
123.88700, 124.22400, 123.40400, 124.15000
124.08200, 124.19500, 123.73600, 123.79500
123.77400, 123.98800, 123.05000, 123.13300
123.12400, 123.17900, 122.17800, 122.51400
122.51200, 122.87600, 121.88600, 122.11000
122.09500, 122.45700, 121.60900, 121.87100
121.78400, 122.14500, 121.69600, 121.92700
121.81000, 122.74600, 121.80400, 122.39700
122.47500, 123.06400, 121.95200, 122.50200
122.48000, 123.17300, 122.20500, 122.41000
122.29600, 122.98500, 122.21100, 122.72100
122.79400, 125.12800, 122.66300, 124.48100
124.35800, 124.59600, 123.98200, 124.35400
124.38700, 124.66600, 123.91100, 124.17400
124.07800, 124.49500, 123.67700, 124.09800
124.01900, 124.29400, 123.65300, 123.79900
123.89300, 124.43000, 123.61800, 123.94700
123.89900, 124.01800, 123.50900, 123.55000
123.57800, 123.60400, 123.00900, 123.02200
123.01800, 123.31200, 122.83700, 123.17200
123.14600, 123.47300, 123.00200, 123.09800
122.99800, 123.81900, 122.98100, 123.77800
123.67700, 124.34200, 123.63500, 124.19800
124.15200, 124.50400, 124.13800, 124.44600
124.42700, 124.56200, 123.90400, 124.14300
124.16100, 124.49900, 123.89200, 124.49900
124.40200, 125.11800, 124.29800, 124.39000
124.34700, 125.94700, 124.34700, 125.91100
125.82900, 126.54300, 125.77200, 126.47800
126.44800, 126.64700, 126.02300, 126.13400
126.04300, 126.67300, 126.03500, 126.25000
126.18800, 126.47700, 125.95600, 125.97400
125.96800, 126.25000, 125.85200, 126.08300
125.98500, 126.51100, 125.77600, 125.91300
125.85400, 126.73500, 125.78600, 126.52300
126.50500, 126.60200, 125.77800, 125.96600
126.14700, 126.50700, 125.90900, 126.31000
126.32300, 126.58100, 125.92600, 125.93900
125.91600, 126.33900, 125.69800, 126.14200
126.11500, 126.51200, 126.00700, 126.45400
126.41200, 127.00600, 126.37800, 126.59800
126.46100, 126.64700, 125.90400, 126.43000
126.40700, 126.65200, 125.98600, 125.99800
125.96200, 126.37100, 125.92900, 126.16600
126.11600, 126.49200, 126.08200, 126.29100
126.16700, 126.94900, 126.04100, 126.74600
126.68200, 127.22500, 126.66500, 126.85000
126.81700, 127.12700, 126.45700, 126.92500
126.78500, 126.97200, 126.14100, 126.24700
126.17700, 126.78600, 126.08700, 126.33400
126.28800, 126.54700, 126.04000, 126.31400
126.21400, 127.23700, 126.13000, 127.01800
126.93700, 127.48600, 126.90800, 127.38200
127.27300, 127.45800, 126.80900, 127.03000
126.83500, 127.02000, 126.54900, 126.64900
126.53900, 126.85800, 126.53000, 126.64900
126.66700, 126.70400, 126.20400, 126.27400
126.25300, 126.51900, 125.91800, 126.14200
126.03500, 126.18900, 125.39600, 125.41100
125.35700, 125.50800, 125.08100, 125.18200
125.14600, 126.20200, 125.13700, 126.00800
125.93100, 126.17900, 125.26300, 125.31400
125.25800, 125.96100, 125.25800, 125.91800
125.82700, 126.39300, 125.82500, 126.27600
126.21600, 126.36100, 125.80100, 125.96900
125.90700, 126.15300, 125.68200, 125.97500
126.01900, 126.18100, 125.59000, 126.08800
126.00700, 126.65700, 125.98200, 126.38300
126.25900, 127.33500, 126.22300, 127.07900
127.05500, 127.12400, 126.51300, 126.55200
126.47100, 126.81500, 126.26200, 126.41800
126.32600, 126.51900, 126.13700, 126.39500
126.38400, 126.45600, 126.09200, 126.25300
126.20000, 126.98500, 126.15700, 126.94900
126.74700, 127.11900, 126.64000, 126.79800
126.71200, 126.84400, 126.42800, 126.71100
126.74300, 127.07100, 126.63500, 126.74200
126.71800, 127.15400, 126.69500, 127.05400
126.98100, 127.29900, 126.95100, 127.15100
127.17400, 127.96500, 127.12000, 127.73700
127.78700, 128.36200, 127.64800, 128.33800
128.30000, 128.44400, 127.30300, 127.47100
127.42100, 127.80100, 127.32100, 127.77600
127.76600, 128.17500, 127.64500, 127.74300
127.71100, 128.23700, 127.49500, 127.74200
127.69200, 128.05000, 127.63900, 127.86400
127.77900, 128.86800, 127.73600, 128.78600
128.71200, 129.96800, 128.71200, 129.32500
129.30300, 129.51500, 128.45300, 128.56600
128.50400, 128.93200, 128.21200, 128.61600
128.51800, 129.07000, 128.17500, 128.97100
128.95300, 129.44900, 128.72700, 129.06300
129.02700, 129.63100, 128.90700, 129.25700
129.16700, 129.57000, 128.83900, 129.08400
129.10600, 129.38100, 128.77400, 129.01500
128.89300, 129.53900, 128.88400, 129.10000
128.99800, 129.42200, 128.95900, 129.29200
129.27600, 130.05100, 129.19300, 130.03200
130.01500, 130.38500, 129.80900, 130.29700
130.20100, 130.47900, 129.98200, 130.15500
130.16000, 130.38900, 129.48300, 129.70400
129.72100, 130.43900, 129.70500, 130.39000
130.37600, 130.65700, 129.58700, 129.76800
129.75700, 129.98800, 129.31200, 129.54400
129.02200, 129.93400, 129.00900, 129.86400
129.85300, 129.91100, 128.59400, 128.66700
128.66900, 128.85000, 128.28400, 128.42700
128.42900, 128.93700, 128.34600, 128.46200
128.45400, 129.45300, 128.45000, 129.21800
129.30900, 129.42200, 128.82500, 129.21500
129.11600, 129.54100, 129.04900, 129.28400
129.23700, 130.03900, 129.21600, 129.85600
129.80900, 130.26000, 129.64200, 130.25300
130.20100, 130.31100, 129.96100, 130.05900
130.01800, 130.25700, 129.82700, 130.14100
130.11200, 130.55500, 129.80400, 130.32000
130.26800, 130.67700, 130.13100, 130.38200
130.35500, 130.47100, 129.56400, 130.19600
130.11200, 130.54400, 130.04200, 130.47900
130.34400, 130.60400, 129.88700, 130.27700
130.24000, 130.49200, 129.79000, 130.29800
130.28800, 130.57600, 130.02200, 130.50200
130.42900, 130.54500, 130.01600, 130.12700
130.12100, 130.53400, 129.97000, 130.33500
130.16400, 130.31300, 129.69100, 130.14800
130.10500, 130.96800, 129.98400, 130.07400
130.03200, 130.13500, 129.62800, 130.03800
130.01700, 130.46000, 129.66300, 129.73500
129.69900, 130.55500, 129.58200, 130.46900
130.50900, 130.75400, 130.20000, 130.63000
130.61400, 131.49000, 130.56200, 131.48000
131.41800, 131.80900, 131.36600, 131.69900
131.61900, 132.35900, 131.58900, 132.00600
132.00100, 132.18400, 131.36800, 131.42800
131.44200, 132.15400, 131.43200, 131.56700
131.53600, 131.63300, 131.13400, 131.30500
131.27600, 131.45200, 130.97600, 131.08300
131.06400, 131.84300, 131.00600, 131.59400
131.52800, 132.16600, 131.47300, 132.05900
131.98700, 132.52100, 131.97700, 131.99400
131.89400, 132.46500, 131.77600, 131.94300
131.93400, 132.43800, 131.64100, 132.41600
132.30500, 132.72400, 132.02800, 132.20400
132.16800, 132.83700, 132.10400, 132.77900
132.56300, 132.94300, 132.50200, 132.72900
132.69600, 133.18100, 132.59000, 133.09200
133.06300, 133.43100, 132.63000, 132.95200
132.84000, 133.08200, 132.69900, 133.01800
132.91600, 133.20200, 132.52600, 132.69400
132.58300, 133.03800, 132.51200, 132.86300
132.78500, 133.60300, 132.74100, 133.24800
133.21400, 133.40600, 132.99000, 133.06600
133.02200, 134.04900, 132.92300, 133.93100
133.86100, 133.99900, 133.60100, 133.89600
133.91400, 134.01400, 133.65300, 133.88400
133.89900, 134.11700, 133.70300, 133.72700
133.72900, 134.06400, 133.64000, 133.77700
133.70700, 133.91000, 133.61700, 133.74800
133.74100, 133.80800, 133.13200, 133.23600
133.15900, 133.37800, 132.88000, 133.16700
133.15300, 133.41800, 133.12500, 133.26200
133.27300, 133.62000, 133.19600, 133.50500
133.50500, 133.75400, 133.03900, 133.10400
133.04700, 133.40500, 132.65700, 132.75200
132.68800, 133.43100, 132.64200, 133.40200
133.35200, 133.67500, 133.26500, 133.45000
133.39300, 133.57900, 132.67800, 132.79000
132.70600, 132.87100, 131.01600, 131.22200
131.16700, 131.42300, 130.60100, 130.71100
130.65000, 131.48900, 130.03300, 131.47500
131.40600, 132.18700, 131.20800, 132.13800
132.04500, 132.68700, 132.01600, 132.33000
132.29800, 132.57000, 132.10700, 132.27200
132.20500, 132.44700, 132.11800, 132.20700
132.21900, 132.33900, 131.77100, 131.87900
131.86100, 131.94200, 131.27300, 131.51000
131.37700, 131.77200, 131.27100, 131.73200
131.68200, 132.42300, 131.55400, 132.14200
132.12800, 132.22200, 131.66100, 131.68700
131.59100, 131.85800, 131.53900, 131.57300
131.56000, 131.85500, 130.61200, 130.77100
130.75500, 131.02900, 130.41000, 130.41600
130.43500, 130.51700, 129.61600, 130.01100
129.94600, 130.87000, 129.88400, 130.76400
130.71900, 130.98500, 130.44400, 130.87100
130.86100, 131.07900, 130.20600, 130.27700
130.26900, 130.42400, 130.01300, 130.13400
130.12200, 130.19700, 129.60400, 129.72600
129.68700, 130.27400, 129.61800, 129.90600
129.87000, 129.94900, 128.88200, 129.13500
129.05700, 129.47800, 128.58900, 129.41800
129.41300, 130.18200, 129.15200, 130.08100
130.01700, 130.28800, 129.47700, 129.65700
129.60100, 130.17400, 129.49600, 130.09600
129.96900, 130.34200, 129.66900, 130.27100
130.25800, 130.27200, 129.53700, 129.73500
129.69200, 130.22800, 129.61300, 130.16500
130.16200, 130.55600, 129.88900, 130.11800
130.10100, 130.49200, 130.01200, 130.17400
130.06900, 130.41400, 129.59400, 129.77200
129.74700, 129.85900, 129.15600, 129.34400
129.33300, 129.81000, 129.12700, 129.59000
129.58400, 130.00600, 129.52100, 129.87100
129.86400, 129.95500, 129.55000, 129.62200
129.56100, 129.64400, 129.38500, 129.48400
129.46800, 129.67900, 129.39500, 129.59500
129.57600, 129.79700, 129.47100, 129.65100
129.63400, 129.69700, 129.38400, 129.57100
129.54400, 129.69100, 129.22500, 129.27300
129.22100, 129.42100, 128.49100, 128.66300
128.65600, 128.86500, 128.24600, 128.31600
128.30800, 128.93500, 128.21200, 128.52800
128.53100, 128.69900, 127.92500, 128.19000
128.16500, 128.51700, 127.93900, 128.44000
128.24400, 129.13600, 128.20200, 128.81500
128.80300, 129.02500, 128.58500, 128.95000
128.92400, 129.52500, 128.76100, 129.47600
129.45500, 129.75700, 129.21800, 129.35500
129.32500, 129.74200, 129.14900, 129.56300
129.51500, 129.69900, 129.45300, 129.67500
129.66000, 130.16800, 129.58000, 129.88700
129.88100, 130.44900, 129.85200, 130.26800
130.24800, 130.58300, 130.15400, 130.54800
130.53900, 130.73600, 130.18100, 130.28800
130.20100, 130.49400, 130.18600, 130.31900
130.31900, 130.65100, 130.26900, 130.59900
130.58800, 130.68700, 130.16700, 130.30000
130.28300, 130.30900, 129.65900, 129.73000
129.72200, 130.26800, 129.67700, 129.80100
129.80800, 129.93900, 129.58200, 129.91700
129.89200, 130.18800, 129.35700, 129.46700
129.45000, 129.52800, 129.05300, 129.22100
129.22300, 129.34800, 128.60100, 129.13800
129.12600, 129.66600, 128.89900, 128.93800
128.83800, 129.02100, 128.13400, 128.26700
128.26300, 128.69700, 127.99100, 128.05200
128.02800, 128.76800, 127.92200, 128.36700
128.35100, 129.53400, 128.26200, 129.51600
129.49900, 129.83400, 129.37600, 129.78400
129.76400, 129.92800, 129.47400, 129.83000
129.81700, 130.37100, 129.65800, 130.27400
130.25500, 130.46700, 129.66700, 129.84700
129.83800, 129.95500, 128.78200, 128.80700
128.79000, 129.03900, 128.54000, 128.75200
128.58700, 129.37000, 128.52700, 128.87100
128.85700, 129.37900, 128.75100, 129.26300
129.25300, 129.49100, 128.32400, 128.77600
128.75900, 129.02300, 128.62500, 128.96800
128.95700, 129.90100, 128.86000, 129.88600
129.64700, 131.21800, 129.64700, 130.93200
130.90300, 131.26800, 130.60900, 130.98700
130.97200, 131.45700, 130.86400, 131.31100
131.28700, 131.85000, 131.22400, 131.82800
131.81200, 132.76800, 131.76200, 132.51100
132.32500, 132.78000, 132.14100, 132.73000
132.71500, 133.18200, 132.61300, 133.05500
133.02400, 133.47200, 132.72800, 133.19800
133.18200, 133.36400, 132.25400, 132.51000
132.49200, 132.78600, 131.91200, 132.13700
132.15100, 132.59300, 131.85600, 132.01600
132.00700, 132.66000, 131.92300, 132.36700
132.33000, 132.51600, 131.57200, 132.05800
132.05100, 132.69300, 131.53900, 132.67100
132.66000, 132.91200, 131.60100, 131.76000
131.91200, 132.43600, 131.78600, 132.25600
132.24000, 132.38500, 131.46700, 131.92300
131.91200, 132.40500, 131.73100, 132.37800
132.35600, 132.55600, 131.00900, 131.38400
131.39600, 131.57900, 130.82900, 131.11600
131.01700, 131.42100, 130.88800, 131.18400
131.17100, 131.25800, 130.66900, 130.87200
130.84900, 131.41100, 130.63500, 130.71500
130.71300, 130.98800, 130.43300, 130.57500
130.56600, 130.75500, 130.22300, 130.33500
130.39900, 130.59000, 129.67300, 129.75200
129.73300, 130.10800, 129.59500, 129.96000
129.94900, 130.07000, 129.02700, 129.18000
129.14900, 129.93900, 129.00400, 129.91900
129.91400, 129.98000, 127.97000, 128.60100
128.60200, 129.31700, 128.49800, 129.06500
129.04800, 129.59100, 128.88400, 129.50800
129.49400, 129.55300, 128.68100, 129.25000
129.24900, 129.52100, 129.16000, 129.24100
129.23200, 129.32100, 127.78600, 128.17200
128.30200, 128.56200, 127.48300, 128.20000
128.18900, 128.59600, 127.63700, 128.29000
128.26600, 128.77800, 127.55700, 127.66300
127.63500, 128.21500, 127.50500, 127.89100
127.85900, 128.33200, 127.37500, 127.57800
127.53000, 128.07800, 127.50500, 128.06600
127.98200, 128.45700, 127.59300, 127.96600
127.85300, 129.10000, 127.79300, 128.93800
128.87800, 129.06400, 127.92800, 128.12000
128.07700, 128.39400, 127.80200, 128.29000
128.17600, 128.45100, 128.00200, 128.17600
128.06700, 128.54900, 127.98500, 128.05000
127.96600, 128.81100, 127.96600, 128.79600
128.74900, 129.63000, 128.44000, 128.82500
128.78400, 128.97400, 127.75000, 127.76800
127.67000, 128.30400, 127.50900, 128.12800
128.10600, 128.74500, 128.00600, 128.70800
128.66900, 129.49300, 128.50000, 129.26300
129.24800, 129.71800, 129.04100, 129.59900
129.59600, 129.74100, 129.38700, 129.42800
129.25400, 130.14600, 129.25100, 130.11700
130.08500, 130.21700, 129.60100, 129.83800
129.83300, 130.55600, 129.64200, 130.50100
130.47400, 130.58100, 130.11500, 130.31300
130.28200, 130.99900, 130.15200, 130.94700
130.77300, 130.99400, 130.01500, 130.31000
130.28700, 131.45400, 130.16000, 131.06900
131.04600, 131.59000, 130.83300, 131.34900
131.32900, 131.42200, 130.63100, 130.88700
130.86300, 131.33900, 130.74500, 131.25300
131.23700, 131.35700, 130.15300, 130.51700
130.48600, 131.18800, 130.34200, 131.06400
131.06700, 131.46600, 130.94100, 131.14500
131.14100, 131.43200, 130.61200, 130.76300
130.76400, 130.84600, 129.77000, 130.34400
130.22600, 130.81900, 130.22600, 130.70000
130.69800, 131.17100, 129.69000, 129.78700
129.75700, 129.97900, 129.38500, 129.65800
129.65200, 130.07800, 129.04100, 129.07800
129.06400, 129.30100, 128.55000, 128.92400
128.82900, 129.15000, 128.40000, 129.07700
129.05700, 129.18900, 128.23800, 128.67500
128.65800, 129.23200, 128.55700, 128.90600
128.87600, 129.00600, 128.31800, 128.55400
128.53800, 128.84500, 128.34300, 128.43600
128.46100, 129.36900, 128.44700, 129.31000
129.28900, 129.52800, 128.86000, 129.29100
129.26500, 129.46500, 129.03600, 129.36100
129.33900, 131.53000, 129.18000, 131.52400
131.49100, 132.08200, 131.37900, 131.87300
132.02600, 132.11900, 131.24800, 131.65500
131.64800, 132.02500, 131.47000, 131.90800
131.89100, 132.15000, 131.61900, 131.99000
131.96800, 133.14500, 131.85800, 132.56800
132.54100, 132.60800, 130.37100, 130.95900
130.79800, 131.37900, 130.03400, 130.63800
130.62100, 131.53000, 130.42600, 131.31400
131.28800, 131.89700, 131.09900, 131.30000
131.29800, 131.49200, 130.38900, 130.56500
130.54500, 131.11400, 130.20000, 130.26200
130.27600, 130.88600, 129.74100, 129.79300
129.78400, 130.76000, 129.34800, 130.31800
130.29900, 130.70100, 129.93500, 130.00900
129.99300, 130.01700, 127.90900, 129.30200
129.29000, 130.28400, 128.71200, 130.21400
128.45000, 129.77400, 128.42600, 128.97500
128.95600, 129.23700, 127.36300, 127.80400
127.77200, 128.76500, 127.28700, 128.49500
128.48300, 128.50100, 127.57700, 127.75700
127.75300, 127.80900, 125.06200, 125.53000
125.54200, 125.94100, 124.38500, 125.13700
125.11600, 126.72300, 125.01200, 126.09300
126.05800, 128.45800, 125.98200, 128.27700
128.25500, 128.86600, 127.40900, 127.60000
127.56900, 129.02800, 127.46100, 127.99900
128.08600, 129.70300, 127.96700, 129.30600
129.30500, 130.02200, 129.27100, 129.51100
129.51500, 131.08400, 129.51500, 130.98300
130.97900, 131.90200, 130.71200, 131.52900
131.52700, 131.91000, 131.18000, 131.61900
131.56200, 131.96300, 131.37100, 131.60700
131.60400, 133.33000, 131.59100, 133.21900
133.23000, 133.87900, 132.32100, 133.30500
133.30400, 134.60400, 132.94300, 134.51700
134.52800, 134.73500, 133.71500, 133.95700
134.01400, 137.51800, 133.96500, 136.12600
136.05400, 137.29900, 135.30400, 136.23900
136.20900, 136.66600, 134.86800, 135.94000
135.92900, 136.83200, 134.50700, 134.67700
134.63800, 135.87000, 134.54000, 135.35300
135.32900, 135.67200, 134.56100, 134.69600
134.68800, 135.11700, 134.28700, 134.77500
134.72800, 135.46500, 134.56100, 134.88800
134.86200, 135.49300, 134.40800, 134.89200
134.86900, 135.36000, 134.34400, 135.14700
135.26600, 137.11700, 135.26600, 136.45800
136.44000, 136.63600, 135.53300, 135.76300
135.73000, 136.86500, 135.60600, 136.85000
136.77300, 136.92800, 135.51000, 136.32400
136.30200, 136.88100, 136.20800, 136.52000
136.39600, 137.01800, 136.39500, 136.90800
136.88900, 139.08500, 136.81600, 139.07000
139.04100, 139.67900, 138.38700, 138.72200
138.64600, 139.99400, 138.51600, 139.07700
139.05600, 139.48000, 138.24800, 138.82500
138.79600, 139.16700, 136.47600, 137.23100
137.22000, 137.53000, 135.33700, 135.34600
135.33300, 136.15100, 134.76400, 135.61700
135.58500, 137.98500, 135.42200, 137.40300
137.37900, 137.97300, 136.49300, 136.96800
136.77700, 137.62700, 136.50500, 136.75800
136.70400, 137.36100, 136.53200, 136.94600
136.92500, 137.41500, 136.58500, 137.15300
137.11700, 137.56600, 136.81500, 137.20500
137.17500, 138.14700, 136.72900, 137.64600
137.51200, 138.30900, 137.05600, 137.62100
137.60000, 138.07200, 137.01500, 137.33200
137.31400, 137.69900, 136.17000, 136.65500
136.62600, 136.73000, 132.64700, 133.19100
133.14700, 134.74300, 133.01100, 134.52600
134.52100, 135.03800, 133.74200, 134.70900
134.68900, 136.68600, 134.48400, 136.47200
136.45700, 136.65900, 134.06300, 134.19500
134.15700, 135.45000, 133.91500, 135.27800
135.25500, 135.78700, 134.57300, 135.05500
134.98400, 136.79200, 134.65200, 136.73700
136.70700, 136.77700, 135.54300, 136.18400
136.15200, 136.22800, 134.97700, 135.92200
135.88100, 136.62800, 135.22000, 136.31200
136.26400, 136.71900, 135.83500, 136.39500
136.19200, 137.65700, 136.10600, 137.54100
137.49900, 138.22700, 136.78900, 138.13000
138.09000, 138.96500, 137.99400, 138.63700
138.60100, 139.58900, 138.38500, 139.58400
139.51800, 140.36200, 139.25900, 140.17400
140.15300, 141.11200, 139.83000, 141.03600
141.03200, 142.05100, 140.94100, 141.99500
141.93400, 144.24300, 141.75900, 143.86300
143.76500, 144.17500, 142.33300, 142.68700
142.65500, 142.78300, 140.79300, 141.34400
141.19800, 141.75400, 139.38000, 139.92800
139.91800, 141.09200, 139.47200, 141.08100
141.06100, 141.47500, 139.51900, 139.79900
139.74700, 140.59400, 137.82700, 139.48200
139.44300, 141.96300, 139.28300, 141.62700
141.36700, 142.34500, 141.36000, 141.97700
141.90000, 143.98500, 141.65300, 143.97500
143.96600, 144.23500, 142.66000, 143.93700
143.91800, 143.98100, 141.39100, 142.01200
141.97300, 142.75900, 141.38900, 142.65500
142.35700, 143.47500, 142.01800, 143.37200
143.35300, 144.26800, 142.85800, 143.25000
143.22900, 143.84600, 142.47600, 142.61800
142.60400, 142.85300, 141.36300, 142.29500
142.25800, 142.42500, 139.78400, 141.01700
140.88600, 141.65300, 140.60300, 141.41600
141.35400, 142.36400, 138.93800, 139.47300
139.44000, 139.48700, 137.26300, 138.40700
138.38800, 139.06100, 137.97500, 138.20100
138.18400, 138.70200, 136.85700, 138.58900
138.36700, 139.16100, 137.87600, 137.97200
137.95000, 138.06900, 137.01100, 137.34800
137.33100, 138.78900, 137.11700, 138.21300
138.19500, 139.75500, 137.98300, 139.22600
139.19800, 139.87800, 138.73300, 139.71600
139.69100, 140.78900, 139.36800, 140.13500
140.10000, 141.43700, 139.68500, 141.30900
141.30200, 141.92100, 140.41700, 140.74900
140.71800, 142.31600, 140.12300, 140.43700
140.42700, 140.68200, 138.76900, 138.92900
138.99800, 140.06700, 138.70300, 139.67600
139.64800, 139.82900, 138.12500, 138.54300
138.51500, 139.49700, 138.41200, 139.34900
139.29500, 139.31600, 136.36500, 136.87300
136.86100, 137.31700, 135.53800, 136.22500
136.04200, 136.33800, 134.98800, 135.00800
135.01500, 135.39300, 133.39100, 135.32800
135.32600, 136.41000, 134.81400, 136.13300
136.08900, 136.91000, 135.63100, 136.22300
136.17900, 137.74700, 135.79200, 137.37200
137.38700, 137.91500, 137.05900, 137.63900
137.61500, 138.30100, 137.25100, 138.03000
138.00200, 138.38500, 136.60300, 136.84500
136.83800, 137.38300, 136.29100, 137.28900
137.26100, 137.71200, 136.88100, 136.89600
136.80100, 137.05900, 135.26800, 135.40700
135.40300, 136.90900, 134.93900, 136.50900
136.47400, 137.87200, 136.25300, 137.47700
137.45500, 137.65000, 136.55000, 137.07300
137.04400, 137.95600, 136.93400, 137.40900
137.32200, 137.93800, 136.38800, 136.70700
136.68800, 137.05200, 135.70900, 136.30200
136.30200, 136.76900, 135.50800, 136.68800
136.63600, 136.97400, 136.00600, 136.11000
136.08100, 137.95900, 136.05200, 137.00800
137.07400, 138.96500, 136.97800, 138.68100
138.62800, 139.20700, 138.25200, 139.01200
138.98400, 139.71900, 138.25800, 139.68500
139.65000, 139.98600, 138.91800, 139.45900
139.43600, 140.73900, 139.25100, 139.61800
139.11200, 139.63400, 138.68200, 139.55700
139.53900, 141.75100, 139.49400, 141.41600
141.41400, 144.00200, 141.31200, 143.84100
143.84300, 144.31900, 143.16800, 144.06300
144.03600, 144.71600, 142.63100, 143.27900
143.44500, 145.62700, 143.36500, 144.59200
144.58500, 145.40600, 143.99700, 144.06700
144.07300, 144.46500, 142.28700, 142.85500
142.84300, 143.67400, 142.55400, 143.42900
143.39800, 143.52500, 142.50100, 143.13600
143.03400, 143.60300, 142.78900, 143.54200
143.52800, 144.03000, 143.00800, 143.32000
143.30000, 143.58400, 141.63100, 141.74600
141.73900, 143.69000, 138.69700, 140.01400
139.97200, 140.25200, 138.65600, 138.86900
138.86700, 139.51400, 137.34200, 139.03000
139.01400, 139.53700, 138.60800, 138.91900
138.89000, 140.39100, 138.05000, 140.30000
140.28200, 141.71000, 139.40700, 141.66900
141.68400, 142.28400, 140.74800, 141.87100
141.68000, 142.45300, 141.36300, 142.01800
142.01500, 144.06900, 141.94100, 143.95600
143.92700, 144.07800, 142.43100, 143.00600
142.93200, 143.44800, 141.95200, 142.08600
142.07200, 142.20500, 141.17200, 141.57600
141.36900, 141.80200, 140.89100, 141.42500
141.40400, 142.18900, 140.97900, 141.51000
141.49700, 142.62200, 141.39900, 142.55100
142.52400, 144.08500, 141.74300, 143.93400
143.90000, 144.83700, 143.46800, 144.62400
144.50200, 146.70300, 144.29400, 146.69800
146.67600, 147.19000, 145.79100, 147.12400
147.10000, 147.24300, 146.07000, 146.48100
146.46900, 147.29100, 146.23100, 146.94500
146.91400, 148.39200, 144.06600, 145.58900
145.70700, 147.34900, 143.65500, 147.15600
147.10200, 147.47400, 146.62100, 147.44400
147.42700, 147.70300, 146.95100, 147.58800
147.55200, 147.69000, 145.54300, 145.71900
145.70500, 147.35900, 145.48400, 146.94900
147.06800, 147.74800, 146.70100, 147.01200
147.00500, 147.10700, 145.96100, 146.40800
146.39500, 146.46800, 144.98200, 145.04600
145.02700, 145.33600, 144.02800, 144.49900
144.49200, 146.12800, 144.22600, 146.03700
145.63300, 146.99300, 145.33600, 146.94100
146.90400, 146.98600, 145.97600, 146.74200
146.70500, 147.10300, 146.30600, 146.58600
146.55700, 146.73700, 143.19400, 143.85600
143.83600, 145.02600, 142.54600, 143.64600
143.80000, 145.24500, 143.46200, 144.51700
144.48100, 145.35300, 143.33900, 144.18300
144.15300, 145.49100, 143.56200, 145.02900
144.97300, 145.46400, 144.43700, 145.32200
145.25800, 145.53900, 144.54700, 144.84300
144.76200, 145.63600, 144.31800, 145.50600
145.49800, 145.70300, 144.88300, 145.47800
145.47800, 146.12600, 144.63000, 145.09900
145.06700, 145.19200, 143.64500, 144.33000
144.27100, 145.14300, 144.10700, 144.50100
144.49300, 144.99600, 143.03600, 143.63200
143.59800, 144.01500, 143.00600, 143.23200
143.21100, 144.83900, 143.13700, 143.68700
143.67100, 143.75500, 141.89700, 142.45900
142.39900, 142.47300, 140.75300, 141.56500
141.62900, 143.61000, 141.48900, 143.51500
143.47100, 143.99500, 143.08800, 143.42500
143.35800, 144.57200, 143.14300, 143.50200
143.47300, 144.35200, 143.24100, 144.28000
144.23100, 144.45900, 143.09600, 143.83400
143.68500, 145.09400, 143.68500, 145.02700
145.00200, 145.33600, 143.51200, 144.14600
144.11600, 144.74100, 143.46400, 144.72800
144.71700, 146.72300, 144.29600, 146.43900
146.40200, 146.59200, 144.61000, 144.76600
143.94100, 145.48600, 143.92900, 145.23900
145.20600, 145.82300, 138.79200, 139.97800
139.91900, 140.76100, 139.64700, 140.41500
140.37900, 140.65000, 139.95400, 140.23300
140.19000, 141.20700, 140.03900, 140.92800
141.00600, 141.50100, 140.96500, 141.30600
141.27600, 142.26600, 141.12400, 141.99100
141.95800, 142.93200, 141.86100, 142.68400
142.64400, 142.65900, 141.56500, 141.81500
141.79800, 141.88300, 139.98700, 140.29800
139.76800, 140.21100, 139.24800, 139.27500
139.28200, 140.00000, 137.37600, 138.18700
138.18800, 140.74900, 137.86600, 140.69300
140.61800, 141.35300, 139.95400, 140.37900
140.34700, 141.43900, 140.19500, 140.63100
140.39200, 141.90800, 140.15400, 141.54200
141.50400, 142.04300, 141.08200, 141.92800
141.88400, 142.84700, 141.69400, 142.52100
142.50100, 142.50600, 140.00400, 140.33100
140.29400, 140.38700, 138.00300, 138.50300
138.39600, 139.28400, 138.22600, 139.06300
139.04200, 139.60900, 138.19000, 138.28100
138.25400, 141.67600, 138.15200, 139.13200
139.10000, 139.42000, 137.91100, 139.09600
139.04900, 141.18600, 139.00700, 140.68100
140.64300, 142.06900, 140.46300, 142.06100
142.02700, 142.19500, 141.24900, 141.73300
141.72300, 142.28700, 140.75100, 141.43000
141.42200, 141.90300, 140.86200, 141.85800
141.81700, 141.81700, 140.81200, 141.08100
140.79800, 141.96600, 140.54400, 141.52600
141.50400, 141.61000, 140.73400, 141.33100
141.28500, 141.82900, 140.89600, 141.66400
141.64500, 141.92900, 140.07600, 140.42300
140.37600, 142.33800, 139.92200, 141.58900
142.53300, 142.79900, 141.97100, 142.24900
142.23800, 142.33100, 140.27900, 140.62300
140.58600, 141.02000, 140.28200, 140.84400
140.80100, 141.32500, 140.39700, 141.22300
141.22200, 141.49900, 139.54100, 140.29200
140.27600, 142.37600, 140.26500, 141.98400
141.95500, 142.93700, 141.50900, 142.87600
142.86700, 143.43000, 142.33800, 143.37500
143.35800, 143.43200, 142.84700, 142.95200
142.94500, 143.66200, 142.90100, 143.45100
143.35800, 143.64600, 143.02000, 143.48100
143.45400, 144.15200, 143.16000, 143.72400
143.70700, 143.87700, 143.03500, 143.08400
143.06800, 143.50900, 142.55200, 142.72300
142.71400, 144.00100, 142.14000, 143.91500
143.87800, 144.53900, 143.55700, 144.53000
144.49100, 145.46300, 143.86900, 144.04300
144.00900, 145.34900, 143.91100, 145.33400
145.29500, 145.55900, 144.76500, 144.91500
144.90600, 145.03300, 144.28500, 144.44500
144.46600, 145.37200, 144.10600, 145.20900
145.15100, 145.43300, 144.55100, 144.68900
144.65400, 145.22700, 144.22800, 144.85000
144.84100, 144.84100, 143.61300, 144.03000
144.02200, 145.09500, 143.33900, 143.70400
143.21700, 144.38000, 141.36300, 142.91100
142.91100, 144.40100, 142.52600, 144.06400
144.06600, 144.95700, 139.46700, 140.99500
141.00700, 141.99100, 139.11200, 141.73300
141.75900, 142.20500, 140.15000, 140.46700
140.84500, 141.73800, 138.81500, 140.76600
140.77000, 142.78100, 140.41000, 142.64100
142.60500, 143.61900, 142.29600, 142.68100
142.63200, 143.19000, 141.15100, 141.70700
141.71300, 141.84000, 139.06000, 140.57900
140.52200, 142.20800, 140.47500, 142.05100
142.00300, 142.14200, 141.03800, 141.96700
141.88900, 144.08300, 141.64100, 144.05000
144.02000, 145.07200, 143.12100, 144.69600
144.64100, 145.66200, 143.87700, 143.99600
144.39300, 144.92500, 143.61300, 144.35100
144.30800, 145.42100, 143.95000, 144.29400
144.25500, 144.43300, 142.66200, 143.13300
143.09900, 143.99400, 142.54100, 143.85600
143.81700, 144.20200, 143.51900, 143.98700
143.93800, 145.14100, 143.79100, 145.09700
145.03300, 145.95400, 144.80000, 145.89800
145.83400, 146.65400, 145.62600, 146.33200
146.30900, 146.87400, 146.06800, 146.45000
146.43700, 147.14900, 146.23300, 147.03500
147.01800, 147.44400, 146.65400, 146.94700
146.89200, 147.37200, 146.71400, 147.11500
147.09500, 147.85000, 146.95500, 147.54600
147.53500, 147.82400, 147.01000, 147.23700
147.21800, 147.55600, 146.39200, 147.38500
147.16500, 148.46200, 147.10900, 148.27000
148.24900, 148.61700, 146.28000, 146.73200
146.68900, 147.90700, 146.44600, 147.58100
147.54400, 147.98000, 147.13500, 147.73600
147.69900, 150.42300, 146.81600, 150.02900
150.00100, 150.95100, 149.98300, 150.90700
150.85000, 151.60400, 149.82200, 150.25400
150.19900, 150.38000, 149.13400, 149.14600
149.10300, 149.19500, 147.11500, 147.87300
147.81200, 148.69400, 147.67700, 148.55400
148.41200, 149.26000, 148.41200, 148.66900
148.61400, 148.68400, 147.87900, 148.20500
148.16300, 148.66100, 147.03100, 147.57900
147.54900, 147.56500, 146.12400, 146.88600
146.88300, 147.46000, 146.65200, 147.24700
147.20700, 148.16600, 147.13500, 147.99300
147.97500, 148.49000, 147.59600, 148.13600
148.11900, 149.22800, 148.05500, 149.13400
149.12200, 149.43800, 148.76500, 149.38900
149.33000, 149.79200, 148.70400, 149.05100
149.07600, 149.91600, 148.83200, 149.84400
149.79200, 150.04400, 149.09500, 149.24800
149.23200, 149.92600, 148.83200, 149.91000
149.87200, 150.30500, 149.28200, 150.18800
150.15600, 150.92500, 149.78400, 150.78200
150.69000, 151.05500, 150.08600, 150.38500
150.35800, 150.61800, 149.72400, 150.03400
150.00800, 150.09400, 148.58100, 148.88700
148.87700, 149.67200, 148.61000, 149.36200
149.30800, 149.95500, 149.13900, 149.83300
149.83700, 150.18700, 149.16300, 149.49800
149.48800, 149.68400, 148.81300, 149.31800
149.30600, 150.00600, 148.62300, 149.95600
149.90900, 150.03400, 149.57700, 149.76500
149.71600, 150.43000, 149.56400, 149.79900
149.69200, 150.33400, 149.65300, 150.17200
150.15400, 151.36700, 150.02300, 151.32400
151.29800, 151.76900, 150.91100, 151.74300
151.71000, 153.67400, 151.52600, 153.52900
153.51400, 155.22300, 153.08200, 155.22300
154.77300, 155.31100, 154.64000, 155.06500
155.01400, 155.36800, 154.03900, 154.39900
154.36000, 155.90000, 154.22100, 155.86200
155.81300, 156.92300, 155.60000, 156.76000
156.73300, 156.81700, 155.04600, 156.55500
156.35600, 156.71400, 155.74200, 156.49500
156.50000, 157.92700, 156.38100, 157.90700
157.89200, 157.98900, 157.22000, 157.68100
157.64900, 157.91300, 157.23400, 157.31200
157.29600, 157.87100, 156.65800, 157.42400
157.32100, 157.94500, 157.24400, 157.90100
157.86200, 157.89500, 157.13000, 157.14600
157.11700, 157.71200, 156.77400, 157.00600
156.96800, 157.12600, 155.83100, 156.89900
156.88200, 156.92200, 155.37400, 155.81000
155.70300, 156.66100, 155.31900, 155.43700
155.43900, 155.66300, 154.16900, 154.50500
154.47300, 154.48100, 153.33200, 154.18800
154.14500, 155.12200, 153.87200, 154.98100
154.89900, 156.12600, 154.16000, 155.83400
155.57000, 156.33000, 155.08600, 155.90500
155.86500, 156.13500, 154.86200, 155.88300
155.86500, 157.19300, 155.81100, 156.48300
156.43900, 156.61200, 155.85900, 155.89500
155.89300, 158.03700, 155.57700, 157.78000
157.38300, 157.77400, 156.23000, 156.54100
156.51800, 156.88100, 155.60500, 155.77600
155.72400, 155.97800, 155.13400, 155.46800
155.42500, 156.22500, 152.17700, 153.13900
153.09100, 155.59600, 151.39300, 155.50000
155.19900, 157.27000, 155.09900, 156.45100
156.40200, 157.47800, 156.30000, 157.42700
157.40100, 157.48900, 156.24200, 156.77900
156.76600, 157.22300, 155.52200, 156.02400
156.02200, 156.62000, 155.88700, 156.09200
156.00400, 156.84400, 155.79200, 156.75000
156.72500, 157.73000, 156.33500, 157.06000
157.03100, 157.88700, 156.77500, 157.71100
157.69700, 159.20100, 157.61200, 158.93300
158.90800, 159.20500, 158.46300, 158.66400
158.64500, 158.82900, 158.17800, 158.71200
158.67300, 159.32400, 158.39300, 158.73000
158.69400, 159.24700, 158.58000, 159.19800
159.19200, 159.28900, 158.24000, 158.55200
158.00900, 158.00900, 158.00900, 158.00900