1.69992, 1.70416, 1.69918, 1.69973
1.70167, 1.70632, 1.70067, 1.70501
1.70538, 1.70919, 1.68767, 1.69091
1.69075, 1.69165, 1.67971, 1.68069
1.67945, 1.68721, 1.67672, 1.68329
1.68096, 1.69100, 1.68088, 1.68786
1.68837, 1.68882, 1.68034, 1.68582
1.68553, 1.68701, 1.67411, 1.67778
1.67778, 1.68286, 1.67591, 1.68079
1.67882, 1.68238, 1.66875, 1.67130
1.67079, 1.67935, 1.66725, 1.67626
1.67545, 1.68598, 1.67457, 1.68147
1.68058, 1.68919, 1.67990, 1.68483
1.68443, 1.69254, 1.68357, 1.69010
1.68860, 1.70071, 1.68573, 1.69753
1.69707, 1.70694, 1.69707, 1.70363
1.69997, 1.70833, 1.69994, 1.70743
1.70753, 1.72018, 1.70545, 1.71828
1.71727, 1.72501, 1.71706, 1.72019
1.71934, 1.72561, 1.71240, 1.71359
1.71345, 1.71655, 1.70910, 1.71102
1.71093, 1.71798, 1.71053, 1.71648
1.71558, 1.71736, 1.71118, 1.71202
1.71090, 1.71439, 1.70503, 1.70850
1.70735, 1.70991, 1.70029, 1.70219
1.70163, 1.70701, 1.69999, 1.70280
1.70197, 1.70475, 1.69647, 1.69888
1.69805, 1.70456, 1.69684, 1.70204
1.70103, 1.70427, 1.69625, 1.69724
1.69608, 1.71792, 1.69575, 1.71112
1.71059, 1.71687, 1.70704, 1.71350
1.71398, 1.72763, 1.71319, 1.72508
1.72448, 1.72926, 1.72059, 1.72489
1.72468, 1.72533, 1.70582, 1.71181
1.71138, 1.71666, 1.70495, 1.71533
1.71369, 1.71572, 1.69939, 1.70014
1.70032, 1.70478, 1.69606, 1.69727
1.69685, 1.70195, 1.68906, 1.69789
1.69774, 1.70599, 1.68994, 1.69122
1.68993, 1.69796, 1.68771, 1.69101
1.69153, 1.69376, 1.68310, 1.68316
1.68648, 1.69014, 1.67035, 1.67429
1.67395, 1.67856, 1.66567, 1.67191
1.67180, 1.67639, 1.66268, 1.66916
1.66841, 1.67578, 1.66096, 1.67057
1.66964, 1.67705, 1.66576, 1.66835
1.66958, 1.67192, 1.66114, 1.66313
1.66320, 1.66876, 1.66008, 1.66804
1.66794, 1.67508, 1.66152, 1.67406
1.67400, 1.68210, 1.67271, 1.67825
1.67847, 1.68120, 1.67125, 1.67377
1.67558, 1.67988, 1.67277, 1.67782
1.67776, 1.67888, 1.67043, 1.67614
1.67605, 1.68253, 1.66888, 1.67896
1.67896, 1.68418, 1.65694, 1.65862
1.65862, 1.67435, 1.65739, 1.67094
1.67046, 1.67689, 1.66737, 1.67629
1.67486, 1.68299, 1.67028, 1.67860
1.67857, 1.68871, 1.67429, 1.68632
1.68629, 1.69258, 1.68098, 1.68918
1.68916, 1.69224, 1.68167, 1.68626
1.68491, 1.69859, 1.68484, 1.69676
1.69558, 1.70197, 1.69496, 1.70003
1.69989, 1.71137, 1.69549, 1.70093
1.70093, 1.71567, 1.69701, 1.71251
1.71186, 1.72590, 1.71062, 1.72370
1.71893, 1.73456, 1.71807, 1.73316
1.73310, 1.73776, 1.72494, 1.72646
1.72646, 1.72793, 1.71776, 1.72346
1.72362, 1.72838, 1.72039, 1.72200
1.72229, 1.72288, 1.71524, 1.71611
1.71627, 1.72190, 1.71619, 1.71838
1.71836, 1.72126, 1.71407, 1.71795
1.71865, 1.73031, 1.71721, 1.72823
1.72678, 1.72996, 1.72147, 1.72181
1.72181, 1.72865, 1.71992, 1.72636
1.72808, 1.73091, 1.72382, 1.72777
1.72771, 1.73286, 1.71308, 1.71931
1.71891, 1.72317, 1.71252, 1.71329
1.71329, 1.72852, 1.71175, 1.72714
1.72711, 1.73051, 1.72001, 1.72085
1.72456, 1.72605, 1.71697, 1.72345
1.72325, 1.72494, 1.71676, 1.71819
1.71817, 1.72058, 1.71306, 1.71549
1.71543, 1.72045, 1.71323, 1.71632
1.71631, 1.71922, 1.71362, 1.71494
1.71410, 1.71831, 1.71179, 1.71528
1.71528, 1.72269, 1.71367, 1.71483
1.71483, 1.72144, 1.71361, 1.71723
1.71697, 1.72106, 1.71569, 1.71858
1.71828, 1.72278, 1.71369, 1.71401
1.71253, 1.71724, 1.71198, 1.71599
1.71596, 1.72250, 1.71509, 1.72207
1.72206, 1.72414, 1.71851, 1.72076
1.72056, 1.74779, 1.72056, 1.74290
1.74280, 1.74874, 1.72597, 1.73418
1.72944, 1.73544, 1.72673, 1.73418
1.73408, 1.73448, 1.72200, 1.72568
1.72566, 1.73094, 1.72368, 1.72847
1.72836, 1.73035, 1.72287, 1.72714
1.72714, 1.72837, 1.72321, 1.72331
1.72236, 1.73038, 1.72205, 1.72825
1.72783, 1.73431, 1.72520, 1.72799
1.72761, 1.73272, 1.72229, 1.73135
1.73030, 1.73989, 1.72806, 1.73921
1.73919, 1.74253, 1.73575, 1.73646
1.73619, 1.74511, 1.73562, 1.74318
1.74307, 1.74779, 1.74148, 1.74298
1.74287, 1.74720, 1.73833, 1.74412
1.74386, 1.75968, 1.74285, 1.75189
1.75189, 1.75805, 1.75111, 1.75208
1.75141, 1.76040, 1.75063, 1.75991
1.76004, 1.76847, 1.75696, 1.76757
1.76749, 1.77343, 1.76242, 1.76489
1.76478, 1.76856, 1.76048, 1.76426
1.76426, 1.77122, 1.76209, 1.76826
1.76837, 1.77871, 1.76683, 1.77716
1.77709, 1.78256, 1.77415, 1.77834
1.77818, 1.78224, 1.77128, 1.77283
1.77188, 1.78042, 1.77066, 1.77926
1.77926, 1.78075, 1.77405, 1.77486
1.77484, 1.77767, 1.77274, 1.77589
1.77589, 1.77820, 1.76985, 1.77124
1.77116, 1.77356, 1.76380, 1.76515
1.76503, 1.76776, 1.75424, 1.76145
1.76098, 1.76325, 1.75637, 1.75783
1.75971, 1.77272, 1.75663, 1.76833
1.76825, 1.77254, 1.76691, 1.76985
1.76972, 1.77308, 1.75837, 1.76392
1.76379, 1.76768, 1.75916, 1.76012
1.76012, 1.76362, 1.74788, 1.75305
1.75420, 1.75938, 1.74809, 1.75021
1.74922, 1.75544, 1.74806, 1.75120
1.75077, 1.76492, 1.75035, 1.76201
1.76197, 1.77825, 1.76087, 1.77746
1.77707, 1.79049, 1.77576, 1.78871
1.78786, 1.79289, 1.77728, 1.78053
1.78053, 1.78473, 1.77554, 1.77589
1.77588, 1.78829, 1.77184, 1.78753
1.78744, 1.78782, 1.77232, 1.77617
1.77616, 1.78073, 1.77067, 1.77478
1.77392, 1.77844, 1.76656, 1.76681
1.76681, 1.76906, 1.75556, 1.75691
1.75672, 1.75969, 1.75286, 1.75639
1.75639, 1.75972, 1.74943, 1.75036
1.75036, 1.75552, 1.73552, 1.74646
1.74144, 1.75158, 1.74144, 1.74949
1.74895, 1.75346, 1.74591, 1.75049
1.75042, 1.75216, 1.74006, 1.74706
1.74706, 1.75251, 1.74075, 1.74348
1.74347, 1.75876, 1.74116, 1.74722
1.74670, 1.74826, 1.73701, 1.74316
1.74313, 1.74437, 1.72890, 1.73077
1.73058, 1.73711, 1.72666, 1.73457
1.73504, 1.73551, 1.71266, 1.71695
1.71669, 1.71744, 1.70596, 1.71168
1.71531, 1.71679, 1.70700, 1.71141
1.71251, 1.71555, 1.69486, 1.69547
1.69445, 1.69963, 1.68025, 1.68465
1.68393, 1.68830, 1.68063, 1.68201
1.68105, 1.68547, 1.67940, 1.68126
1.68176, 1.68332, 1.66774, 1.67149
1.67133, 1.67301, 1.66349, 1.66929
1.66906, 1.67233, 1.66078, 1.66455
1.66421, 1.66823, 1.65575, 1.65892
1.65781, 1.66794, 1.65616, 1.65970
1.66141, 1.67668, 1.66036, 1.67519
1.67419, 1.67522, 1.66426, 1.67364
1.67455, 1.67633, 1.66395, 1.66656
1.66529, 1.67909, 1.66461, 1.67350
1.67282, 1.67775, 1.66517, 1.67121
1.67651, 1.67836, 1.66916, 1.67271
1.67231, 1.67733, 1.66241, 1.66247
1.66189, 1.66397, 1.65142, 1.65428
1.65333, 1.66283, 1.65273, 1.66142
1.65971, 1.66154, 1.64429, 1.64471
1.64026, 1.64560, 1.63413, 1.63910
1.63843, 1.64172, 1.63346, 1.63687
1.63624, 1.64699, 1.63286, 1.64481
1.64468, 1.65736, 1.64374, 1.65395
1.65326, 1.66426, 1.64954, 1.66061
1.65721, 1.66652, 1.65106, 1.65258
1.65190, 1.65855, 1.64260, 1.64651
1.64643, 1.66238, 1.64221, 1.65779
1.65701, 1.66134, 1.65108, 1.65608
1.65622, 1.67277, 1.65412, 1.66277
1.66175, 1.66978, 1.66155, 1.66684
1.66681, 1.66838, 1.65317, 1.65930
1.65878, 1.68283, 1.65693, 1.68076
1.68039, 1.69672, 1.67811, 1.68929
1.68913, 1.69855, 1.68643, 1.69368
1.69010, 1.70070, 1.68771, 1.69628
1.69195, 1.69556, 1.68596, 1.68716
1.68601, 1.71057, 1.68516, 1.70668
1.70451, 1.71093, 1.70423, 1.70566
1.70372, 1.70865, 1.70060, 1.70586
1.70883, 1.71001, 1.70073, 1.70510
1.70406, 1.72102, 1.67898, 1.70242
1.70183, 1.70749, 1.68858, 1.69117
1.68895, 1.70029, 1.68886, 1.69908
1.69900, 1.70395, 1.69455, 1.70186
1.70091, 1.70213, 1.68856, 1.70040
1.70000, 1.70577, 1.69437, 1.69588
1.69565, 1.69705, 1.67635, 1.67719
1.67808, 1.68784, 1.67707, 1.68123
1.68075, 1.68237, 1.67139, 1.67404
1.67302, 1.68699, 1.66910, 1.68138
1.68096, 1.69344, 1.67888, 1.68383
1.68361, 1.68830, 1.67748, 1.68430
1.68057, 1.69372, 1.68057, 1.68860
1.68726, 1.69409, 1.68296, 1.68331
1.68197, 1.68514, 1.66997, 1.67657
1.67624, 1.68106, 1.66982, 1.67238
1.67113, 1.67590, 1.66554, 1.66681
1.66872, 1.67413, 1.66101, 1.67281
1.67251, 1.67610, 1.66769, 1.67300
1.67192, 1.67636, 1.66307, 1.66421
1.66491, 1.66700, 1.65277, 1.65431
1.65525, 1.66159, 1.65342, 1.66127
1.66058, 1.66479, 1.65902, 1.66098
1.65865, 1.66457, 1.65385, 1.65406
1.65205, 1.67949, 1.65163, 1.67653
1.67673, 1.68430, 1.67528, 1.67973
1.67946, 1.68488, 1.67506, 1.67768
1.67840, 1.67875, 1.67209, 1.67465
1.67423, 1.68369, 1.67281, 1.68094
1.68090, 1.68350, 1.65451, 1.65699
1.65629, 1.65744, 1.64699, 1.65166
1.65097, 1.65735, 1.64105, 1.64458
1.64592, 1.65303, 1.64141, 1.65091
1.65095, 1.65749, 1.64697, 1.64697
1.64653, 1.65442, 1.64593, 1.65377
1.65293, 1.66660, 1.64968, 1.66586
1.66569, 1.67676, 1.65425, 1.65487
1.65102, 1.65400, 1.64650, 1.64989
1.64959, 1.65387, 1.64795, 1.65213
1.65274, 1.66524, 1.64966, 1.66074
1.66041, 1.67279, 1.65826, 1.66950
1.66993, 1.67272, 1.66396, 1.67057
1.66645, 1.67046, 1.66104, 1.66117
1.66314, 1.66918, 1.66000, 1.66337
1.66224, 1.67251, 1.66201, 1.67049
1.66940, 1.67141, 1.65500, 1.65650
1.65598, 1.65876, 1.64978, 1.65060
1.65276, 1.65365, 1.64356, 1.64601
1.64620, 1.64893, 1.64043, 1.64516
1.64500, 1.65423, 1.64500, 1.65245
1.65262, 1.65990, 1.65110, 1.65417
1.65388, 1.65526, 1.65075, 1.65298
1.65349, 1.65544, 1.65001, 1.65456
1.65454, 1.65711, 1.65118, 1.65631
1.65637, 1.66171, 1.65184, 1.65186
1.65100, 1.65447, 1.64574, 1.65308
1.65301, 1.65419, 1.63683, 1.64340
1.64011, 1.64580, 1.63496, 1.63614
1.63684, 1.64049, 1.62901, 1.63221
1.63229, 1.66001, 1.62893, 1.65420
1.65422, 1.65899, 1.64815, 1.65654
1.65640, 1.65736, 1.64496, 1.64785
1.64439, 1.64766, 1.64304, 1.64745
1.65105, 1.66181, 1.64761, 1.65809
1.65806, 1.66109, 1.65277, 1.65726
1.65696, 1.66275, 1.65356, 1.66146
1.66075, 1.66942, 1.65897, 1.66516
1.66520, 1.67136, 1.66398, 1.67018
1.67016, 1.67293, 1.66727, 1.67029
1.66879, 1.67141, 1.66463, 1.66724
1.66711, 1.67477, 1.66465, 1.67266
1.67132, 1.67868, 1.66771, 1.67061
1.67040, 1.67513, 1.66766, 1.67152
1.67040, 1.67579, 1.66823, 1.66837
1.66662, 1.69150, 1.66566, 1.67967
1.67966, 1.68407, 1.67700, 1.68016
1.68016, 1.68216, 1.67884, 1.68046
1.68122, 1.68731, 1.67966, 1.68556
1.68556, 1.69029, 1.68306, 1.68686
1.68636, 1.69609, 1.68592, 1.69236
1.69236, 1.69276, 1.67977, 1.68006
1.68006, 1.68006, 1.67084, 1.67316
1.67215, 1.67752, 1.66916, 1.67706
1.67699, 1.68329, 1.67426, 1.67946
1.67940, 1.69209, 1.67732, 1.69059
1.69059, 1.69321, 1.68781, 1.68856
1.68856, 1.69044, 1.68143, 1.68586
1.69019, 1.69626, 1.68656, 1.69477
1.69476, 1.69825, 1.68996, 1.69567
1.69566, 1.71486, 1.69346, 1.70214
1.70210, 1.70771, 1.69936, 1.70168
1.70166, 1.70493, 1.69816, 1.70206
1.70228, 1.71141, 1.70024, 1.70916
1.70906, 1.71063, 1.70306, 1.70407
1.70407, 1.71009, 1.70326, 1.70716
1.70716, 1.71226, 1.70313, 1.70956
1.70956, 1.71322, 1.70756, 1.71230
1.70865, 1.71173, 1.70464, 1.70896
1.70835, 1.71770, 1.70664, 1.71526
1.71526, 1.71925, 1.71446, 1.71746
1.71656, 1.71963, 1.71136, 1.71486
1.71481, 1.71646, 1.70833, 1.71026
1.71001, 1.71128, 1.70869, 1.70997
1.70995, 1.71053, 1.70489, 1.70566
1.70566, 1.71299, 1.70473, 1.70996
1.70996, 1.71297, 1.70596, 1.70999
1.70996, 1.71503, 1.70686, 1.70786
1.70757, 1.71048, 1.70268, 1.70386
1.70368, 1.70986, 1.70121, 1.70246
1.70246, 1.70380, 1.69342, 1.69626
1.69626, 1.70338, 1.69168, 1.70276
1.70241, 1.70419, 1.69756, 1.70088
1.69841, 1.71247, 1.69831, 1.71186
1.71155, 1.72165, 1.71086, 1.72046
1.72056, 1.72573, 1.71661, 1.71756
1.71719, 1.72092, 1.71468, 1.71761
1.71758, 1.72757, 1.71590, 1.72691
1.72611, 1.72893, 1.72134, 1.72736
1.72734, 1.73066, 1.71331, 1.71426
1.71391, 1.72005, 1.71266, 1.71731
1.71726, 1.71884, 1.71089, 1.71455
1.71453, 1.72777, 1.71176, 1.72506
1.72532, 1.72692, 1.71966, 1.72217
1.72179, 1.72226, 1.70902, 1.71198
1.71196, 1.72057, 1.69906, 1.70227
1.70226, 1.70372, 1.69556, 1.69666
1.69696, 1.69891, 1.69176, 1.69258
1.68915, 1.69589, 1.68849, 1.69066
1.69103, 1.69860, 1.68842, 1.69141
1.69116, 1.69208, 1.68016, 1.68186
1.68152, 1.68969, 1.68047, 1.68709
1.68704, 1.69776, 1.68537, 1.69326
1.69309, 1.69488, 1.68787, 1.69229
1.69216, 1.69728, 1.69066, 1.69626
1.69626, 1.70512, 1.69109, 1.69376
1.69371, 1.69466, 1.68541, 1.68896
1.68916, 1.69012, 1.68266, 1.68316
1.68289, 1.68503, 1.67462, 1.67559
1.67558, 1.67722, 1.66819, 1.67361
1.67361, 1.67381, 1.66422, 1.66740
1.66732, 1.66943, 1.66088, 1.66246
1.66246, 1.66327, 1.65596, 1.65906
1.65748, 1.66015, 1.65260, 1.65783
1.65805, 1.66430, 1.65761, 1.66338
1.66330, 1.66558, 1.65886, 1.66135
1.66106, 1.67513, 1.65749, 1.67256
1.67256, 1.67848, 1.67046, 1.67616
1.67630, 1.68250, 1.67601, 1.68056
1.68056, 1.68788, 1.67926, 1.68670
1.68643, 1.69292, 1.68493, 1.68786
1.68776, 1.69238, 1.68019, 1.69118
1.69096, 1.70380, 1.68801, 1.69896
1.70070, 1.71562, 1.69993, 1.71562
1.71477, 1.72259, 1.70194, 1.71666
1.71666, 1.75716, 1.71001, 1.73793
1.73786, 1.74113, 1.72466, 1.72520
1.72520, 1.73500, 1.72126, 1.73246
1.73026, 1.74050, 1.72830, 1.74010
1.74007, 1.74728, 1.72745, 1.72998
1.72997, 1.74072, 1.72691, 1.73031
1.73016, 1.73460, 1.72025, 1.72356
1.72356, 1.72808, 1.71986, 1.72594
1.72434, 1.73244, 1.72117, 1.72919
1.72754, 1.73122, 1.72376, 1.72986
1.72976, 1.73463, 1.72843, 1.73096
1.73072, 1.74156, 1.73027, 1.74020
1.74016, 1.74474, 1.73116, 1.74097
1.74536, 1.75925, 1.73527, 1.73746
1.73746, 1.74682, 1.73456, 1.74310
1.74306, 1.75233, 1.74156, 1.74912
1.74906, 1.75728, 1.74409, 1.75146
1.75137, 1.75644, 1.74156, 1.74166
1.74281, 1.74704, 1.73526, 1.73856
1.73809, 1.74369, 1.73116, 1.73176
1.73176, 1.73655, 1.72837, 1.73456
1.73402, 1.73669, 1.72821, 1.73072
1.73016, 1.73356, 1.71315, 1.71524
1.71733, 1.72097, 1.71197, 1.71847
1.71797, 1.72253, 1.71456, 1.71930
1.71926, 1.72377, 1.71271, 1.71683
1.71677, 1.72894, 1.70010, 1.72594
1.72594, 1.73857, 1.72594, 1.73606
1.73675, 1.73875, 1.72952, 1.73371
1.73367, 1.74395, 1.73316, 1.74148
1.74146, 1.74852, 1.74016, 1.74598
1.74596, 1.75515, 1.74176, 1.75233
1.75223, 1.76157, 1.75044, 1.76045
1.75731, 1.75904, 1.74576, 1.74666
1.74666, 1.74755, 1.73866, 1.74246
1.74228, 1.74856, 1.73266, 1.74583
1.74577, 1.74648, 1.72980, 1.73519
1.73506, 1.74044, 1.73252, 1.73761
1.73956, 1.75056, 1.73673, 1.73976
1.73975, 1.75520, 1.73656, 1.75121
1.75117, 1.75450, 1.74629, 1.74772
1.74813, 1.75078, 1.73980, 1.74067
1.74066, 1.74266, 1.73278, 1.73813
1.74147, 1.74779, 1.73678, 1.74448
1.74419, 1.74541, 1.73635, 1.73965
1.73956, 1.74534, 1.73558, 1.74406
1.74336, 1.74957, 1.73874, 1.74140
1.74047, 1.74434, 1.73592, 1.74086
1.74246, 1.75569, 1.74104, 1.75046
1.75101, 1.75844, 1.74636, 1.75261
1.75250, 1.76996, 1.74494, 1.76020
1.75997, 1.76287, 1.75119, 1.75269
1.75205, 1.75341, 1.74505, 1.74886
1.74872, 1.75033, 1.73972, 1.74063
1.74016, 1.74158, 1.73232, 1.73666
1.73655, 1.74117, 1.73190, 1.73301
1.73441, 1.74347, 1.73260, 1.74029
1.73936, 1.74901, 1.73910, 1.74479
1.74382, 1.75118, 1.74281, 1.74793
1.74803, 1.75037, 1.74114, 1.74783
1.74827, 1.75167, 1.74148, 1.74150
1.74201, 1.74655, 1.73342, 1.73813
1.73800, 1.74021, 1.72916, 1.73661
1.73546, 1.74116, 1.72746, 1.73843
1.73796, 1.74059, 1.73001, 1.73740
1.73630, 1.74115, 1.73422, 1.73766
1.73726, 1.74245, 1.73376, 1.73497
1.73449, 1.74364, 1.73125, 1.74070
1.73811, 1.74128, 1.73123, 1.73423
1.73346, 1.74373, 1.73250, 1.73931
1.73719, 1.73911, 1.71384, 1.71668
1.71648, 1.73392, 1.71518, 1.72683
1.72670, 1.72954, 1.72337, 1.72546
1.72441, 1.73257, 1.72425, 1.73054
1.72996, 1.73475, 1.72231, 1.72239
1.72238, 1.72814, 1.72095, 1.72536
1.72528, 1.73136, 1.72164, 1.72733
1.72602, 1.72857, 1.71852, 1.72030
1.71765, 1.72123, 1.71198, 1.71596
1.71565, 1.71870, 1.71361, 1.71448
1.71366, 1.71534, 1.71100, 1.71303
1.71326, 1.71869, 1.71133, 1.71455
1.71429, 1.71894, 1.70814, 1.71496
1.71331, 1.71487, 1.69922, 1.70360
1.70337, 1.70550, 1.69621, 1.69940
1.69862, 1.70424, 1.69493, 1.69656
1.69641, 1.70130, 1.68886, 1.69608
1.69552, 1.69768, 1.68065, 1.68369
1.68611, 1.69040, 1.68438, 1.68934
1.68806, 1.69626, 1.68520, 1.69513
1.69492, 1.70052, 1.68679, 1.69014
1.68962, 1.69310, 1.68518, 1.68707
1.68989, 1.69435, 1.68328, 1.68601
1.68461, 1.69047, 1.68377, 1.68889
1.68904, 1.69956, 1.68602, 1.69586
1.69553, 1.69878, 1.68076, 1.68704
1.68624, 1.69271, 1.68295, 1.68318
1.68246, 1.68641, 1.67534, 1.67657
1.67895, 1.67895, 1.67069, 1.67112
1.67001, 1.67483, 1.66810, 1.66892
1.66802, 1.66885, 1.66311, 1.66334
1.66294, 1.66919, 1.66171, 1.66649
1.66685, 1.66979, 1.66184, 1.66496
1.66377, 1.66842, 1.66245, 1.66556
1.66766, 1.67361, 1.66553, 1.66759
1.66636, 1.67567, 1.66549, 1.67379
1.67600, 1.68153, 1.67480, 1.67865
1.67865, 1.68369, 1.67568, 1.67878
1.67803, 1.68666, 1.66926, 1.66987
1.66950, 1.68185, 1.66911, 1.67919
1.67832, 1.68223, 1.67336, 1.67554
1.67386, 1.68079, 1.67256, 1.67925
1.67924, 1.68378, 1.67869, 1.68217
1.68186, 1.69195, 1.68145, 1.68486
1.68484, 1.68558, 1.67448, 1.67856
1.67713, 1.67958, 1.67466, 1.67694
1.67605, 1.68056, 1.67529, 1.67842
1.67856, 1.68302, 1.67756, 1.68016
1.67892, 1.68358, 1.67709, 1.68246
1.68172, 1.68390, 1.66837, 1.67076
1.67017, 1.67247, 1.66638, 1.66800
1.67336, 1.68433, 1.67011, 1.68356
1.68308, 1.68995, 1.68250, 1.68369
1.68352, 1.68966, 1.68306, 1.68673
1.68647, 1.70310, 1.68616, 1.69949
1.69906, 1.71627, 1.69854, 1.71579
1.71327, 1.71758, 1.70538, 1.71137
1.71097, 1.71499, 1.69870, 1.70053
1.70031, 1.70472, 1.69606, 1.69883
1.69815, 1.70357, 1.69622, 1.70021
1.69995, 1.71076, 1.69851, 1.70923
1.70843, 1.71245, 1.70645, 1.70919
1.70896, 1.71060, 1.70111, 1.70479
1.70388, 1.70563, 1.68134, 1.68236
1.68082, 1.69076, 1.67851, 1.68372
1.68366, 1.68740, 1.68159, 1.68293
1.68058, 1.68746, 1.68052, 1.68289
1.68209, 1.69462, 1.68209, 1.68999
1.68959, 1.69444, 1.68559, 1.69260
1.69254, 1.70671, 1.69039, 1.70290
1.70233, 1.71439, 1.70070, 1.70768
1.71258, 1.71650, 1.70880, 1.71179
1.71136, 1.72256, 1.70831, 1.72134
1.71960, 1.73046, 1.71926, 1.73005
1.72968, 1.74423, 1.72790, 1.74413
1.74425, 1.77377, 1.74067, 1.76424
1.77791, 1.78752, 1.76597, 1.77794
1.77872, 1.78240, 1.76612, 1.77970
1.78044, 1.78496, 1.76493, 1.76791
1.76760, 1.78453, 1.76343, 1.78171
1.78260, 1.78639, 1.76815, 1.77476
1.79538, 1.91287, 1.77271, 1.80752
1.80531, 1.81283, 1.79389, 1.80088
1.80099, 1.80881, 1.78650, 1.79480
1.79470, 1.83868, 1.79418, 1.81994
1.82247, 1.84292, 1.80660, 1.82892
1.83231, 1.86113, 1.81820, 1.84983
1.85036, 1.85593, 1.83039, 1.84842
1.84535, 1.90720, 1.84362, 1.90069
1.90082, 1.99275, 1.81656, 1.87832
1.87765, 1.90119, 1.83240, 1.87375
1.88309, 1.90935, 1.87642, 1.88043
1.88096, 1.88723, 1.84444, 1.84769
1.85062, 1.86624, 1.83192, 1.86023
1.85971, 1.88888, 1.84314, 1.85483
1.85543, 1.85972, 1.83247, 1.84281
1.84096, 1.85325, 1.83022, 1.83562
1.83444, 1.85717, 1.82487, 1.84950
1.85003, 1.86323, 1.82847, 1.85230
1.85242, 1.85290, 1.82983, 1.83406
1.83490, 1.84847, 1.83180, 1.84470
1.83965, 1.84756, 1.81026, 1.82026
1.81801, 1.82452, 1.80594, 1.82261
1.82281, 1.83022, 1.80251, 1.80628
1.80626, 1.81404, 1.79548, 1.79790
1.79539, 1.80340, 1.79215, 1.79995
1.79746, 1.80270, 1.78634, 1.79118
1.79109, 1.80616, 1.78398, 1.79830
1.79820, 1.82610, 1.79728, 1.81940
1.81935, 1.82958, 1.81628, 1.81850
1.81609, 1.81624, 1.79830, 1.80180
1.79883, 1.80761, 1.78682, 1.79901
1.79810, 1.82577, 1.79686, 1.81884
1.81993, 1.82446, 1.80993, 1.81759
1.81820, 1.82808, 1.78964, 1.79366
1.79256, 1.80349, 1.79040, 1.79800
1.79998, 1.80070, 1.78619, 1.79030
1.78980, 1.80652, 1.78453, 1.78577
1.78565, 1.78787, 1.77300, 1.77393
1.77222, 1.78785, 1.76600, 1.78764
1.78775, 1.81842, 1.78719, 1.81097
1.81071, 1.82266, 1.80040, 1.80112
1.80222, 1.80370, 1.78640, 1.78949
1.79120, 1.79845, 1.78270, 1.79589
1.79510, 1.80086, 1.77466, 1.77965
1.77878, 1.78052, 1.76494, 1.76575
1.76274, 1.78556, 1.76180, 1.78028
1.77656, 1.78588, 1.77264, 1.78554
1.78416, 1.80865, 1.77999, 1.80505
1.80414, 1.81122, 1.79947, 1.80158
1.79995, 1.82642, 1.79621, 1.82252
1.81965, 1.82518, 1.80082, 1.80757
1.80561, 1.80860, 1.78962, 1.79743
1.79729, 1.80087, 1.78495, 1.78578
1.78694, 1.79656, 1.78516, 1.78789
1.78785, 1.79372, 1.78335, 1.78802
1.78767, 1.79062, 1.78466, 1.78522
1.78494, 1.78795, 1.76472, 1.77138
1.77115, 1.78490, 1.76245, 1.77866
1.77797, 1.78502, 1.77548, 1.78367
1.78238, 1.79810, 1.78177, 1.78876
1.79416, 1.79555, 1.76712, 1.76792
1.76799, 1.77808, 1.75291, 1.75336
1.75325, 1.75728, 1.74060, 1.74797
1.74871, 1.75892, 1.74237, 1.75372
1.75284, 1.75560, 1.73283, 1.73484
1.73590, 1.73774, 1.72033, 1.72144
1.72102, 1.74367, 1.71896, 1.74024
1.73946, 1.74518, 1.73265, 1.73967
1.73897, 1.76532, 1.73823, 1.75690
1.75589, 1.76387, 1.74458, 1.74528
1.74224, 1.75938, 1.74110, 1.74871
1.74870, 1.75824, 1.73851, 1.74470
1.74440, 1.75064, 1.73363, 1.74054
1.74191, 1.74890, 1.73514, 1.74309
1.74219, 1.74831, 1.73798, 1.74372
1.74991, 1.75047, 1.73279, 1.73756
1.73646, 1.74612, 1.73570, 1.74142
1.74077, 1.75816, 1.73805, 1.75479
1.75387, 1.75728, 1.74300, 1.74415
1.74413, 1.74918, 1.74021, 1.74634
1.74977, 1.75745, 1.74638, 1.75071
1.74941, 1.75524, 1.73891, 1.73993
1.74002, 1.74221, 1.73317, 1.73650
1.73604, 1.73687, 1.72427, 1.72640
1.72540, 1.72781, 1.71910, 1.71991
1.72226, 1.73098, 1.71938, 1.72495
1.72506, 1.72826, 1.71619, 1.72166
1.72212, 1.72747, 1.71890, 1.72268
1.72314, 1.72679, 1.71646, 1.71733
1.71646, 1.72168, 1.71593, 1.71860
1.71899, 1.73511, 1.71767, 1.73430
1.73326, 1.74856, 1.73315, 1.74468
1.74402, 1.74559, 1.73483, 1.73640
1.73549, 1.74434, 1.73398, 1.74134
1.74120, 1.74948, 1.73764, 1.74226
1.74087, 1.74872, 1.73858, 1.74079
1.74026, 1.74307, 1.72638, 1.73581
1.73502, 1.73960, 1.72875, 1.73629
1.73650, 1.75029, 1.73201, 1.74776
1.74684, 1.75653, 1.74540, 1.75392
1.75434, 1.76141, 1.75010, 1.75767
1.75690, 1.76598, 1.75569, 1.75934
1.75785, 1.77026, 1.75753, 1.76826
1.76621, 1.77713, 1.76563, 1.76788
1.76797, 1.78012, 1.76741, 1.77558
1.77448, 1.78269, 1.76884, 1.77868
1.77865, 1.78563, 1.77576, 1.78146
1.78043, 1.78674, 1.77529, 1.78450
1.78275, 1.79121, 1.77459, 1.77592
1.77440, 1.78637, 1.77243, 1.78534
1.78237, 1.78735, 1.77977, 1.77985
1.77999, 1.79042, 1.77307, 1.78460
1.78457, 1.79978, 1.78298, 1.79036
1.79100, 1.80545, 1.78912, 1.80314
1.80240, 1.80946, 1.80140, 1.80904
1.80811, 1.81794, 1.80547, 1.80943
1.80777, 1.81907, 1.80540, 1.80784
1.80659, 1.80907, 1.79481, 1.80494
1.80350, 1.82228, 1.80336, 1.81412
1.81397, 1.81740, 1.80106, 1.80225
1.80460, 1.81063, 1.80207, 1.80573
1.80499, 1.81343, 1.80333, 1.80659
1.80661, 1.80785, 1.78510, 1.78638
1.78739, 1.78830, 1.77903, 1.77995
1.78112, 1.78344, 1.76437, 1.76618
1.76767, 1.77399, 1.76598, 1.77179
1.77205, 1.77522, 1.76181, 1.76181
1.76201, 1.76332, 1.74935, 1.75073
1.74974, 1.77071, 1.74684, 1.76542
1.76476, 1.77003, 1.75921, 1.76111
1.76320, 1.76820, 1.76082, 1.76478
1.76447, 1.78104, 1.76242, 1.77856
1.77834, 1.78139, 1.76525, 1.76548
1.76563, 1.78310, 1.76477, 1.77637
1.77657, 1.78103, 1.77179, 1.77617
1.77609, 1.77654, 1.76742, 1.77017
1.76987, 1.77558, 1.76164, 1.76441
1.76243, 1.76525, 1.75033, 1.75493
1.75465, 1.76200, 1.75142, 1.75358
1.75310, 1.75493, 1.74450, 1.75173
1.74898, 1.76587, 1.74843, 1.76509
1.76505, 1.76736, 1.75742, 1.76458
1.76549, 1.78280, 1.75826, 1.77992
1.77934, 1.78731, 1.77707, 1.78198
1.78178, 1.78289, 1.77072, 1.77591
1.77453, 1.78306, 1.77227, 1.77955
1.77892, 1.78243, 1.77337, 1.78103
1.78020, 1.78374, 1.76784, 1.77042
1.77027, 1.77180, 1.76462, 1.76609
1.76468, 1.76996, 1.76317, 1.76465
1.76271, 1.77613, 1.76159, 1.77375
1.77204, 1.78324, 1.76978, 1.78122
1.77972, 1.79126, 1.77699, 1.78807
1.78640, 1.79642, 1.78302, 1.78608
1.78540, 1.78811, 1.77212, 1.77234
1.77427, 1.77751, 1.77157, 1.77676
1.77441, 1.77916, 1.76434, 1.76609
1.76556, 1.76659, 1.75812, 1.76427
1.76316, 1.77779, 1.76180, 1.77423
1.77353, 1.77715, 1.77128, 1.77349
1.77252, 1.78200, 1.76677, 1.78095
1.78072, 1.80196, 1.78035, 1.79681
1.79470, 1.79802, 1.77782, 1.78169
1.78136, 1.78567, 1.76746, 1.76996
1.76932, 1.77706, 1.76610, 1.77243
1.77137, 1.77383, 1.76325, 1.76877
1.76842, 1.76913, 1.75583, 1.75643
1.75682, 1.77020, 1.75216, 1.76760
1.76734, 1.76995, 1.75833, 1.76007
1.75964, 1.76651, 1.75261, 1.76084
1.76140, 1.76605, 1.75366, 1.75417
1.75350, 1.75909, 1.74532, 1.74859
1.74939, 1.76143, 1.74404, 1.74963
1.74949, 1.75634, 1.74469, 1.74639
1.74581, 1.75549, 1.74017, 1.75271
1.75018, 1.75156, 1.72970, 1.73196
1.73166, 1.73653, 1.72507, 1.72962
1.72984, 1.73542, 1.70834, 1.71116
1.71043, 1.72690, 1.70441, 1.72598
1.72315, 1.73401, 1.72299, 1.72794
1.72800, 1.72881, 1.71536, 1.71660
1.71598, 1.72716, 1.71434, 1.72063
1.72081, 1.72415, 1.70864, 1.71215
1.71187, 1.71863, 1.71097, 1.71558
1.71576, 1.71889, 1.70566, 1.71007
1.71012, 1.71222, 1.70525, 1.70990
1.70964, 1.71092, 1.69453, 1.70348
1.70360, 1.70943, 1.69826, 1.70007
1.69993, 1.70469, 1.69783, 1.69938
1.69939, 1.70203, 1.69632, 1.69994
1.70103, 1.70553, 1.69888, 1.70071
1.69899, 1.70898, 1.69808, 1.70796
1.70753, 1.71794, 1.70392, 1.71464
1.71272, 1.71791, 1.71127, 1.71622
1.71540, 1.72797, 1.71461, 1.72112
1.72053, 1.72569, 1.71772, 1.71924
1.71912, 1.72488, 1.71734, 1.71814
1.71783, 1.72150, 1.70930, 1.71995
1.71918, 1.72228, 1.70961, 1.71001
1.70980, 1.71341, 1.70688, 1.70820
1.70756, 1.71571, 1.70714, 1.71495
1.71398, 1.72187, 1.71227, 1.71429
1.71402, 1.72396, 1.71011, 1.71457
1.71459, 1.71659, 1.70614, 1.71512
1.71436, 1.72241, 1.71340, 1.71602
1.71730, 1.73440, 1.71561, 1.72409
1.72151, 1.73460, 1.71981, 1.72671
1.72618, 1.73013, 1.71517, 1.71664
1.71660, 1.72111, 1.71306, 1.71371
1.71287, 1.72354, 1.71192, 1.71930
1.71913, 1.72092, 1.70904, 1.71394
1.71094, 1.71433, 1.70360, 1.70654
1.70644, 1.70684, 1.69392, 1.70099
1.70046, 1.71271, 1.69918, 1.70716
1.70625, 1.70859, 1.69390, 1.69536
1.69540, 1.69756, 1.68623, 1.68949
1.68850, 1.69671, 1.68786, 1.69020
1.69034, 1.69235, 1.68426, 1.68808
1.68845, 1.69813, 1.68822, 1.69638
1.69532, 1.69646, 1.68764, 1.68841
1.68934, 1.69648, 1.68708, 1.69347
1.69340, 1.69358, 1.68087, 1.68216
1.68272, 1.69749, 1.68196, 1.69309
1.69060, 1.70060, 1.69060, 1.69744
1.69757, 1.70713, 1.69372, 1.70380
1.70264, 1.70517, 1.68764, 1.68802
1.68704, 1.69107, 1.68132, 1.68622
1.68496, 1.69739, 1.68443, 1.69452
1.69465, 1.69592, 1.68363, 1.68661
1.68562, 1.69054, 1.67763, 1.67976
1.67803, 1.69352, 1.67572, 1.69169
1.68989, 1.70417, 1.68651, 1.68908
1.68936, 1.69239, 1.68193, 1.68902
1.69215, 1.69486, 1.68224, 1.68471
1.68448, 1.68738, 1.67322, 1.67350
1.67373, 1.67552, 1.66688, 1.66923
1.66990, 1.67355, 1.66365, 1.67141
1.67212, 1.67817, 1.66939, 1.67214
1.67362, 1.67547, 1.66632, 1.66913
1.66840, 1.67572, 1.66492, 1.67389
1.67296, 1.68455, 1.67269, 1.68051
1.67981, 1.68189, 1.67450, 1.67837
1.67606, 1.68476, 1.67551, 1.67778
1.68049, 1.68078, 1.67430, 1.67746
1.67730, 1.68149, 1.67136, 1.67894
1.67683, 1.68265, 1.67460, 1.67483
1.67318, 1.68005, 1.67236, 1.67422
1.67432, 1.67740, 1.65897, 1.65984
1.66097, 1.66207, 1.65351, 1.65872
1.65889, 1.66543, 1.65336, 1.65396
1.65503, 1.66114, 1.63203, 1.63449
1.63372, 1.65296, 1.63357, 1.65180
1.65091, 1.67070, 1.64903, 1.66874
1.66711, 1.66867, 1.65312, 1.65806
1.65484, 1.66706, 1.65292, 1.65725
1.65948, 1.66582, 1.65500, 1.66445
1.66121, 1.66810, 1.65649, 1.66588
1.66273, 1.67555, 1.66033, 1.66240
1.66143, 1.67017, 1.65828, 1.66311
1.66117, 1.66720, 1.65727, 1.65832
1.65823, 1.66421, 1.65543, 1.65726
1.65705, 1.66276, 1.65101, 1.65803
1.65748, 1.66659, 1.65684, 1.66514
1.66336, 1.66513, 1.65424, 1.65649
1.65664, 1.66441, 1.65279, 1.65457
1.65481, 1.66419, 1.64869, 1.65669
1.65665, 1.66358, 1.64844, 1.66203
1.66187, 1.66446, 1.65874, 1.66092
1.66210, 1.66808, 1.65945, 1.66664
1.66636, 1.69478, 1.66633, 1.69111
1.69075, 1.69889, 1.69045, 1.69553
1.69547, 1.69676, 1.69075, 1.69106
1.69148, 1.69261, 1.68433, 1.68445
1.68522, 1.68910, 1.67846, 1.68085
1.68011, 1.68170, 1.67326, 1.67750
1.67761, 1.68083, 1.67156, 1.67960
1.67917, 1.68651, 1.67477, 1.67626
1.67741, 1.67869, 1.66978, 1.67129
1.67194, 1.67549, 1.66655, 1.67245
1.67196, 1.68459, 1.67156, 1.68216
1.68152, 1.69542, 1.68003, 1.69216
1.69111, 1.69440, 1.68435, 1.68746
1.68779, 1.69546, 1.68485, 1.69129
1.69187, 1.69525, 1.68795, 1.69412
1.69362, 1.69832, 1.68977, 1.69338
1.69249, 1.69622, 1.67454, 1.67800
1.67678, 1.67855, 1.66764, 1.66854
1.66876, 1.67960, 1.66700, 1.67643
1.67821, 1.67954, 1.67077, 1.67567
1.67482, 1.67843, 1.66969, 1.67796
1.67631, 1.67953, 1.66673, 1.66938
1.66767, 1.68097, 1.66767, 1.67710
1.67649, 1.68180, 1.67435, 1.68079
1.68004, 1.68147, 1.66854, 1.67064
1.66956, 1.67758, 1.66907, 1.67690
1.67719, 1.68026, 1.66697, 1.66905
1.66946, 1.67678, 1.66689, 1.67329
1.67103, 1.68050, 1.67018, 1.67888
1.67724, 1.68310, 1.67270, 1.67484
1.67484, 1.68861, 1.67298, 1.68028
1.68068, 1.68123, 1.66316, 1.66337
1.66302, 1.67536, 1.66090, 1.66721
1.66711, 1.67518, 1.66551, 1.66965
1.66803, 1.67136, 1.66591, 1.67001
1.66857, 1.67566, 1.66373, 1.67093
1.66931, 1.68836, 1.66719, 1.68617
1.68599, 1.69133, 1.67940, 1.68034
1.68226, 1.68643, 1.67355, 1.67370
1.67541, 1.69065, 1.67318, 1.68416
1.68417, 1.68856, 1.67923, 1.68803
1.68610, 1.70358, 1.68492, 1.69793
1.69689, 1.70067, 1.69240, 1.69705
1.69688, 1.70352, 1.69014, 1.69912
1.69548, 1.70273, 1.69110, 1.69227
1.69340, 1.69675, 1.69040, 1.69484
1.69439, 1.69621, 1.67125, 1.67348
1.67275, 1.67676, 1.66841, 1.67123
1.67112, 1.68403, 1.67079, 1.68128
1.67901, 1.68482, 1.67780, 1.67959
1.67958, 1.68986, 1.67803, 1.68288
1.68230, 1.68985, 1.68096, 1.68713
1.68563, 1.70092, 1.68557, 1.69687
1.69626, 1.69876, 1.68599, 1.68666
1.68765, 1.68869, 1.68128, 1.68616
1.68418, 1.69484, 1.68397, 1.69162
1.69031, 1.69918, 1.68983, 1.69606
1.69533, 1.69877, 1.68924, 1.69222
1.69007, 1.70046, 1.68832, 1.69799
1.69556, 1.69865, 1.69283, 1.69700
1.69630, 1.70558, 1.69353, 1.70212
1.70131, 1.70421, 1.69461, 1.70022
1.69923, 1.70390, 1.68893, 1.69890
1.69943, 1.71214, 1.69710, 1.71094
1.70722, 1.71027, 1.70158, 1.70472
1.70381, 1.70835, 1.69783, 1.70032
1.69882, 1.70425, 1.69161, 1.69200
1.69196, 1.69526, 1.68761, 1.68944
1.68949, 1.69015, 1.68545, 1.68844
1.68512, 1.69407, 1.68448, 1.69318
1.69141, 1.70307, 1.69088, 1.70078
1.70111, 1.70417, 1.69463, 1.69656
1.69541, 1.70104, 1.69279, 1.69968
1.69926, 1.70173, 1.68549, 1.68628
1.68773, 1.69163, 1.68521, 1.68839
1.68768, 1.69133, 1.66921, 1.68575
1.68519, 1.68747, 1.67526, 1.68020
1.67859, 1.70865, 1.67818, 1.70464
1.70371, 1.70972, 1.69549, 1.69634
1.69525, 1.70559, 1.69383, 1.69780
1.69639, 1.70529, 1.69378, 1.69525
1.69308, 1.69653, 1.67743, 1.68183
1.68202, 1.69427, 1.68007, 1.69149
1.68932, 1.69137, 1.67715, 1.68568
1.68490, 1.70556, 1.68489, 1.69950
1.69890, 1.70962, 1.69651, 1.70252
1.70207, 1.70554, 1.69107, 1.69180
1.69159, 1.69854, 1.68531, 1.68723
1.68664, 1.69105, 1.68363, 1.68604
1.68570, 1.69408, 1.68419, 1.68674
1.68577, 1.70211, 1.68433, 1.69811
1.69655, 1.70662, 1.69554, 1.70181
1.70061, 1.70471, 1.69359, 1.69520
1.69397, 1.70368, 1.69248, 1.70138
1.70186, 1.70558, 1.69706, 1.70247
1.70200, 1.70280, 1.69010, 1.69032
1.69009, 1.69009, 1.67452, 1.68059
1.68030, 1.68099, 1.67349, 1.67703
1.67676, 1.67950, 1.67121, 1.67698
1.67585, 1.68247, 1.67240, 1.67852
1.67821, 1.68387, 1.67102, 1.67214
1.67199, 1.67437, 1.66394, 1.66740
1.66709, 1.67679, 1.66520, 1.67581
1.67536, 1.67935, 1.67161, 1.67555
1.67339, 1.67943, 1.67320, 1.67747
1.67716, 1.70316, 1.67194, 1.69229
1.69218, 1.70476, 1.68599, 1.70159
1.70090, 1.71582, 1.69689, 1.71050
1.70930, 1.71615, 1.70326, 1.71076
1.71264, 1.71409, 1.70121, 1.70416
1.70392, 1.70619, 1.68800, 1.69086
1.69051, 1.69483, 1.68496, 1.68755
1.68746, 1.69289, 1.68532, 1.69173
1.69140, 1.69490, 1.68026, 1.68179
1.68336, 1.68785, 1.68114, 1.68529
1.68519, 1.68581, 1.67277, 1.67528
1.67506, 1.67886, 1.67052, 1.67447
1.67422, 1.67736, 1.66674, 1.66880
1.66895, 1.67139, 1.65789, 1.66048
1.65746, 1.66403, 1.65695, 1.66299
1.66288, 1.67039, 1.66063, 1.66738
1.66728, 1.67009, 1.66217, 1.66415
1.66402, 1.66785, 1.65687, 1.66273
1.66270, 1.66706, 1.65301, 1.66042
1.65796, 1.66262, 1.65531, 1.65894
1.65850, 1.66687, 1.65453, 1.66301
1.66276, 1.66857, 1.66018, 1.66146
1.66139, 1.66613, 1.65393, 1.66342
1.66328, 1.67052, 1.66202, 1.66622
1.66606, 1.67196, 1.66380, 1.66772
1.66696, 1.67611, 1.66279, 1.67288
1.67281, 1.67586, 1.66500, 1.66910
1.66818, 1.67508, 1.65522, 1.66049
1.66033, 1.67312, 1.65575, 1.67073
1.67008, 1.67239, 1.66603, 1.66728
1.66709, 1.68156, 1.66448, 1.67813
1.67809, 1.69130, 1.67729, 1.68893
1.68878, 1.68930, 1.67465, 1.67795
1.67758, 1.68350, 1.66839, 1.67028
1.67059, 1.67402, 1.66511, 1.66802
1.66786, 1.67324, 1.66310, 1.66636
1.66557, 1.67885, 1.66100, 1.67121
1.67099, 1.67200, 1.66507, 1.66693
1.66663, 1.67108, 1.66266, 1.66988
1.67044, 1.67264, 1.66193, 1.66556
1.66539, 1.66833, 1.65743, 1.66316
1.66288, 1.66952, 1.66015, 1.66426
1.66409, 1.66489, 1.64724, 1.64803
1.64794, 1.64891, 1.63895, 1.63896
1.63739, 1.64462, 1.63299, 1.63804
1.63803, 1.63860, 1.62285, 1.62604
1.62585, 1.62763, 1.61643, 1.61791
1.61751, 1.62801, 1.61522, 1.62373
1.62370, 1.63042, 1.61926, 1.62829
1.62579, 1.63003, 1.61830, 1.61972
1.61967, 1.62144, 1.61526, 1.61885
1.61825, 1.62567, 1.61417, 1.61784
1.61768, 1.62460, 1.61283, 1.62207
1.62194, 1.62847, 1.61207, 1.61308
1.61416, 1.61578, 1.60794, 1.61344
1.61362, 1.63199, 1.61362, 1.62487
1.62493, 1.62789, 1.61794, 1.62128
1.62156, 1.62704, 1.61773, 1.62505
1.62517, 1.63251, 1.62152, 1.62417
1.62461, 1.62791, 1.61247, 1.61647
1.61615, 1.62823, 1.61587, 1.62550
1.62548, 1.63106, 1.62311, 1.62586
1.62574, 1.63513, 1.62401, 1.63034
1.63021, 1.63466, 1.62368, 1.62388
1.62532, 1.62711, 1.61173, 1.61410
1.61385, 1.62198, 1.61126, 1.61896
1.61886, 1.62045, 1.61186, 1.61752
1.61740, 1.61899, 1.60621, 1.61351
1.61253, 1.61617, 1.60827, 1.61175
1.61091, 1.61711, 1.60672, 1.61433
1.61372, 1.62592, 1.60969, 1.61822
1.61718, 1.63237, 1.61621, 1.62887
1.62815, 1.63949, 1.62606, 1.63385
1.63292, 1.66208, 1.63281, 1.66105
1.65416, 1.65965, 1.64759, 1.65419
1.65348, 1.66884, 1.65159, 1.66100
1.66060, 1.66290, 1.65107, 1.66136
1.66148, 1.66778, 1.65681, 1.65694
1.65640, 1.67722, 1.65493, 1.67489
1.67124, 1.67645, 1.66939, 1.67003
1.66975, 1.67443, 1.65711, 1.65893
1.65854, 1.66815, 1.65819, 1.66545
1.66491, 1.66745, 1.65936, 1.66083
1.66057, 1.66672, 1.65941, 1.66406
1.66225, 1.67253, 1.66122, 1.67048
1.66971, 1.67595, 1.66606, 1.66947
1.66879, 1.67460, 1.66308, 1.66367
1.66350, 1.66997, 1.65462, 1.66514
1.66482, 1.67526, 1.66410, 1.66737
1.66410, 1.68268, 1.66410, 1.67905
1.67812, 1.68168, 1.66490, 1.66630
1.66616, 1.67210, 1.66025, 1.66271
1.66217, 1.66840, 1.65478, 1.65866
1.65934, 1.66308, 1.65632, 1.65926
1.65569, 1.66598, 1.65569, 1.66136
1.66065, 1.66485, 1.65826, 1.66154
1.66096, 1.66465, 1.65833, 1.66145
1.66079, 1.66158, 1.65252, 1.65673
1.65652, 1.66419, 1.65391, 1.66164
1.66038, 1.66882, 1.65610, 1.66409
1.66366, 1.66681, 1.65586, 1.65697
1.65650, 1.66494, 1.65385, 1.66374
1.66361, 1.67947, 1.66236, 1.67384
1.67324, 1.67985, 1.67200, 1.67523
1.67560, 1.67989, 1.67037, 1.67382
1.67380, 1.67922, 1.67198, 1.67455
1.67436, 1.67761, 1.66833, 1.67081
1.67032, 1.67176, 1.66442, 1.66832
1.66813, 1.67861, 1.66741, 1.67518
1.67525, 1.67996, 1.67375, 1.67784
1.67684, 1.68407, 1.67198, 1.67256
1.67197, 1.67390, 1.66546, 1.67178
1.67113, 1.67952, 1.66689, 1.67328
1.67264, 1.69052, 1.67237, 1.68885
1.68702, 1.69866, 1.68424, 1.68944
1.68955, 1.69589, 1.68644, 1.68973
1.68929, 1.69291, 1.68407, 1.68929
1.68871, 1.70056, 1.68389, 1.69241
1.69256, 1.70643, 1.69106, 1.70250
1.70159, 1.70903, 1.69600, 1.70783
1.70706, 1.70935, 1.69397, 1.69756
1.69758, 1.70525, 1.69484, 1.70358
1.70317, 1.71781, 1.69731, 1.71620
1.71646, 1.73571, 1.71360, 1.73047
1.73266, 1.73378, 1.72192, 1.72429
1.72393, 1.72450, 1.71478, 1.71675
1.71677, 1.71954, 1.70729, 1.70954
1.70925, 1.71606, 1.70298, 1.71133
1.71128, 1.71645, 1.70199, 1.70636
1.70597, 1.71528, 1.70449, 1.70830
1.70804, 1.71541, 1.70490, 1.71033
1.71009, 1.71343, 1.70149, 1.70233
1.70187, 1.70307, 1.69175, 1.69740
1.69772, 1.69888, 1.68860, 1.69059
1.68946, 1.69388, 1.68369, 1.68691
1.68689, 1.69072, 1.67895, 1.68128
1.68133, 1.68255, 1.66596, 1.66899
1.66853, 1.67832, 1.66560, 1.67148
1.67124, 1.67486, 1.66350, 1.67032
1.66561, 1.67301, 1.65511, 1.65532
1.65495, 1.65869, 1.64136, 1.64564
1.64536, 1.64721, 1.63529, 1.63766
1.63736, 1.64084, 1.62469, 1.62704
1.62649, 1.62771, 1.58848, 1.59259
1.59309, 1.59591, 1.56396, 1.58990
1.58953, 1.60600, 1.58561, 1.60004
1.59991, 1.62073, 1.59909, 1.61855
1.61829, 1.62202, 1.59802, 1.60021
1.60009, 1.61097, 1.59845, 1.60292
1.60346, 1.62464, 1.60285, 1.62149
1.62149, 1.63277, 1.61497, 1.61709
1.61711, 1.62518, 1.61105, 1.61363
1.61411, 1.61636, 1.61034, 1.61112
1.61090, 1.61244, 1.59785, 1.59881
1.60068, 1.60553, 1.59578, 1.59940
1.59941, 1.60185, 1.58234, 1.58353
1.58355, 1.58763, 1.57527, 1.57797
1.57794, 1.58394, 1.57678, 1.57911
1.57909, 1.58589, 1.57596, 1.57701
1.57947, 1.59404, 1.57485, 1.59262
1.59218, 1.61515, 1.59001, 1.59796
1.59804, 1.60060, 1.59275, 1.59913
1.59890, 1.60806, 1.59439, 1.59500
1.59523, 1.60165, 1.58998, 1.59546
1.59002, 1.59935, 1.57541, 1.57819
1.57792, 1.58034, 1.55911, 1.56983
1.56887, 1.57799, 1.56340, 1.57486
1.57431, 1.58599, 1.57317, 1.57856
1.57823, 1.59068, 1.57561, 1.58726
1.59071, 1.59757, 1.58928, 1.59410
1.59354, 1.59693, 1.57528, 1.57965
1.57899, 1.60454, 1.56929, 1.60193
1.60156, 1.60215, 1.58449, 1.59477
1.59517, 1.59674, 1.59187, 1.59471
1.59217, 1.60565, 1.59217, 1.60118
1.60092, 1.60498, 1.59709, 1.60188
1.60117, 1.60221, 1.59082, 1.59401
1.59332, 1.61147, 1.59166, 1.60850
1.60839, 1.62791, 1.60762, 1.62658
1.62799, 1.63545, 1.61644, 1.61721
1.61721, 1.62085, 1.60891, 1.62020
1.62014, 1.62256, 1.60777, 1.61346
1.61281, 1.62716, 1.61135, 1.61761
1.61723, 1.63543, 1.61095, 1.63259
1.63023, 1.64013, 1.62885, 1.63254
1.63213, 1.64012, 1.62446, 1.63414
1.63409, 1.63915, 1.61598, 1.62322
1.62239, 1.64358, 1.61774, 1.64000
1.63999, 1.64954, 1.63717, 1.64508
1.64461, 1.67064, 1.64297, 1.66943
1.66991, 1.67993, 1.66621, 1.67327
1.67313, 1.67568, 1.65633, 1.67012
1.66909, 1.68386, 1.65798, 1.66499
1.66488, 1.66631, 1.65372, 1.65463
1.65517, 1.66808, 1.65012, 1.65293
1.65247, 1.66193, 1.64545, 1.65807
1.65800, 1.66304, 1.65220, 1.66168
1.66124, 1.66642, 1.64659, 1.65763
1.65758, 1.65950, 1.64552, 1.64667
1.64789, 1.65422, 1.63641, 1.65270
1.65206, 1.66921, 1.65088, 1.66142
1.66059, 1.66611, 1.64169, 1.64836
1.64823, 1.66097, 1.64631, 1.65523
1.65475, 1.65814, 1.63796, 1.64162
1.64176, 1.64719, 1.63905, 1.64275
1.64237, 1.64949, 1.63988, 1.64630
1.64584, 1.65305, 1.63952, 1.64264
1.64158, 1.64867, 1.63683, 1.63817
1.63777, 1.64787, 1.63617, 1.64707
1.64373, 1.65016, 1.63978, 1.64781
1.64740, 1.65842, 1.64588, 1.64911
1.64833, 1.66504, 1.64795, 1.66205
1.66205, 1.67323, 1.65773, 1.66290
1.66248, 1.66367, 1.64601, 1.65450
1.65543, 1.66630, 1.65125, 1.66202
1.66113, 1.67886, 1.65832, 1.67530
1.67483, 1.68502, 1.65559, 1.66179
1.66138, 1.66748, 1.65423, 1.65799
1.65715, 1.66761, 1.65564, 1.66165
1.66041, 1.66436, 1.65371, 1.65929
1.65853, 1.66933, 1.65827, 1.66300
1.66231, 1.68464, 1.66231, 1.68054
1.67967, 1.68888, 1.67028, 1.67466
1.67504, 1.67649, 1.66732, 1.67067
1.67079, 1.68181, 1.66908, 1.67905
1.67839, 1.68658, 1.67644, 1.68617
1.68501, 1.69279, 1.67736, 1.67796
1.67710, 1.68443, 1.66616, 1.67790
1.67779, 1.69641, 1.67588, 1.67888
1.68068, 1.68322, 1.67046, 1.67774
1.67702, 1.68290, 1.66219, 1.66307
1.66266, 1.66610, 1.64573, 1.65606
1.65491, 1.65750, 1.64242, 1.64420
1.64427, 1.65090, 1.63926, 1.64463
1.64502, 1.64927, 1.63933, 1.64205
1.64124, 1.64368, 1.63579, 1.63714
1.63606, 1.64695, 1.63277, 1.64045
1.63945, 1.64691, 1.63352, 1.63579
1.63395, 1.63895, 1.63143, 1.63732
1.63801, 1.64988, 1.63000, 1.64755
1.64749, 1.64965, 1.64020, 1.64225
1.64221, 1.64347, 1.62966, 1.63330
1.63303, 1.65453, 1.63209, 1.63505
1.63520, 1.63897, 1.62215, 1.63319
1.63157, 1.63923, 1.62964, 1.63113
1.63075, 1.63541, 1.62124, 1.62342
1.62283, 1.63374, 1.62165, 1.62745
1.62703, 1.63122, 1.61299, 1.61995
1.61996, 1.63213, 1.61655, 1.62496
1.62481, 1.62732, 1.61386, 1.61967
1.61956, 1.63119, 1.61673, 1.62502
1.62469, 1.63381, 1.61888, 1.62072
1.62002, 1.62638, 1.61191, 1.62608
1.62604, 1.63310, 1.62154, 1.63019
1.62629, 1.63217, 1.61775, 1.62144
1.62039, 1.63028, 1.61837, 1.62410
1.62309, 1.62576, 1.60382, 1.60780
1.60800, 1.61063, 1.60183, 1.60498
1.60382, 1.60528, 1.58734, 1.58785
1.58888, 1.60432, 1.58810, 1.59567
1.59513, 1.60707, 1.59443, 1.60261
1.60206, 1.62381, 1.59431, 1.61994
1.61932, 1.62519, 1.60970, 1.61134
1.61054, 1.62718, 1.61054, 1.62542
1.62327, 1.62645, 1.60992, 1.61076
1.61002, 1.61146, 1.60128, 1.60394
1.60339, 1.61310, 1.60184, 1.61055
1.60958, 1.61332, 1.59891, 1.60204
1.60110, 1.62523, 1.60098, 1.62363
1.62582, 1.63401, 1.61897, 1.62391
1.62374, 1.63497, 1.61828, 1.63370
1.63370, 1.64362, 1.62745, 1.64237
1.64165, 1.64750, 1.63293, 1.63555
1.63453, 1.64654, 1.62698, 1.62768
1.63108, 1.63248, 1.62297, 1.62894
1.62814, 1.64108, 1.62508, 1.63976
1.63861, 1.64985, 1.63641, 1.64656
1.64695, 1.65721, 1.64387, 1.65112
1.65037, 1.65262, 1.64096, 1.64473
1.65798, 1.65815, 1.64451, 1.64886
1.64764, 1.66626, 1.64728, 1.66075
1.66113, 1.67026, 1.65825, 1.66186
1.66095, 1.67559, 1.65640, 1.67509
1.67499, 1.67839, 1.66937, 1.67055
1.66999, 1.68537, 1.66999, 1.68181
1.68056, 1.69534, 1.67933, 1.69078
1.68975, 1.69286, 1.67412, 1.68079
1.68022, 1.69212, 1.67883, 1.68222
1.68198, 1.69015, 1.67649, 1.68562
1.68160, 1.70767, 1.67549, 1.70504
1.70327, 1.70562, 1.68546, 1.70214
1.70114, 1.71606, 1.69282, 1.69862
1.69765, 1.71985, 1.69639, 1.71331
1.71293, 1.75278, 1.70942, 1.74983
1.74827, 1.74937, 1.71309, 1.71710
1.71555, 1.74544, 1.71351, 1.74239
1.74147, 1.74325, 1.71948, 1.72302
1.72169, 1.73652, 1.70690, 1.73043
1.72933, 1.73908, 1.72557, 1.73608
1.73432, 1.74748, 1.73022, 1.74314
1.74203, 1.74773, 1.72728, 1.73809
1.73768, 1.74185, 1.72482, 1.72943
1.72842, 1.74884, 1.72602, 1.73311
1.73206, 1.75073, 1.72316, 1.74710
1.74430, 1.75468, 1.73498, 1.74634
1.74548, 1.74745, 1.72168, 1.73399
1.73249, 1.73391, 1.71980, 1.72277
1.72254, 1.73493, 1.71187, 1.72276
1.72260, 1.73483, 1.70874, 1.71063
1.70685, 1.74216, 1.70538, 1.73341
1.73271, 1.73981, 1.72509, 1.73158
1.73089, 1.73721, 1.72275, 1.72721
1.72633, 1.73309, 1.70327, 1.70939
1.70831, 1.72036, 1.70064, 1.71281
1.71507, 1.71716, 1.69598, 1.69928
1.69894, 1.69993, 1.68452, 1.68739
1.68742, 1.69193, 1.67602, 1.68410
1.68410, 1.69648, 1.68348, 1.68789
1.68772, 1.69387, 1.67295, 1.67787
1.68214, 1.69059, 1.68101, 1.68616
1.68646, 1.69328, 1.68057, 1.69032
1.69033, 1.70424, 1.68835, 1.70069
1.70035, 1.71097, 1.68951, 1.69310
1.69318, 1.70398, 1.68914, 1.69130
1.69290, 1.69993, 1.68904, 1.69382
1.69303, 1.69532, 1.67508, 1.68037
1.67918, 1.69277, 1.67769, 1.68999
1.68919, 1.70141, 1.68628, 1.69141
1.69048, 1.69184, 1.67256, 1.67756
1.67540, 1.68136, 1.67152, 1.67816
1.67762, 1.68000, 1.66714, 1.67376
1.67337, 1.67832, 1.66187, 1.66437
1.66417, 1.66936, 1.65694, 1.66117
1.66099, 1.66936, 1.65883, 1.65968
1.66591, 1.68426, 1.66226, 1.67675
1.67616, 1.67815, 1.65955, 1.66514
1.66459, 1.66892, 1.65034, 1.65308
1.65151, 1.65327, 1.64122, 1.65155
1.65057, 1.65388, 1.64181, 1.64301
1.64692, 1.66532, 1.64203, 1.66072
1.65979, 1.66367, 1.65260, 1.65647
1.65510, 1.66083, 1.64731, 1.65310
1.65236, 1.65887, 1.64882, 1.65407
1.65370, 1.65807, 1.63996, 1.64060
1.64073, 1.65489, 1.63972, 1.65064
1.64953, 1.65230, 1.63462, 1.64439
1.64389, 1.65993, 1.64315, 1.65368
1.65403, 1.67909, 1.65127, 1.67534
1.67438, 1.67744, 1.65775, 1.65862
1.65773, 1.66937, 1.65663, 1.66610
1.66506, 1.68292, 1.66405, 1.67334
1.67278, 1.69039, 1.67154, 1.68436
1.68335, 1.69814, 1.68004, 1.69580
1.69455, 1.69890, 1.68380, 1.68817
1.68853, 1.69984, 1.68578, 1.69029
1.68733, 1.69693, 1.68501, 1.69505
1.69376, 1.69930, 1.67597, 1.68197
1.68087, 1.68972, 1.67257, 1.67906
1.67902, 1.69014, 1.67712, 1.68443
1.68444, 1.68991, 1.67833, 1.68414
1.68540, 1.69710, 1.67770, 1.68738
1.68639, 1.68948, 1.67123, 1.68432
1.68378, 1.69357, 1.68055, 1.68909
1.68820, 1.69425, 1.67373, 1.67548
1.67588, 1.68558, 1.66706, 1.68432
1.68334, 1.68907, 1.68094, 1.68523
1.68418, 1.69733, 1.68249, 1.68964
1.68870, 1.70093, 1.68518, 1.69644
1.69559, 1.70387, 1.68980, 1.69632
1.69651, 1.69797, 1.68849, 1.69548
1.69374, 1.69794, 1.67597, 1.67791
1.67671, 1.68005, 1.66550, 1.67526
1.67424, 1.69825, 1.67341, 1.69358
1.69287, 1.69440, 1.67501, 1.67528
1.67894, 1.68706, 1.67359, 1.67496
1.67405, 1.67787, 1.66822, 1.67358
1.67242, 1.68845, 1.67242, 1.68496
1.68391, 1.68595, 1.67551, 1.67807
1.67735, 1.67949, 1.67151, 1.67342
1.67374, 1.68159, 1.67155, 1.67744
1.67646, 1.68849, 1.67581, 1.68667
1.68540, 1.69762, 1.68487, 1.68949
1.68880, 1.69131, 1.67562, 1.68475
1.68348, 1.70799, 1.68136, 1.70548
1.70677, 1.71066, 1.70052, 1.70090
1.69999, 1.70148, 1.68990, 1.69559
1.69425, 1.70256, 1.69425, 1.69922
1.69782, 1.69926, 1.68649, 1.69692
1.69653, 1.70112, 1.68689, 1.69138
1.69051, 1.69434, 1.68289, 1.68650
1.68490, 1.70160, 1.68490, 1.69419
1.69326, 1.70899, 1.69321, 1.70170
1.70078, 1.70938, 1.69690, 1.70554
1.70441, 1.71661, 1.70395, 1.71282
1.71193, 1.71690, 1.70573, 1.70820
1.70799, 1.71755, 1.70409, 1.71339
1.71234, 1.71652, 1.70255, 1.70531
1.70455, 1.70615, 1.69877, 1.70114
1.70023, 1.71382, 1.69828, 1.71026
1.70969, 1.72118, 1.70738, 1.72033
1.71914, 1.72879, 1.70838, 1.70997
1.70918, 1.71360, 1.70006, 1.70527
1.70419, 1.71100, 1.70263, 1.70405
1.70330, 1.71067, 1.70036, 1.70845
1.70789, 1.72750, 1.70706, 1.72396
1.72235, 1.72805, 1.71669, 1.72730
1.72607, 1.73043, 1.72121, 1.72674
1.72548, 1.73489, 1.71957, 1.73454
1.73353, 1.73772, 1.72566, 1.73381
1.73980, 1.73980, 1.71259, 1.72344
1.72395, 1.72638, 1.71448, 1.72107
1.72114, 1.73048, 1.69695, 1.71537
1.71567, 1.72502, 1.71066, 1.71351
1.71347, 1.71470, 1.69899, 1.70093
1.70086, 1.71726, 1.70003, 1.71444
1.71446, 1.74579, 1.71420, 1.73775
1.73783, 1.74634, 1.73006, 1.74377
1.74411, 1.74587, 1.73128, 1.73216
1.73220, 1.73757, 1.72710, 1.73430
1.73392, 1.74537, 1.73158, 1.74271
1.74119, 1.74299, 1.73374, 1.73445
1.73328, 1.74391, 1.72826, 1.74246
1.74141, 1.74914, 1.73478, 1.74124
1.74031, 1.74221, 1.73200, 1.73314
1.73096, 1.73991, 1.72654, 1.73129
1.73008, 1.74042, 1.72587, 1.73633
1.73442, 1.74003, 1.71641, 1.72615
1.72444, 1.74965, 1.72429, 1.74864
1.74735, 1.75212, 1.74050, 1.74287
1.74178, 1.75131, 1.74104, 1.74598
1.74567, 1.76444, 1.74187, 1.76203
1.76123, 1.76995, 1.75887, 1.76864
1.76767, 1.77224, 1.75070, 1.75423
1.75315, 1.77189, 1.75042, 1.77017
1.77033, 1.77378, 1.76652, 1.76746
1.76617, 1.76875, 1.76226, 1.76720
1.76608, 1.77183, 1.76132, 1.76708
1.76517, 1.78151, 1.76304, 1.77583
1.77505, 1.79204, 1.77355, 1.78967
1.78800, 1.79594, 1.78613, 1.79091
1.78989, 1.79289, 1.78496, 1.78770
1.78648, 1.80798, 1.78386, 1.80476
1.80419, 1.80613, 1.79153, 1.79344
1.79244, 1.79689, 1.78002, 1.78127
1.78237, 1.78475, 1.77644, 1.77967
1.77854, 1.78007, 1.76342, 1.77158
1.77039, 1.77577, 1.76383, 1.77531
1.77452, 1.78360, 1.75040, 1.75294
1.75230, 1.75363, 1.74699, 1.74970
1.74917, 1.75128, 1.73281, 1.73405
1.73370, 1.73796, 1.72965, 1.72977
1.72931, 1.73307, 1.72376, 1.72503
1.72421, 1.73457, 1.72001, 1.73286
1.73193, 1.75551, 1.72980, 1.75209
1.75084, 1.75331, 1.74165, 1.74218
1.74136, 1.74537, 1.73885, 1.74315
1.74190, 1.74461, 1.72686, 1.73463
1.73346, 1.73725, 1.72763, 1.72970
1.72883, 1.72991, 1.71661, 1.72072
1.72205, 1.72558, 1.71931, 1.71942
1.71871, 1.72726, 1.71660, 1.72352
1.72227, 1.76450, 1.71929, 1.75886
1.75819, 1.77359, 1.75773, 1.76880
1.76799, 1.77528, 1.76301, 1.77342
1.76979, 1.77494, 1.76647, 1.76820
1.76671, 1.77610, 1.76524, 1.77580
1.77504, 1.78362, 1.77253, 1.77510
1.77446, 1.78167, 1.76831, 1.77285
1.77169, 1.77571, 1.76233, 1.76669
1.76223, 1.76853, 1.76116, 1.76437
1.76384, 1.76527, 1.75676, 1.75869
1.75784, 1.77254, 1.75628, 1.77205
1.77049, 1.77339, 1.76301, 1.76892
1.76760, 1.77070, 1.75245, 1.75289
1.75313, 1.76080, 1.75147, 1.75703
1.75614, 1.76401, 1.74963, 1.75489
1.75362, 1.75560, 1.73916, 1.74506
1.74376, 1.76241, 1.74046, 1.75485
1.75374, 1.76295, 1.75184, 1.75230
1.75241, 1.76400, 1.75231, 1.76059
1.75987, 1.77672, 1.75862, 1.76999
1.76910, 1.77334, 1.76439, 1.77099
1.77030, 1.77552, 1.76713, 1.77274
1.77253, 1.78116, 1.76570, 1.77273
1.77209, 1.77602, 1.76585, 1.76903
1.76783, 1.77853, 1.76346, 1.77840
1.77772, 1.80057, 1.77504, 1.79664
1.79562, 1.79768, 1.78910, 1.78947
1.78872, 1.79301, 1.77571, 1.77593
1.77750, 1.77929, 1.76992, 1.77275
1.77213, 1.77517, 1.75414, 1.75686
1.75574, 1.76168, 1.75402, 1.75649
1.75572, 1.76900, 1.74779, 1.76888
1.76740, 1.76959, 1.75860, 1.76573
1.76298, 1.77471, 1.76298, 1.77127
1.77036, 1.78082, 1.76882, 1.77608
1.77444, 1.78243, 1.76494, 1.76773
1.76663, 1.76957, 1.75030, 1.75575
1.75499, 1.76361, 1.75240, 1.76195
1.76294, 1.77787, 1.76206, 1.77661
1.77527, 1.79308, 1.77366, 1.79005
1.78845, 1.79952, 1.77832, 1.78862
1.78711, 1.79091, 1.77950, 1.78505
1.78414, 1.80495, 1.78382, 1.80313
1.80026, 1.80680, 1.78275, 1.78292
1.78198, 1.78726, 1.77293, 1.77674
1.77585, 1.78540, 1.77470, 1.78507
1.78363, 1.78588, 1.76857, 1.77521
1.77441, 1.79208, 1.77203, 1.78850
1.78924, 1.79112, 1.76851, 1.77110
1.76912, 1.78877, 1.76603, 1.78583
1.78496, 1.80214, 1.78182, 1.79908
1.79813, 1.80400, 1.79620, 1.80125
1.80015, 1.80697, 1.79553, 1.80395
1.80451, 1.80553, 1.79775, 1.80184
1.80069, 1.81429, 1.79974, 1.80584
1.80504, 1.81601, 1.80096, 1.81321
1.81171, 1.82366, 1.80752, 1.82335
1.82187, 1.83279, 1.81926, 1.82857
1.82694, 1.83596, 1.82324, 1.82472
1.82331, 1.83388, 1.82029, 1.83211
1.83104, 1.83751, 1.82263, 1.83202
1.83091, 1.83974, 1.82746, 1.83485
1.83269, 1.83269, 1.83269, 1.83269