1.93740, 1.94050, 1.89890, 1.91610
1.91380, 1.92900, 1.89360, 1.90280
1.90190, 1.90850, 1.87940, 1.88980
1.88800, 1.90990, 1.86910, 1.88900
1.88690, 1.92420, 1.87910, 1.90310
1.90370, 1.92950, 1.88570, 1.88680
1.89220, 1.89840, 1.85990, 1.88240
1.88230, 1.88680, 1.85300, 1.85700
1.86270, 1.86410, 1.82660, 1.83190
1.83300, 1.86920, 1.82360, 1.83850
1.83890, 1.88590, 1.83530, 1.86690
1.86660, 1.88070, 1.84580, 1.87230
1.87300, 1.87330, 1.83910, 1.84530
1.84480, 1.86530, 1.83300, 1.83610
1.83680, 1.85140, 1.82950, 1.83960
1.84280, 1.84800, 1.80910, 1.81110
1.81260, 1.82960, 1.80880, 1.81420
1.81760, 1.82980, 1.81310, 1.82230
1.82390, 1.87160, 1.81730, 1.87090
1.86410, 1.86950, 1.84930, 1.86680
1.85940, 1.89560, 1.85740, 1.87020
1.87180, 1.87210, 1.82820, 1.83820
1.83580, 1.85730, 1.83080, 1.85730
1.85340, 1.86960, 1.84380, 1.86680
1.86380, 1.89350, 1.84840, 1.87940
1.88500, 1.88500, 1.85650, 1.86630
1.86760, 1.89590, 1.85970, 1.88650
1.88660, 1.91020, 1.87640, 1.88720
1.88810, 1.90330, 1.86870, 1.87940
1.87870, 1.89090, 1.86780, 1.87490
1.87510, 1.88610, 1.82380, 1.82470
1.82670, 1.83480, 1.81570, 1.82980
1.83220, 1.83930, 1.81030, 1.81210
1.81440, 1.83220, 1.79970, 1.80200
1.80230, 1.82820, 1.80230, 1.80780
1.80450, 1.83720, 1.79510, 1.83390
1.83490, 1.83660, 1.79530, 1.80610
1.80540, 1.83110, 1.79370, 1.81940
1.82040, 1.82140, 1.78450, 1.78960
1.79190, 1.82260, 1.78150, 1.81490
1.81390, 1.82960, 1.81200, 1.82120
1.82000, 1.82660, 1.79610, 1.80570
1.80540, 1.80760, 1.77050, 1.80570
1.80480, 1.82190, 1.78200, 1.78450
1.78510, 1.79980, 1.75620, 1.75960
1.75810, 1.77880, 1.74750, 1.74840
1.74820, 1.77680, 1.74800, 1.77500
1.77410, 1.79210, 1.77060, 1.77150
1.76960, 1.77590, 1.75520, 1.75870
1.75030, 1.75930, 1.74180, 1.74690
1.74680, 1.75010, 1.70960, 1.71630
1.71560, 1.72120, 1.68830, 1.71360
1.70390, 1.71750, 1.68810, 1.71490
1.71430, 1.75630, 1.71100, 1.74630
1.74630, 1.78300, 1.74430, 1.77740
1.77800, 1.80420, 1.77060, 1.78500
1.78400, 1.79960, 1.75520, 1.75880
1.76440, 1.78330, 1.75530, 1.78070
1.78110, 1.79690, 1.77220, 1.78740
1.79000, 1.79160, 1.75370, 1.75840
1.75850, 1.76290, 1.74420, 1.75020
1.74970, 1.76960, 1.74900, 1.76770
1.76680, 1.78200, 1.76160, 1.77370
1.77510, 1.77820, 1.75360, 1.75370
1.75310, 1.75360, 1.72410, 1.73640
1.72680, 1.75910, 1.72650, 1.75040
1.75010, 1.77030, 1.73410, 1.73920
1.73930, 1.75130, 1.70720, 1.74310
1.74230, 1.74450, 1.71910, 1.73420
1.73440, 1.73700, 1.70410, 1.70780
1.70670, 1.72300, 1.69980, 1.71600
1.71610, 1.74600, 1.70860, 1.72830
1.72970, 1.74060, 1.69730, 1.70780
1.70770, 1.72430, 1.70020, 1.71290
1.71510, 1.71910, 1.67720, 1.67780
1.67990, 1.68910, 1.64010, 1.64440
1.64250, 1.69130, 1.63430, 1.67920
1.67790, 1.74520, 1.67180, 1.73930
1.74290, 1.76880, 1.73140, 1.75980
1.76180, 1.76410, 1.72540, 1.73450
1.73420, 1.76960, 1.72710, 1.75600
1.75540, 1.75860, 1.72740, 1.73670
1.73670, 1.78970, 1.73240, 1.78880
1.78880, 1.81560, 1.77080, 1.77170
1.77320, 1.77900, 1.74320, 1.75060
1.75070, 1.77460, 1.74650, 1.75250
1.75250, 1.79290, 1.74790, 1.79020
1.79020, 1.81320, 1.77840, 1.79150
1.79170, 1.81150, 1.78840, 1.81120
1.81130, 1.86040, 1.80780, 1.85900
1.85880, 1.93200, 1.85010, 1.92130
1.92130, 1.96660, 1.91310, 1.96500
1.96520, 2.00310, 1.96080, 1.96500
1.96500, 2.02180, 1.95380, 1.98430
1.98430, 1.99570, 1.93340, 1.95970
1.95960, 1.97090, 1.94010, 1.94810
1.94820, 1.99170, 1.94230, 1.98110
1.97960, 1.98760, 1.95900, 1.98320
1.98330, 2.06640, 1.98010, 2.05640
2.05630, 2.08270, 2.04090, 2.05780
2.05770, 2.07950, 1.98900, 2.00940
2.00950, 2.05490, 2.00090, 2.04830
2.04830, 2.05470, 1.99070, 1.99710
1.99720, 2.04960, 1.98940, 2.04600
2.04580, 2.07300, 2.01880, 2.05780
2.05780, 2.11660, 2.05470, 2.10170
2.10170, 2.11630, 2.08970, 2.09550
2.09550, 2.09740, 2.03350, 2.03700
2.03700, 2.03700, 1.99150, 2.03320
2.03320, 2.06740, 2.00850, 2.06570
2.06570, 2.07930, 2.04640, 2.05660
2.05650, 2.06610, 2.00220, 2.00840
2.00840, 2.02470, 1.99620, 2.00540
2.00540, 2.01900, 1.99630, 2.00320
2.00330, 2.01100, 1.94850, 1.95980
1.95990, 1.96530, 1.93160, 1.93460
1.93470, 1.94680, 1.92840, 1.93350
1.93150, 1.95880, 1.92790, 1.95170
1.95150, 1.95710, 1.88960, 1.92130
1.92300, 1.93520, 1.90710, 1.91100
1.91100, 1.91320, 1.89100, 1.89480
1.89490, 1.91970, 1.89180, 1.91520
1.91540, 1.93790, 1.89040, 1.92090
1.91930, 1.92590, 1.89090, 1.89740
1.89790, 1.93640, 1.89620, 1.92500
1.92950, 1.94690, 1.92000, 1.92780
1.92990, 1.95500, 1.90890, 1.94700
1.94660, 1.96420, 1.92970, 1.93690
1.93630, 1.94890, 1.91300, 1.92010
1.92010, 1.92740, 1.89120, 1.89480
1.89480, 1.90230, 1.87140, 1.87340
1.87340, 1.87770, 1.86020, 1.87000
1.87000, 1.89540, 1.85620, 1.89120
1.89190, 1.90080, 1.85990, 1.87020
1.87000, 1.87440, 1.85440, 1.86170
1.86170, 1.87010, 1.84450, 1.85440
1.85440, 1.92050, 1.85190, 1.90160
1.90110, 1.91420, 1.88690, 1.90420
1.90510, 1.90510, 1.87980, 1.88240
1.88240, 1.88310, 1.85370, 1.86290
1.86290, 1.92130, 1.84950, 1.91590
1.91590, 1.94890, 1.89540, 1.89840
1.89820, 1.92920, 1.88640, 1.90880
1.90860, 1.91410, 1.86200, 1.86610
1.86660, 1.88470, 1.85170, 1.86860
1.86750, 1.87410, 1.84520, 1.85620
1.85180, 1.85650, 1.83080, 1.83200
1.83200, 1.84220, 1.81290, 1.81580
1.81620, 1.84840, 1.81590, 1.83910
1.84310, 1.84980, 1.81550, 1.84460
1.84860, 1.85680, 1.80200, 1.84180
1.84350, 1.85370, 1.83070, 1.84800
1.84900, 1.85610, 1.83320, 1.85090
1.85220, 1.85430, 1.80280, 1.80380
1.80190, 1.81030, 1.74890, 1.75020
1.75010, 1.78650, 1.74900, 1.77220
1.78220, 1.78300, 1.74920, 1.76150
1.76460, 1.77460, 1.73990, 1.75150
1.75230, 1.75280, 1.73040, 1.74100
1.74310, 1.78340, 1.73940, 1.74940
1.75020, 1.75410, 1.73000, 1.73380
1.73320, 1.78630, 1.70320, 1.78030
1.78030, 1.81290, 1.77230, 1.81020
1.81070, 1.84490, 1.79100, 1.83570
1.83650, 2.01580, 1.82930, 1.93370
1.93290, 1.97570, 1.88920, 1.89430
1.88700, 1.97330, 1.87910, 1.94090
1.94730, 2.00490, 1.93130, 1.99110
1.99960, 2.01790, 1.93290, 1.94450
1.94490, 1.97820, 1.88470, 1.89160
1.89580, 1.92800, 1.86790, 1.88120
1.88220, 1.88350, 1.85250, 1.85600
1.85070, 1.85940, 1.82350, 1.82460
1.82560, 1.91810, 1.82040, 1.91130
1.92000, 1.94150, 1.87140, 1.87730
1.87800, 1.90700, 1.86390, 1.89340
1.89570, 1.92380, 1.85530, 1.91890
1.92930, 1.95490, 1.91060, 1.93380
1.93190, 1.98660, 1.92270, 1.95350
1.94660, 1.98650, 1.90420, 1.91330
1.91890, 1.94590, 1.87390, 1.88630
1.89370, 1.89880, 1.85110, 1.88400
1.87550, 1.91660, 1.87010, 1.88220
1.88310, 1.90590, 1.87480, 1.89740
1.90180, 1.92820, 1.88860, 1.92290
1.92380, 1.93060, 1.87710, 1.88810
1.89560, 1.93260, 1.87360, 1.92180
1.92330, 1.94750, 1.89840, 1.91030
1.91180, 1.91380, 1.86080, 1.86090
1.86780, 1.88040, 1.82760, 1.83860
1.84370, 1.86600, 1.82970, 1.85680
1.85890, 1.85890, 1.83050, 1.83270
1.83670, 1.90200, 1.81910, 1.89940
1.89860, 1.94350, 1.87950, 1.93320
1.93580, 1.94810, 1.89620, 1.92630
1.92800, 1.98510, 1.91630, 1.94760
1.95090, 1.98600, 1.92350, 1.97960
1.98750, 2.01730, 1.96940, 1.99250
1.99230, 1.99540, 1.96070, 1.99200
1.98570, 2.02770, 1.97810, 2.00120
2.00140, 2.00960, 1.98220, 1.99730
1.99410, 2.01500, 1.96530, 1.97630
1.97770, 2.02010, 1.95800, 2.01030
2.01530, 2.05620, 2.00600, 2.01140
2.01200, 2.03440, 1.99420, 2.00670
2.00640, 2.01280, 1.97950, 1.98540
1.98780, 2.05700, 1.97040, 2.05510
2.05380, 2.06660, 2.04400, 2.05080
2.05140, 2.06210, 2.03080, 2.04970
2.05190, 2.08970, 2.04040, 2.07470
2.07250, 2.09640, 2.06110, 2.06580
2.06860, 2.09430, 2.06300, 2.09220
2.09650, 2.10110, 2.04770, 2.08030
2.07850, 2.11770, 2.07540, 2.11710
2.11580, 2.14520, 2.10520, 2.13890
2.13550, 2.17780, 2.12500, 2.13000
2.13010, 2.18490, 2.07320, 2.07830
2.07740, 2.08760, 2.05500, 2.08540
2.08850, 2.12750, 2.08080, 2.09380
2.09370, 2.15710, 2.09370, 2.13310
2.11790, 2.16010, 2.09070, 2.12700
2.15270, 2.19480, 2.09040, 2.09630
2.09840, 2.16220, 2.09360, 2.12930
2.12390, 2.16060, 2.06850, 2.08020
2.07270, 2.35000, 2.06180, 2.24950
2.24190, 2.28040, 2.16270, 2.19000
2.18050, 2.29770, 2.12610, 2.26170
2.24950, 2.32450, 2.16650, 2.17990
2.17560, 2.19370, 2.10510, 2.15120
2.14540, 2.29080, 2.13550, 2.27610
2.29450, 2.40330, 2.25470, 2.34670
2.34690, 2.40510, 2.30390, 2.30710
2.32600, 2.43190, 2.30420, 2.38210
2.36770, 2.45930, 2.35590, 2.44070
2.44220, 2.47890, 2.38590, 2.41810
2.42030, 2.46530, 2.40780, 2.43000
2.42430, 2.46400, 2.35760, 2.37110
2.37150, 2.38530, 2.24880, 2.27040
2.27070, 2.47630, 2.27070, 2.41650
2.42350, 2.49100, 2.40360, 2.45280
2.44650, 2.54690, 2.42880, 2.51250
2.51030, 2.57750, 2.41410, 2.42960
2.44240, 2.48360, 2.39730, 2.45680
2.45270, 2.51440, 2.44290, 2.50200
2.50280, 2.53660, 2.47470, 2.52720
2.52720, 2.55760, 2.48550, 2.51460
2.51110, 2.56470, 2.45250, 2.45860
2.45420, 2.50490, 2.41530, 2.42570
2.42650, 2.43750, 2.32380, 2.32380
2.32710, 2.38190, 2.28190, 2.29750
2.29750, 2.31270, 2.24790, 2.25110
2.24430, 2.31860, 2.24020, 2.29370
2.29730, 2.35200, 2.28240, 2.31080
2.32480, 2.35760, 2.28940, 2.32720
2.32030, 2.33570, 2.22370, 2.25770
2.26110, 2.31140, 2.22620, 2.30430
2.30020, 2.30570, 2.24490, 2.25450
2.27550, 2.28110, 2.20390, 2.21280
2.20560, 2.26050, 2.16350, 2.22920
2.22810, 2.25480, 2.17550, 2.17550
2.19100, 2.21590, 2.16040, 2.16710
2.16680, 2.21490, 2.16080, 2.17520
2.17510, 2.23120, 2.15530, 2.21720
2.22250, 2.23210, 2.19200, 2.21790
2.21780, 2.25030, 2.16460, 2.18560
2.18910, 2.18960, 2.14810, 2.16390
2.16260, 2.17470, 2.13430, 2.15290
2.15990, 2.16370, 2.10530, 2.10790
2.11780, 2.13740, 2.07570, 2.09040
2.10120, 2.11900, 2.09020, 2.09840
2.09570, 2.10090, 2.07890, 2.08540
2.09070, 2.12320, 2.07510, 2.07780
2.07710, 2.10170, 2.05820, 2.05820
2.06920, 2.09210, 2.05700, 2.07270
2.07530, 2.08360, 2.02940, 2.04000
2.04680, 2.05790, 2.01030, 2.03390
2.03670, 2.04430, 1.98370, 2.00600
2.00490, 2.02420, 1.99440, 2.01110
2.01190, 2.01900, 1.97000, 1.98760
1.98990, 2.05560, 1.98400, 2.04670
2.05440, 2.07390, 2.03340, 2.04630
2.02390, 2.03410, 2.00070, 2.00350
2.00430, 2.05940, 1.99180, 2.05050
2.04990, 2.11970, 2.03450, 2.10680
2.10410, 2.10730, 2.06650, 2.07120
2.07150, 2.08660, 2.01140, 2.01410
2.01480, 2.03030, 2.00670, 2.01280
2.01330, 2.04430, 2.00960, 2.03610
2.03300, 2.03770, 1.96910, 1.97330
1.97540, 1.98460, 1.94420, 1.95470
1.95130, 1.96810, 1.94420, 1.94830
1.95160, 1.99170, 1.93030, 1.99120
1.98790, 2.00080, 1.96440, 1.97650
1.97610, 2.00530, 1.95640, 1.98240
1.97860, 2.00050, 1.94620, 1.95280
1.95270, 1.95740, 1.92460, 1.94480
1.94530, 1.96750, 1.93360, 1.95170
1.94860, 1.98680, 1.92940, 1.95260
1.95830, 1.96500, 1.91990, 1.96020
1.95760, 1.96250, 1.90170, 1.90890
1.91450, 1.92830, 1.87990, 1.90260
1.90910, 1.92150, 1.88510, 1.91100
1.90810, 1.92370, 1.87560, 1.88280
1.89930, 1.92090, 1.88280, 1.90240
1.90390, 1.90700, 1.85740, 1.86470
1.86210, 1.86510, 1.82440, 1.82610
1.83450, 1.83680, 1.75200, 1.78370
1.79110, 1.80670, 1.73670, 1.74780
1.74600, 1.89290, 1.74450, 1.85120
1.85120, 1.86660, 1.79550, 1.80650
1.80930, 1.82960, 1.76750, 1.78360
1.78240, 1.81270, 1.74940, 1.75390
1.75460, 1.77670, 1.74730, 1.75080
1.74450, 1.75270, 1.71840, 1.73020
1.73020, 1.82640, 1.72780, 1.82230
1.82270, 1.83010, 1.77580, 1.77580
1.77580, 1.82200, 1.75740, 1.81750
1.82040, 1.84410, 1.76140, 1.77490
1.77180, 1.81610, 1.76120, 1.79610
1.79850, 1.82490, 1.78040, 1.81020
1.81220, 1.83100, 1.79320, 1.80610
1.80290, 1.82740, 1.79080, 1.79790
1.80060, 1.81990, 1.78290, 1.79450
1.78700, 1.82430, 1.78000, 1.78650
1.79210, 1.79390, 1.73810, 1.73950
1.73810, 1.81170, 1.73610, 1.79740
1.79420, 1.83920, 1.78360, 1.83580
1.83270, 1.86010, 1.82750, 1.85170
1.85320, 1.86910, 1.83830, 1.84400
1.84760, 1.86260, 1.82610, 1.84830
1.84920, 1.87050, 1.83990, 1.86790
1.86320, 1.86830, 1.81560, 1.81850
1.82210, 1.82740, 1.75820, 1.76300
1.76900, 1.77780, 1.74720, 1.76820
1.76350, 1.78000, 1.74860, 1.75520
1.75880, 1.78160, 1.74730, 1.76480
1.76340, 1.77040, 1.74120, 1.74980
1.75140, 1.78170, 1.74330, 1.76840
1.76740, 1.80490, 1.75840, 1.79050
1.79060, 1.79130, 1.74650, 1.74960
1.75450, 1.76480, 1.70870, 1.71320
1.71770, 1.75420, 1.69430, 1.69800
1.69700, 1.75050, 1.69310, 1.74660
1.74130, 1.79740, 1.71520, 1.79160
1.79860, 1.79880, 1.75730, 1.75800
1.76260, 1.79110, 1.75350, 1.76260
1.76080, 1.79090, 1.75020, 1.78020
1.78570, 1.80470, 1.77680, 1.79670
1.79340, 1.84990, 1.78690, 1.82850
1.83080, 1.90090, 1.82200, 1.89310
1.89650, 1.90230, 1.86030, 1.87090
1.88130, 1.95670, 1.87380, 1.93790
1.94100, 1.94430, 1.86280, 1.86790
1.86250, 1.88050, 1.84230, 1.85250
1.85250, 1.85710, 1.82990, 1.84900
1.84560, 1.85630, 1.80260, 1.80360
1.80180, 1.82870, 1.79790, 1.81470
1.81590, 1.85430, 1.81040, 1.82670
1.83010, 1.88840, 1.80680, 1.80780
1.81620, 1.82030, 1.78370, 1.79170
1.79380, 1.82100, 1.77400, 1.77710
1.77890, 1.78450, 1.73570, 1.74610
1.74900, 1.79700, 1.73830, 1.79300
1.79090, 1.79980, 1.74020, 1.74460
1.74580, 1.77270, 1.74290, 1.76020
1.76170, 1.77620, 1.74210, 1.74470
1.75590, 1.78340, 1.74330, 1.75500
1.75470, 1.75900, 1.69990, 1.70180
1.70050, 1.71430, 1.66970, 1.67550
1.66810, 1.67630, 1.65020, 1.65910
1.66440, 1.66870, 1.63380, 1.63680
1.63230, 1.70320, 1.62040, 1.69260
1.71170, 1.77680, 1.70170, 1.71080
1.71230, 1.76120, 1.70430, 1.75920
1.75740, 1.75960, 1.71560, 1.72440
1.72400, 1.72690, 1.66740, 1.67440
1.67630, 1.70440, 1.65640, 1.66000
1.65390, 1.68830, 1.64880, 1.66230
1.66030, 1.74510, 1.65040, 1.74030
1.73970, 1.77490, 1.71110, 1.75720
1.75240, 1.76840, 1.71940, 1.73540
1.74280, 1.75510, 1.72150, 1.72270
1.72800, 1.74110, 1.71920, 1.72860
1.72610, 1.75270, 1.71610, 1.72220
1.72410, 1.75220, 1.70830, 1.73770
1.73370, 1.75800, 1.72520, 1.74860
1.74150, 1.78780, 1.73950, 1.78700
1.78620, 1.81330, 1.78350, 1.78830
1.77400, 1.77930, 1.71850, 1.72250
1.71720, 1.74240, 1.70690, 1.72530
1.72650, 1.73970, 1.70480, 1.71200
1.70640, 1.72290, 1.68040, 1.68120
1.68610, 1.69970, 1.65920, 1.66670
1.66490, 1.66590, 1.62620, 1.62820
1.62830, 1.62990, 1.59250, 1.59430
1.59380, 1.61770, 1.58740, 1.60330
1.59540, 1.61640, 1.58950, 1.60130
1.60610, 1.60820, 1.56540, 1.57500
1.57080, 1.60180, 1.56720, 1.59570
1.59280, 1.59750, 1.55880, 1.57770
1.57120, 1.61170, 1.56850, 1.60790
1.60760, 1.61390, 1.58280, 1.59120
1.58800, 1.62180, 1.58670, 1.59720
1.60020, 1.61440, 1.58770, 1.59730
1.59670, 1.63970, 1.59220, 1.62130
1.62290, 1.63450, 1.61670, 1.62710
1.62100, 1.63090, 1.59340, 1.59660
1.60030, 1.61010, 1.58180, 1.58860
1.58380, 1.62160, 1.58280, 1.61400
1.61260, 1.62900, 1.60840, 1.61170
1.60910, 1.65690, 1.60740, 1.64310
1.64070, 1.65450, 1.63570, 1.64940
1.64760, 1.69730, 1.64670, 1.68790
1.68470, 1.69240, 1.65330, 1.65950
1.65560, 1.65860, 1.63690, 1.64780
1.64770, 1.65440, 1.62000, 1.62370
1.62580, 1.63050, 1.59800, 1.60280
1.60400, 1.60920, 1.58060, 1.58980
1.58810, 1.59410, 1.56810, 1.57990
1.58240, 1.58290, 1.53580, 1.53580
1.53730, 1.55050, 1.53270, 1.53820
1.53680, 1.54520, 1.51850, 1.51940
1.51950, 1.54440, 1.51710, 1.52010
1.51710, 1.52280, 1.49660, 1.51150
1.51320, 1.52580, 1.50850, 1.51030
1.51320, 1.53360, 1.51030, 1.52690
1.52800, 1.54840, 1.52120, 1.54060
1.54160, 1.57380, 1.53870, 1.56390
1.57030, 1.59050, 1.56870, 1.57690
1.57890, 1.58530, 1.55770, 1.58300
1.58100, 1.59000, 1.55690, 1.56310
1.56320, 1.57740, 1.54620, 1.54860
1.54900, 1.59670, 1.54660, 1.59350
1.59360, 1.59450, 1.57010, 1.58630
1.58430, 1.60590, 1.57880, 1.59570
1.59640, 1.60100, 1.56930, 1.57160
1.57320, 1.58380, 1.55050, 1.55460
1.55420, 1.56730, 1.53900, 1.55970
1.55820, 1.58070, 1.54560, 1.56720
1.56710, 1.58170, 1.55720, 1.57400
1.57510, 1.58850, 1.56650, 1.57940
1.58140, 1.59280, 1.54690, 1.55230
1.54640, 1.55790, 1.54320, 1.55480
1.55570, 1.60600, 1.55290, 1.60110
1.59800, 1.62190, 1.59520, 1.61120
1.61090, 1.61110, 1.56780, 1.57080
1.57380, 1.59600, 1.54940, 1.59430
1.59200, 1.60340, 1.57680, 1.58090
1.59020, 1.61080, 1.57360, 1.60590
1.61150, 1.63580, 1.60300, 1.61310
1.60940, 1.62520, 1.59350, 1.59680
1.59770, 1.61340, 1.56270, 1.57950
1.57930, 1.60100, 1.56710, 1.57220
1.57860, 1.59350, 1.55790, 1.57550
1.58040, 1.58830, 1.55840, 1.57990
1.58220, 1.59180, 1.56510, 1.57980
1.56710, 1.57710, 1.54410, 1.55360
1.55260, 1.56270, 1.52140, 1.52950
1.53010, 1.55200, 1.51670, 1.53980
1.54020, 1.54610, 1.50660, 1.52580
1.52970, 1.55760, 1.52490, 1.54830
1.55480, 1.56100, 1.52240, 1.53550
1.53710, 1.55750, 1.52370, 1.53610
1.53540, 1.57170, 1.53230, 1.56220
1.56380, 1.59240, 1.55640, 1.59090
1.58560, 1.60520, 1.56880, 1.59280
1.59520, 1.63620, 1.58590, 1.63330
1.62930, 1.68070, 1.61110, 1.67270
1.68490, 1.71090, 1.63750, 1.65400
1.65610, 1.71120, 1.64410, 1.68990
1.68060, 1.70390, 1.65670, 1.67860
1.68490, 1.68590, 1.63920, 1.66320
1.66270, 1.68050, 1.62130, 1.66960
1.67810, 1.68170, 1.64120, 1.65380
1.66200, 1.66850, 1.63810, 1.63990
1.64330, 1.69860, 1.63950, 1.69110
1.71160, 1.71530, 1.65400, 1.65900
1.65810, 1.66920, 1.63790, 1.64440
1.64420, 1.71980, 1.63110, 1.71290
1.71290, 1.72770, 1.69490, 1.71040
1.70040, 1.70760, 1.63720, 1.64630
1.64330, 1.65640, 1.62280, 1.63440
1.62400, 1.63470, 1.60580, 1.61530
1.62040, 1.64370, 1.60800, 1.63280
1.62770, 1.65170, 1.62250, 1.62830
1.62910, 1.64250, 1.61970, 1.62610
1.63030, 1.63160, 1.60040, 1.60740
1.61030, 1.66850, 1.60680, 1.66650
1.66480, 1.67270, 1.62930, 1.63050
1.63220, 1.63500, 1.59000, 1.61950
1.61540, 1.64330, 1.61020, 1.62070
1.61420, 1.66370, 1.60390, 1.65330
1.65530, 1.68280, 1.63660, 1.67020
1.66400, 1.67350, 1.64290, 1.65320
1.65290, 1.67840, 1.64580, 1.66080
1.65950, 1.67970, 1.65540, 1.66690
1.66360, 1.69820, 1.66300, 1.68460
1.68380, 1.69110, 1.63520, 1.64080
1.64150, 1.65630, 1.63370, 1.64490
1.64670, 1.64820, 1.62070, 1.63850
1.63860, 1.66750, 1.62240, 1.66100
1.66090, 1.67340, 1.64130, 1.66670
1.66230, 1.67730, 1.63490, 1.64220
1.64210, 1.65120, 1.62400, 1.63440
1.63690, 1.66600, 1.63290, 1.65750
1.65610, 1.66110, 1.62630, 1.64460
1.64460, 1.65020, 1.61810, 1.63730
1.63600, 1.64690, 1.61790, 1.62870
1.62840, 1.62990, 1.60730, 1.61460
1.61330, 1.62200, 1.57530, 1.58650
1.58710, 1.61680, 1.58320, 1.59140
1.59460, 1.60920, 1.58220, 1.59700
1.59310, 1.61180, 1.58800, 1.60920
1.61000, 1.61540, 1.59870, 1.61130
1.61250, 1.62710, 1.59800, 1.59940
1.59980, 1.61650, 1.58570, 1.59560
1.59320, 1.59700, 1.57350, 1.58570
1.58420, 1.60070, 1.58170, 1.59300
1.59300, 1.60850, 1.58930, 1.60270
1.60410, 1.61960, 1.59530, 1.60360
1.60360, 1.60450, 1.55520, 1.56030
1.56110, 1.56700, 1.55370, 1.56200
1.56040, 1.56930, 1.54640, 1.55340
1.55240, 1.56370, 1.55150, 1.55360
1.55250, 1.55710, 1.53970, 1.54220
1.54170, 1.56140, 1.53990, 1.55520
1.55300, 1.57370, 1.54450, 1.56860
1.56880, 1.58160, 1.56800, 1.57670
1.57730, 1.58540, 1.56860, 1.58320
1.58150, 1.58840, 1.57020, 1.57740
1.57650, 1.58740, 1.57210, 1.57400
1.57110, 1.58500, 1.56710, 1.56790
1.57100, 1.58200, 1.55300, 1.55370
1.55800, 1.59030, 1.55290, 1.59000
1.59000, 1.59360, 1.57350, 1.57760
1.57330, 1.61400, 1.57080, 1.61100
1.61060, 1.64330, 1.59720, 1.60900
1.60980, 1.62560, 1.60180, 1.61420
1.61320, 1.62290, 1.60050, 1.60980
1.60880, 1.62200, 1.58990, 1.61220
1.61330, 1.62590, 1.59540, 1.60570
1.60900, 1.62700, 1.59990, 1.60620
1.60320, 1.60750, 1.57200, 1.58280
1.57560, 1.60370, 1.56400, 1.57050
1.56800, 1.60000, 1.56520, 1.58570
1.59240, 1.59880, 1.57880, 1.59210
1.59440, 1.62060, 1.58380, 1.60180
1.60320, 1.61590, 1.57430, 1.57860
1.57800, 1.58560, 1.56780, 1.56830
1.57010, 1.57200, 1.54690, 1.55760
1.55060, 1.56760, 1.50420, 1.51100
1.50890, 1.53280, 1.47830, 1.48330
1.48440, 1.54330, 1.48090, 1.50400
1.50080, 1.56830, 1.49700, 1.55450
1.55930, 1.58160, 1.53390, 1.53650
1.53590, 1.54800, 1.51940, 1.52720
1.52320, 1.52470, 1.49410, 1.51120
1.51280, 1.52270, 1.47820, 1.47920
1.47900, 1.49140, 1.45500, 1.47260
1.46950, 1.48650, 1.42820, 1.42940
1.43080, 1.46400, 1.42490, 1.42930
1.43060, 1.44910, 1.41250, 1.43860
1.44010, 1.45390, 1.43050, 1.44440
1.44850, 1.45420, 1.40390, 1.40760
1.40660, 1.42320, 1.39740, 1.40560
1.40340, 1.43890, 1.38770, 1.43050
1.43060, 1.48940, 1.41730, 1.48430
1.48630, 1.52420, 1.47200, 1.49600
1.50000, 1.53400, 1.50000, 1.53110
1.53570, 1.54000, 1.50370, 1.50660
1.50440, 1.54870, 1.49300, 1.54590
1.54980, 1.59150, 1.53070, 1.57630
1.57410, 1.61540, 1.56440, 1.61240
1.60400, 1.65080, 1.60030, 1.64150
1.64720, 1.65820, 1.61450, 1.63080
1.60960, 1.66180, 1.60350, 1.65910
1.64740, 1.66780, 1.63400, 1.65960
1.65560, 1.68070, 1.63580, 1.66020
1.66110, 1.67250, 1.63590, 1.66830
1.67110, 1.68170, 1.64100, 1.66500
1.66050, 1.67840, 1.65260, 1.65510
1.65650, 1.70980, 1.65520, 1.69920
1.69980, 1.70590, 1.66920, 1.70270
1.70620, 1.86030, 1.70110, 1.72970
1.72830, 1.78910, 1.72710, 1.77330
1.77050, 1.79920, 1.73300, 1.79390
1.79440, 1.80170, 1.75840, 1.76450
1.76480, 1.79430, 1.74920, 1.75350
1.75780, 1.78960, 1.72900, 1.73860
1.73810, 1.74160, 1.68370, 1.69660
1.70000, 1.71930, 1.65120, 1.66650
1.66900, 1.69440, 1.61560, 1.63010
1.63080, 1.65200, 1.62160, 1.62350
1.63670, 1.65590, 1.62380, 1.64560
1.64530, 1.65500, 1.63170, 1.64680
1.64100, 1.65710, 1.61830, 1.62140
1.62160, 1.63720, 1.60830, 1.62060
1.61940, 1.64840, 1.57950, 1.61200
1.61180, 1.67550, 1.61180, 1.63720
1.63520, 1.63870, 1.60180, 1.61500
1.61330, 1.61660, 1.59630, 1.60320
1.60190, 1.60830, 1.58670, 1.59130
1.59150, 1.67020, 1.58690, 1.66910
1.66430, 1.71320, 1.64040, 1.68730
1.70370, 1.72680, 1.65190, 1.66320
1.66140, 1.70030, 1.65410, 1.66960
1.66860, 1.69100, 1.65060, 1.68330
1.68250, 1.72180, 1.67320, 1.69780
1.69850, 1.70380, 1.66980, 1.67780
1.67150, 1.67900, 1.62630, 1.64790
1.65780, 1.66320, 1.61170, 1.61320
1.61870, 1.68400, 1.61280, 1.65190
1.65560, 1.68690, 1.64710, 1.65800
1.66010, 1.67250, 1.65620, 1.66970
1.67080, 1.67230, 1.62600, 1.64970
1.65420, 1.68250, 1.65080, 1.67300
1.67540, 1.68010, 1.62660, 1.62980
1.64090, 1.64910, 1.60970, 1.63740
1.63780, 1.65650, 1.62150, 1.63930
1.64200, 1.67650, 1.63370, 1.66680
1.66830, 1.69260, 1.66340, 1.67000
1.67150, 1.67570, 1.65310, 1.65830
1.65620, 1.67090, 1.64590, 1.65940
1.66010, 1.66510, 1.62240, 1.63380
1.63350, 1.64660, 1.58400, 1.59430
1.59340, 1.60900, 1.58690, 1.59710
1.60140, 1.60380, 1.54500, 1.55610
1.55680, 1.57710, 1.54670, 1.55250
1.55300, 1.55960, 1.51090, 1.51260
1.51360, 1.55700, 1.51170, 1.54990
1.54610, 1.58350, 1.54470, 1.56730
1.56860, 1.57510, 1.54590, 1.54980
1.55010, 1.56220, 1.54310, 1.55300
1.55200, 1.56430, 1.52250, 1.55070
1.55320, 1.56440, 1.53490, 1.55620
1.55990, 1.56380, 1.53160, 1.54630
1.54640, 1.55160, 1.52610, 1.52920
1.53080, 1.53370, 1.50230, 1.53310
1.53370, 1.55060, 1.52530, 1.53440
1.53560, 1.55460, 1.51590, 1.54900
1.54870, 1.55490, 1.53300, 1.54260
1.54260, 1.56832, 1.53088, 1.56141
1.55663, 1.57632, 1.54698, 1.54732
1.54537, 1.54981, 1.51003, 1.51879
1.51830, 1.53625, 1.51603, 1.53227
1.53434, 1.54518, 1.51190, 1.51924
1.50611, 1.55128, 1.48453, 1.52446
1.51657, 1.52552, 1.50419, 1.51014
1.51407, 1.51559, 1.50015, 1.50296
1.50462, 1.50927, 1.48379, 1.49250
1.48811, 1.51604, 1.47195, 1.47935
1.47601, 1.50180, 1.46898, 1.50038
1.49802, 1.52337, 1.49649, 1.51906
1.52406, 1.52756, 1.46134, 1.51857
1.51628, 1.51808, 1.49978, 1.51305
1.51080, 1.51916, 1.48991, 1.49208
1.49303, 1.49722, 1.47711, 1.49220
1.49208, 1.49521, 1.46893, 1.47145
1.47299, 1.48658, 1.46395, 1.47368
1.47561, 1.48610, 1.45336, 1.47635
1.47448, 1.48348, 1.46571, 1.47693
1.47347, 1.48017, 1.45920, 1.46697
1.46614, 1.50899, 1.46587, 1.50672
1.50957, 1.54448, 1.50492, 1.54103
1.54025, 1.54546, 1.52065, 1.52887
1.52956, 1.54153, 1.52098, 1.53585
1.53902, 1.54838, 1.51862, 1.52011
1.52130, 1.53370, 1.51891, 1.52624
1.52563, 1.53548, 1.51168, 1.51383
1.51627, 1.53705, 1.50951, 1.52468
1.54933, 1.59393, 1.53874, 1.58628
1.58878, 1.60193, 1.56827, 1.58824
1.59589, 1.59612, 1.56270, 1.59313
1.59263, 1.62359, 1.58430, 1.61746
1.61544, 1.61935, 1.57929, 1.58190
1.58224, 1.59290, 1.56976, 1.57802
1.57939, 1.58363, 1.54763, 1.55152
1.55369, 1.56323, 1.54016, 1.54317
1.54443, 1.55042, 1.53185, 1.53620
1.53650, 1.57117, 1.52333, 1.55669
1.55693, 1.57208, 1.55394, 1.56469
1.56505, 1.58981, 1.54550, 1.55984
1.56112, 1.58265, 1.55841, 1.56339
1.56630, 1.57433, 1.55312, 1.56209
1.56446, 1.60270, 1.56088, 1.58699
1.59033, 1.62273, 1.58882, 1.61402
1.61609, 1.62469, 1.59951, 1.60780
1.60746, 1.64859, 1.60395, 1.64573
1.64911, 1.66698, 1.64464, 1.65627
1.66071, 1.66861, 1.64095, 1.65658
1.65383, 1.66252, 1.63279, 1.63787
1.63635, 1.64864, 1.61397, 1.62658
1.62884, 1.64505, 1.62388, 1.63818
1.63377, 1.65675, 1.62763, 1.65393
1.65993, 1.67587, 1.64312, 1.64634
1.64496, 1.69528, 1.63587, 1.69086
1.69171, 1.72149, 1.67916, 1.68753
1.68952, 1.70586, 1.67831, 1.67966
1.67985, 1.68893, 1.66249, 1.68177
1.68237, 1.74081, 1.67937, 1.72889
1.73098, 1.73828, 1.71367, 1.73376
1.73186, 1.74787, 1.70776, 1.72603
1.72785, 1.73406, 1.71027, 1.72113
1.71889, 1.72180, 1.67574, 1.67982
1.67717, 1.70628, 1.67438, 1.68848
1.68830, 1.69515, 1.67939, 1.69058
1.69018, 1.70253, 1.67623, 1.67751
1.67886, 1.68208, 1.65199, 1.68050
1.68355, 1.69362, 1.67154, 1.67842
1.68331, 1.70118, 1.66443, 1.68820
1.69119, 1.70716, 1.67823, 1.70463
1.70536, 1.71005, 1.68355, 1.68796
1.68986, 1.69984, 1.67787, 1.67845
1.68022, 1.69122, 1.67246, 1.68495
1.68392, 1.70569, 1.67814, 1.70027
1.70278, 1.71298, 1.68702, 1.68885
1.68747, 1.70424, 1.68130, 1.70185
1.70246, 1.71621, 1.69831, 1.70671
1.70670, 1.71403, 1.69676, 1.69973
1.70167, 1.70919, 1.67672, 1.68786
1.68837, 1.68882, 1.66725, 1.67626
1.67545, 1.70694, 1.67457, 1.70363
1.69997, 1.72561, 1.69994, 1.71102
1.71093, 1.71798, 1.69999, 1.70280
1.70197, 1.71792, 1.69575, 1.71350
1.71398, 1.72926, 1.69939, 1.70014
1.70032, 1.70599, 1.68310, 1.68316
1.68648, 1.69014, 1.66096, 1.66835
1.66958, 1.68210, 1.66008, 1.67377
1.67558, 1.68418, 1.65694, 1.67094
1.67046, 1.69258, 1.66737, 1.68626
1.68491, 1.72590, 1.68484, 1.72370
1.71893, 1.73776, 1.71524, 1.71611
1.71627, 1.73031, 1.71407, 1.72636
1.72808, 1.73286, 1.71175, 1.72085
1.72456, 1.72605, 1.71306, 1.71494
1.71410, 1.72278, 1.71179, 1.71401
1.71253, 1.74874, 1.71198, 1.73418
1.72944, 1.73544, 1.72200, 1.72331
1.72236, 1.74253, 1.72205, 1.73646
1.73619, 1.75968, 1.73562, 1.75208
1.75141, 1.77343, 1.75063, 1.76826
1.76837, 1.78256, 1.76683, 1.77486
1.77484, 1.77820, 1.75424, 1.75783
1.75971, 1.77308, 1.74788, 1.75305
1.75420, 1.79049, 1.74806, 1.78871
1.78786, 1.79289, 1.77067, 1.77478
1.77392, 1.77844, 1.73552, 1.74646
1.74144, 1.75876, 1.74006, 1.74722
1.74670, 1.74826, 1.70596, 1.71168
1.71531, 1.71679, 1.67940, 1.68126
1.68176, 1.68332, 1.65575, 1.65970
1.66141, 1.67909, 1.66036, 1.67121
1.67651, 1.67836, 1.64429, 1.64471
1.64026, 1.66426, 1.63286, 1.66061
1.65721, 1.67277, 1.64221, 1.66277
1.66175, 1.69855, 1.65317, 1.69368
1.69010, 1.71093, 1.68516, 1.70566
1.70372, 1.72102, 1.67898, 1.69117
1.68895, 1.70577, 1.67635, 1.67719
1.67808, 1.69344, 1.66910, 1.68430
1.68057, 1.69409, 1.66554, 1.66681
1.66872, 1.67636, 1.65277, 1.66127
1.66058, 1.68488, 1.65163, 1.67768
1.67840, 1.68369, 1.64105, 1.64458
1.64592, 1.67676, 1.64141, 1.65487
1.65102, 1.67279, 1.64650, 1.67057
1.66645, 1.67251, 1.64978, 1.65060
1.65276, 1.65990, 1.64043, 1.65298
1.65349, 1.66171, 1.63683, 1.64340
1.64011, 1.66001, 1.62893, 1.64785
1.64439, 1.66942, 1.64304, 1.66516
1.66520, 1.67868, 1.66398, 1.67061
1.67040, 1.69150, 1.66566, 1.68046
1.68122, 1.69609, 1.67084, 1.67316
1.67215, 1.69321, 1.66916, 1.68586
1.69019, 1.71486, 1.68656, 1.70206
1.70228, 1.71322, 1.70024, 1.71230
1.70865, 1.71963, 1.70464, 1.71026
1.71001, 1.71503, 1.70473, 1.70786
1.70757, 1.71048, 1.69168, 1.70088
1.69841, 1.72757, 1.69831, 1.72691
1.72611, 1.73066, 1.71089, 1.72506
1.72532, 1.72692, 1.69176, 1.69258
1.68915, 1.69860, 1.68016, 1.69326
1.69309, 1.70512, 1.68266, 1.68316
1.68289, 1.68503, 1.65596, 1.65906
1.65748, 1.67848, 1.65260, 1.67616
1.67630, 1.70380, 1.67601, 1.69896
1.70070, 1.75716, 1.69993, 1.73246
1.73026, 1.74728, 1.71986, 1.72594
1.72434, 1.74474, 1.72117, 1.74097
1.74536, 1.75925, 1.73456, 1.74166
1.74281, 1.74704, 1.71315, 1.71524
1.71733, 1.73857, 1.70010, 1.73606
1.73675, 1.76157, 1.72952, 1.76045
1.75731, 1.75904, 1.72980, 1.73761
1.73956, 1.75520, 1.73278, 1.73813
1.74147, 1.74957, 1.73558, 1.74086
1.74246, 1.76996, 1.74104, 1.74886
1.74872, 1.75033, 1.73190, 1.74479
1.74382, 1.75167, 1.72916, 1.73661
1.73546, 1.74364, 1.72746, 1.74070
1.73811, 1.74373, 1.71384, 1.72546
1.72441, 1.73475, 1.71852, 1.72030
1.71765, 1.72123, 1.70814, 1.71496
1.71331, 1.71487, 1.68065, 1.68369
1.68611, 1.70052, 1.68328, 1.68601
1.68461, 1.69956, 1.67534, 1.67657
1.67895, 1.67895, 1.66171, 1.66649
1.66685, 1.67567, 1.66184, 1.67379
1.67600, 1.68666, 1.66911, 1.67554
1.67386, 1.69195, 1.67256, 1.67694
1.67605, 1.68390, 1.66638, 1.66800
1.67336, 1.71627, 1.67011, 1.71579
1.71327, 1.71758, 1.69606, 1.70923
1.70843, 1.71245, 1.67851, 1.68293
1.68058, 1.71439, 1.68052, 1.70768
1.71258, 1.77377, 1.70831, 1.76424
1.77791, 1.78752, 1.76343, 1.77476
1.79538, 1.91287, 1.77271, 1.82892
1.83231, 1.99275, 1.81656, 1.87375
1.88309, 1.90935, 1.83192, 1.84281
1.84096, 1.86323, 1.82487, 1.84470
1.83965, 1.84756, 1.79215, 1.79995
1.79746, 1.82958, 1.78398, 1.80180
1.79883, 1.82808, 1.78682, 1.79800
1.79998, 1.81842, 1.76600, 1.81097
1.81071, 1.82266, 1.76494, 1.76575
1.76274, 1.82642, 1.76180, 1.82252
1.81965, 1.82518, 1.78335, 1.78802
1.78767, 1.79810, 1.76245, 1.78876
1.79416, 1.79555, 1.73283, 1.73484
1.73590, 1.76532, 1.71896, 1.74528
1.74224, 1.75938, 1.73363, 1.74372
1.74991, 1.75816, 1.73279, 1.74634
1.74977, 1.75745, 1.71910, 1.71991
1.72226, 1.73098, 1.71593, 1.71860
1.71899, 1.74948, 1.71767, 1.74226
1.74087, 1.75653, 1.72638, 1.75392
1.75434, 1.78012, 1.75010, 1.77558
1.77448, 1.79121, 1.76884, 1.78534
1.78237, 1.80946, 1.77307, 1.80904
1.80811, 1.82228, 1.79481, 1.80225
1.80460, 1.81343, 1.76437, 1.76618
1.76767, 1.77522, 1.74684, 1.76111
1.76320, 1.78310, 1.76082, 1.77617
1.77609, 1.77654, 1.74450, 1.75173
1.74898, 1.78731, 1.74843, 1.77591
1.77453, 1.78374, 1.76317, 1.76465
1.76271, 1.79642, 1.76159, 1.77234
1.77427, 1.77916, 1.75812, 1.77349
1.77252, 1.80196, 1.76610, 1.77243
1.77137, 1.77383, 1.75216, 1.76084
1.76140, 1.76605, 1.74017, 1.75271
1.75018, 1.75156, 1.70441, 1.72794
1.72800, 1.72881, 1.70566, 1.71007
1.71012, 1.71222, 1.69453, 1.69994
1.70103, 1.72797, 1.69808, 1.72112
1.72053, 1.72569, 1.70688, 1.70820
1.70756, 1.72396, 1.70614, 1.71602
1.71730, 1.73460, 1.71306, 1.71371
1.71287, 1.72354, 1.69392, 1.70099
1.70046, 1.71271, 1.68426, 1.68808
1.68845, 1.69813, 1.68087, 1.69309
1.69060, 1.70713, 1.68132, 1.69452
1.69465, 1.70417, 1.67572, 1.68902
1.69215, 1.69486, 1.66365, 1.67214
1.67362, 1.68476, 1.66492, 1.67778
1.68049, 1.68265, 1.65897, 1.65984
1.66097, 1.67070, 1.63203, 1.66874
1.66711, 1.67555, 1.65292, 1.66240
1.66143, 1.67017, 1.65101, 1.66514
1.66336, 1.66513, 1.64844, 1.66092
1.66210, 1.69889, 1.65945, 1.68445
1.68522, 1.68910, 1.66978, 1.67129
1.67194, 1.69546, 1.66655, 1.69129
1.69187, 1.69832, 1.66700, 1.67643
1.67821, 1.68180, 1.66673, 1.68079
1.68004, 1.68147, 1.66689, 1.67888
1.67724, 1.68861, 1.66090, 1.66965
1.66803, 1.69133, 1.66373, 1.67370
1.67541, 1.70358, 1.67318, 1.69912
1.69548, 1.70273, 1.66841, 1.68128
1.67901, 1.70092, 1.67780, 1.68666
1.68765, 1.70046, 1.68128, 1.69799
1.69556, 1.71214, 1.68893, 1.71094
1.70722, 1.71027, 1.68545, 1.68844
1.68512, 1.70417, 1.68448, 1.68628
1.68773, 1.70972, 1.66921, 1.69634
1.69525, 1.70559, 1.67715, 1.68568
1.68490, 1.70962, 1.68363, 1.68604
1.68570, 1.70662, 1.68419, 1.70138
1.70186, 1.70558, 1.67121, 1.67698
1.67585, 1.68387, 1.66394, 1.67555
1.67339, 1.71615, 1.67194, 1.71076
1.71264, 1.71409, 1.68026, 1.68179
1.68336, 1.68785, 1.65789, 1.66048
1.65746, 1.67039, 1.65301, 1.66042
1.65796, 1.67052, 1.65393, 1.66622
1.66606, 1.67611, 1.65522, 1.67073
1.67008, 1.69130, 1.66448, 1.67028
1.67059, 1.67885, 1.66100, 1.66988
1.67044, 1.67264, 1.63895, 1.63896
1.63739, 1.64462, 1.61522, 1.62829
1.62579, 1.63003, 1.61207, 1.61308
1.61416, 1.63251, 1.60794, 1.62417
1.62461, 1.63513, 1.61247, 1.62388
1.62532, 1.62711, 1.60621, 1.61175
1.61091, 1.66208, 1.60672, 1.66105
1.65416, 1.67722, 1.64759, 1.67489
1.67124, 1.67645, 1.65711, 1.66406
1.66225, 1.67595, 1.65462, 1.66737
1.66410, 1.68268, 1.65478, 1.65926
1.65569, 1.66598, 1.65252, 1.66164
1.66038, 1.67985, 1.65385, 1.67523
1.67560, 1.67989, 1.66442, 1.67518
1.67525, 1.69052, 1.66546, 1.68885
1.68702, 1.70643, 1.68389, 1.70250
1.70159, 1.73571, 1.69397, 1.73047
1.73266, 1.73378, 1.70199, 1.70636
1.70597, 1.71541, 1.68860, 1.69059
1.68946, 1.69388, 1.66350, 1.67032
1.66561, 1.67301, 1.58848, 1.59259
1.59309, 1.62202, 1.56396, 1.60292
1.60346, 1.63277, 1.59785, 1.59881
1.60068, 1.60553, 1.57527, 1.57701
1.57947, 1.61515, 1.57485, 1.59546
1.59002, 1.59935, 1.55911, 1.58726
1.59071, 1.60454, 1.56929, 1.59471
1.59217, 1.62791, 1.59082, 1.62658
1.62799, 1.63545, 1.60777, 1.63259
1.63023, 1.64954, 1.61598, 1.64508
1.64461, 1.68386, 1.64297, 1.65463
1.65517, 1.66808, 1.64545, 1.64667
1.64789, 1.66921, 1.63641, 1.64162
1.64176, 1.65305, 1.63617, 1.64707
1.64373, 1.67323, 1.63978, 1.65450
1.65543, 1.68502, 1.65125, 1.66165
1.66041, 1.68888, 1.65371, 1.67067
1.67079, 1.69641, 1.66616, 1.67888
1.68068, 1.68322, 1.63926, 1.64463
1.64502, 1.64927, 1.63143, 1.63732
1.63801, 1.65453, 1.62215, 1.63319
1.63157, 1.63923, 1.61299, 1.62496
1.62481, 1.63381, 1.61191, 1.63019
1.62629, 1.63217, 1.58734, 1.58785
1.58888, 1.62718, 1.58810, 1.62542
1.62327, 1.62645, 1.59891, 1.62363
1.62582, 1.64750, 1.61828, 1.62768
1.63108, 1.65721, 1.62297, 1.64473
1.65798, 1.67839, 1.64451, 1.67055
1.66999, 1.69534, 1.66999, 1.68562
1.68160, 1.75278, 1.67549, 1.74983
1.74827, 1.74937, 1.70690, 1.73608
1.73432, 1.75073, 1.72316, 1.74710
1.74430, 1.75468, 1.70874, 1.71063
1.70685, 1.74216, 1.70064, 1.71281
1.71507, 1.71716, 1.67295, 1.67787
1.68214, 1.71097, 1.68057, 1.69130
1.69290, 1.70141, 1.67256, 1.67756
1.67540, 1.68136, 1.65694, 1.65968
1.66591, 1.68426, 1.64122, 1.64301
1.64692, 1.66532, 1.63996, 1.64060
1.64073, 1.67909, 1.63462, 1.65862
1.65773, 1.69890, 1.65663, 1.68817
1.68853, 1.69984, 1.67257, 1.68443
1.68444, 1.69710, 1.67123, 1.67548
1.67588, 1.70387, 1.66706, 1.69632
1.69651, 1.69825, 1.66550, 1.67528
1.67894, 1.68845, 1.66822, 1.67342
1.67374, 1.70799, 1.67155, 1.70548
1.70677, 1.71066, 1.68649, 1.69138
1.69051, 1.71661, 1.68289, 1.71282
1.71193, 1.71755, 1.69828, 1.71026
1.70969, 1.72879, 1.70006, 1.70845
1.70789, 1.73772, 1.70706, 1.73381
1.73980, 1.73980, 1.69695, 1.70093
1.70086, 1.74634, 1.70003, 1.73430
1.73392, 1.74914, 1.72826, 1.73314
1.73096, 1.75212, 1.71641, 1.74287
1.74178, 1.77224, 1.74104, 1.77017
1.77033, 1.79204, 1.76132, 1.78967
1.78800, 1.80798, 1.78002, 1.78127
1.78237, 1.78475, 1.74699, 1.74970
1.74917, 1.75551, 1.72001, 1.75209
1.75084, 1.75331, 1.71661, 1.72072
1.72205, 1.77528, 1.71660, 1.77342
1.76979, 1.78362, 1.76233, 1.76669
1.76223, 1.77339, 1.75245, 1.75289
1.75313, 1.76401, 1.73916, 1.75230
1.75241, 1.78116, 1.75231, 1.77273
1.77209, 1.80057, 1.76346, 1.77593
1.77750, 1.77929, 1.74779, 1.76573
1.76298, 1.78243, 1.75030, 1.76195
1.76294, 1.80495, 1.76206, 1.80313
1.80026, 1.80680, 1.76857, 1.78850
1.78924, 1.80697, 1.76603, 1.80395
1.80451, 1.83279, 1.79775, 1.82857
1.82694, 1.82694, 1.82694, 1.82694