1.21350, 1.21940, 1.20370, 1.21740
1.21770, 1.23280, 1.20620, 1.23140
1.23230, 1.24240, 1.22620, 1.24120
1.24130, 1.24590, 1.22970, 1.24530
1.24470, 1.24620, 1.20860, 1.20910
1.20960, 1.21910, 1.19890, 1.20190
1.20160, 1.22920, 1.19690, 1.22800
1.22850, 1.23770, 1.21750, 1.23740
1.23730, 1.23890, 1.22780, 1.23190
1.23130, 1.23270, 1.20010, 1.20110
1.20130, 1.22210, 1.19840, 1.20570
1.20600, 1.23120, 1.20240, 1.22610
1.22640, 1.22960, 1.21190, 1.21870
1.21810, 1.23620, 1.21220, 1.22740
1.22780, 1.24440, 1.22450, 1.24160
1.23990, 1.24330, 1.22450, 1.24090
1.24130, 1.25050, 1.22240, 1.24670
1.24750, 1.26870, 1.24490, 1.26830
1.26920, 1.28420, 1.26300, 1.27970
1.28010, 1.29720, 1.26550, 1.29620
1.29700, 1.30030, 1.28480, 1.29730
1.29700, 1.30740, 1.29160, 1.30220
1.30370, 1.33290, 1.29740, 1.32960
1.32690, 1.34600, 1.32280, 1.34500
1.34420, 1.34690, 1.31390, 1.32230
1.31930, 1.34430, 1.31870, 1.33060
1.33270, 1.35470, 1.32900, 1.35310
1.35270, 1.36660, 1.34980, 1.35550
1.35460, 1.35800, 1.30240, 1.30530
1.30580, 1.32920, 1.30470, 1.31100
1.31000, 1.31270, 1.29070, 1.30380
1.30370, 1.31230, 1.29430, 1.30340
1.30290, 1.30920, 1.28260, 1.28670
1.28580, 1.29050, 1.27280, 1.28640
1.28740, 1.30890, 1.28730, 1.30720
1.30420, 1.32740, 1.30310, 1.32430
1.32380, 1.32790, 1.30820, 1.32350
1.32380, 1.34810, 1.31770, 1.34570
1.34600, 1.34770, 1.32580, 1.33240
1.33130, 1.33180, 1.29230, 1.29560
1.29600, 1.30470, 1.28530, 1.29110
1.29070, 1.29400, 1.27970, 1.29320
1.29290, 1.30080, 1.27660, 1.29220
1.29200, 1.31230, 1.28730, 1.30630
1.30630, 1.30710, 1.28520, 1.28710
1.28680, 1.29890, 1.28080, 1.28180
1.28310, 1.29130, 1.26090, 1.26310
1.26270, 1.26900, 1.25260, 1.25560
1.25460, 1.26280, 1.24900, 1.25820
1.25780, 1.25800, 1.21580, 1.22340
1.22300, 1.23530, 1.21040, 1.21170
1.21130, 1.22900, 1.20110, 1.22830
1.22680, 1.22840, 1.19810, 1.20910
1.20890, 1.21850, 1.19350, 1.19570
1.19530, 1.20400, 1.18650, 1.19630
1.19670, 1.22560, 1.19530, 1.20320
1.20300, 1.22540, 1.19510, 1.20620
1.20630, 1.21600, 1.19620, 1.21200
1.21210, 1.24020, 1.21150, 1.23560
1.23690, 1.24860, 1.23100, 1.24390
1.24390, 1.24660, 1.21240, 1.21490
1.21630, 1.23410, 1.21520, 1.22900
1.22820, 1.25890, 1.21600, 1.25290
1.25110, 1.25840, 1.23710, 1.24080
1.24060, 1.24150, 1.21930, 1.22380
1.22320, 1.22690, 1.20330, 1.20360
1.20350, 1.20900, 1.19780, 1.20280
1.20610, 1.22050, 1.18970, 1.21310
1.21250, 1.21530, 1.19130, 1.20730
1.20770, 1.21210, 1.18740, 1.19550
1.19490, 1.21730, 1.19170, 1.20680
1.20570, 1.20890, 1.18020, 1.18100
1.18070, 1.18320, 1.16690, 1.17340
1.17210, 1.17950, 1.16400, 1.17720
1.17720, 1.18650, 1.16850, 1.17210
1.17100, 1.19020, 1.16610, 1.17140
1.17010, 1.18490, 1.16880, 1.18140
1.17790, 1.20610, 1.17770, 1.20120
1.20240, 1.20370, 1.18010, 1.18680
1.18650, 1.19310, 1.17770, 1.18470
1.18450, 1.21820, 1.18100, 1.21510
1.21490, 1.21630, 1.20060, 1.21410
1.21420, 1.21750, 1.20400, 1.21360
1.21380, 1.23230, 1.20860, 1.20930
1.21040, 1.21890, 1.19680, 1.20230
1.20350, 1.20460, 1.18920, 1.19030
1.18980, 1.19540, 1.18490, 1.19380
1.19280, 1.19730, 1.18610, 1.18770
1.18690, 1.20520, 1.18250, 1.20430
1.20440, 1.20920, 1.18600, 1.19080
1.19110, 1.22070, 1.19060, 1.21870
1.21790, 1.21960, 1.19360, 1.20370
1.20350, 1.21740, 1.19800, 1.21150
1.21120, 1.23320, 1.20330, 1.20920
1.20910, 1.21680, 1.20660, 1.21090
1.21170, 1.23930, 1.21080, 1.23410
1.23510, 1.26400, 1.23320, 1.26340
1.26260, 1.27640, 1.25540, 1.27260
1.27250, 1.29580, 1.26600, 1.29240
1.29240, 1.29710, 1.26930, 1.27760
1.27770, 1.28870, 1.26930, 1.27360
1.27360, 1.29400, 1.27170, 1.29170
1.29170, 1.29790, 1.25950, 1.26380
1.26380, 1.26720, 1.24910, 1.26400
1.26400, 1.26780, 1.24780, 1.25030
1.25030, 1.27940, 1.24820, 1.27910
1.27830, 1.28620, 1.27070, 1.28110
1.28120, 1.28180, 1.26270, 1.26480
1.26490, 1.26970, 1.24330, 1.26920
1.27020, 1.27720, 1.25590, 1.27600
1.27590, 1.29090, 1.27200, 1.28740
1.28710, 1.29130, 1.27140, 1.27210
1.27250, 1.28880, 1.26900, 1.28270
1.28240, 1.29390, 1.27250, 1.27530
1.27520, 1.28790, 1.27490, 1.28340
1.28340, 1.28750, 1.26510, 1.26700
1.26710, 1.27530, 1.26310, 1.26640
1.26630, 1.28300, 1.26270, 1.27830
1.27760, 1.28200, 1.26390, 1.26720
1.26720, 1.27650, 1.25720, 1.25990
1.25960, 1.26140, 1.24830, 1.25130
1.25280, 1.26430, 1.24860, 1.26170
1.26140, 1.27500, 1.25220, 1.27400
1.27310, 1.27980, 1.26770, 1.27170
1.27170, 1.29000, 1.26900, 1.28390
1.28440, 1.28790, 1.27580, 1.28260
1.28270, 1.31090, 1.27980, 1.30930
1.31650, 1.33490, 1.30860, 1.33380
1.33320, 1.33670, 1.31900, 1.32020
1.31790, 1.32920, 1.30600, 1.30800
1.30770, 1.32450, 1.30520, 1.31280
1.31230, 1.32070, 1.30870, 1.31950
1.31930, 1.32970, 1.29800, 1.30010
1.30110, 1.30530, 1.28630, 1.29230
1.29230, 1.30020, 1.28960, 1.29530
1.29620, 1.30450, 1.28780, 1.29160
1.29140, 1.30650, 1.28950, 1.29600
1.29620, 1.30470, 1.29100, 1.30080
1.29890, 1.31740, 1.29400, 1.31370
1.31370, 1.31900, 1.30800, 1.31640
1.31670, 1.32600, 1.31420, 1.31910
1.32000, 1.32120, 1.30720, 1.31140
1.31190, 1.33390, 1.31040, 1.33160
1.33140, 1.34110, 1.32720, 1.32820
1.32880, 1.34000, 1.32540, 1.33530
1.33710, 1.34410, 1.33150, 1.33780
1.33740, 1.35530, 1.33400, 1.35290
1.35260, 1.36380, 1.35190, 1.35890
1.35980, 1.36820, 1.35400, 1.36520
1.36510, 1.36790, 1.35300, 1.35900
1.36020, 1.36270, 1.34620, 1.35200
1.35350, 1.36100, 1.34640, 1.35060
1.35110, 1.35300, 1.34100, 1.34380
1.34500, 1.35200, 1.33900, 1.34440
1.34420, 1.35550, 1.33190, 1.33730
1.33690, 1.33890, 1.32620, 1.33870
1.33770, 1.34700, 1.33700, 1.34650
1.34650, 1.35420, 1.34140, 1.35400
1.35370, 1.36590, 1.35270, 1.36260
1.36330, 1.38130, 1.35930, 1.37820
1.37860, 1.38430, 1.37510, 1.38260
1.38260, 1.38530, 1.36260, 1.36300
1.36320, 1.38190, 1.36090, 1.37700
1.38110, 1.38390, 1.36410, 1.36890
1.36870, 1.37090, 1.33590, 1.34590
1.34590, 1.36820, 1.34500, 1.36750
1.36740, 1.37200, 1.35620, 1.36260
1.36280, 1.37980, 1.35500, 1.37670
1.37680, 1.39270, 1.37660, 1.38700
1.38650, 1.41200, 1.38280, 1.40880
1.40910, 1.42780, 1.40600, 1.42570
1.42740, 1.42820, 1.40310, 1.41320
1.41390, 1.42410, 1.40140, 1.41770
1.41750, 1.43200, 1.41430, 1.43000
1.43290, 1.43950, 1.41250, 1.43920
1.44160, 1.45280, 1.43730, 1.45040
1.45140, 1.47520, 1.44440, 1.46760
1.46710, 1.47260, 1.45190, 1.46580
1.46700, 1.49680, 1.46200, 1.48340
1.48200, 1.49090, 1.46260, 1.46300
1.46370, 1.47700, 1.45260, 1.46560
1.46540, 1.47500, 1.44110, 1.44270
1.43900, 1.44540, 1.43090, 1.43780
1.43750, 1.47290, 1.43650, 1.47210
1.47150, 1.48250, 1.45660, 1.47400
1.47460, 1.48200, 1.46380, 1.47750
1.47810, 1.49230, 1.45890, 1.46170
1.46030, 1.47790, 1.43650, 1.46790
1.46790, 1.49540, 1.46600, 1.48000
1.48050, 1.48500, 1.44390, 1.45090
1.45160, 1.47090, 1.44810, 1.46800
1.46800, 1.48630, 1.46100, 1.48280
1.48360, 1.52390, 1.47780, 1.51780
1.51940, 1.54620, 1.51450, 1.53550
1.53610, 1.56880, 1.52820, 1.56710
1.56720, 1.59040, 1.53960, 1.54300
1.54380, 1.58580, 1.53410, 1.57920
1.58030, 1.58960, 1.55100, 1.57350
1.57310, 1.59140, 1.56270, 1.58090
1.56930, 1.59840, 1.56710, 1.58140
1.58030, 1.60190, 1.55550, 1.56280
1.56100, 1.56940, 1.53600, 1.54230
1.54340, 1.55950, 1.52840, 1.54790
1.54520, 1.56020, 1.53660, 1.55740
1.55940, 1.58150, 1.54850, 1.57610
1.57660, 1.58180, 1.54610, 1.55520
1.55730, 1.57770, 1.53660, 1.57770
1.57850, 1.58430, 1.53030, 1.53790
1.54040, 1.56520, 1.53450, 1.56060
1.56180, 1.57940, 1.54680, 1.57940
1.57760, 1.59100, 1.56550, 1.57000
1.56950, 1.59480, 1.56100, 1.59380
1.59680, 1.60380, 1.57830, 1.58410
1.58400, 1.59450, 1.56280, 1.57100
1.57060, 1.57690, 1.55140, 1.55630
1.55640, 1.56310, 1.49970, 1.50050
1.49280, 1.50830, 1.46590, 1.46870
1.46770, 1.49080, 1.46300, 1.47920
1.47810, 1.48120, 1.45700, 1.46720
1.46710, 1.47200, 1.41960, 1.42670
1.43270, 1.44280, 1.38810, 1.42240
1.43490, 1.45420, 1.40700, 1.44640
1.44860, 1.48660, 1.44350, 1.46130
1.45570, 1.46100, 1.37030, 1.37700
1.36670, 1.37850, 1.32570, 1.34040
1.35730, 1.37690, 1.33440, 1.34090
1.34240, 1.35310, 1.24940, 1.26200
1.25600, 1.32960, 1.23280, 1.27200
1.27450, 1.31160, 1.25250, 1.27160
1.28190, 1.29280, 1.23880, 1.26030
1.25300, 1.28140, 1.24230, 1.25860
1.25870, 1.30810, 1.25620, 1.26890
1.27100, 1.28480, 1.25490, 1.27150
1.27270, 1.34150, 1.27140, 1.33670
1.33670, 1.47170, 1.33630, 1.39110
1.39110, 1.41250, 1.39030, 1.40280
1.40610, 1.43630, 1.38390, 1.39190
1.39190, 1.39620, 1.33120, 1.34730
1.34720, 1.34740, 1.30260, 1.32640
1.33370, 1.33860, 1.27650, 1.29730
1.29620, 1.33300, 1.27630, 1.28110
1.27690, 1.30710, 1.27050, 1.29390
1.29630, 1.30930, 1.27210, 1.28610
1.27810, 1.28840, 1.25130, 1.28250
1.28250, 1.29920, 1.26040, 1.26690
1.26690, 1.27540, 1.24560, 1.26490
1.26530, 1.29570, 1.25550, 1.29280
1.29270, 1.37380, 1.28330, 1.35800
1.35770, 1.37360, 1.32560, 1.32840
1.32280, 1.35170, 1.31120, 1.34840
1.34820, 1.35820, 1.30900, 1.31850
1.31840, 1.33920, 1.30170, 1.30430
1.30560, 1.33020, 1.28840, 1.32400
1.32440, 1.33860, 1.29630, 1.32710
1.32690, 1.36500, 1.32120, 1.36390
1.36440, 1.37230, 1.34620, 1.34950
1.34790, 1.40500, 1.34230, 1.39960
1.40170, 1.41690, 1.37930, 1.41560
1.41430, 1.43380, 1.39320, 1.39650
1.39680, 1.41780, 1.38050, 1.40150
1.39940, 1.40150, 1.37480, 1.39330
1.39460, 1.41390, 1.38260, 1.40530
1.40530, 1.42010, 1.39270, 1.39780
1.39570, 1.40720, 1.38320, 1.39350
1.39350, 1.41660, 1.38970, 1.41000
1.40960, 1.42910, 1.40910, 1.42000
1.42240, 1.43050, 1.40060, 1.42560
1.42530, 1.44480, 1.41540, 1.41830
1.41770, 1.43270, 1.40860, 1.42010
1.41860, 1.43760, 1.40450, 1.43240
1.43320, 1.44070, 1.42060, 1.43020
1.43090, 1.43780, 1.41770, 1.42920
1.43010, 1.46350, 1.42900, 1.45700
1.45830, 1.47670, 1.45160, 1.47100
1.47050, 1.48440, 1.46110, 1.46870
1.47020, 1.47200, 1.44800, 1.45750
1.46120, 1.48180, 1.45750, 1.47320
1.47220, 1.49680, 1.46760, 1.49050
1.49050, 1.50610, 1.48280, 1.50060
1.49940, 1.50630, 1.46820, 1.47170
1.47160, 1.49170, 1.46250, 1.48460
1.48820, 1.50490, 1.48210, 1.49010
1.49200, 1.50160, 1.48010, 1.48620
1.48600, 1.51450, 1.48280, 1.49860
1.49830, 1.51420, 1.48220, 1.48580
1.48540, 1.49050, 1.45860, 1.46130
1.46170, 1.46850, 1.42610, 1.43350
1.43350, 1.44370, 1.42180, 1.43780
1.43790, 1.44580, 1.42730, 1.43340
1.43010, 1.44840, 1.42570, 1.44090
1.44010, 1.45800, 1.43360, 1.43830
1.43840, 1.44140, 1.40290, 1.41370
1.41550, 1.41950, 1.38610, 1.38610
1.38610, 1.40260, 1.35850, 1.36770
1.36580, 1.38390, 1.35310, 1.36310
1.36300, 1.37880, 1.34410, 1.36110
1.36320, 1.36930, 1.34510, 1.36310
1.36300, 1.37360, 1.34340, 1.36210
1.36240, 1.37960, 1.35370, 1.37670
1.37740, 1.38180, 1.35020, 1.35290
1.35390, 1.35690, 1.32670, 1.34090
1.34720, 1.35910, 1.33830, 1.35020
1.34950, 1.35390, 1.32820, 1.34980
1.34970, 1.36920, 1.34720, 1.35010
1.34650, 1.35230, 1.32010, 1.33830
1.33830, 1.34160, 1.31140, 1.32920
1.33540, 1.33580, 1.25190, 1.27490
1.29160, 1.30930, 1.23530, 1.23560
1.23390, 1.26730, 1.21430, 1.25710
1.25710, 1.25710, 1.21530, 1.22710
1.22710, 1.23540, 1.19550, 1.19640
1.19660, 1.21530, 1.18760, 1.21110
1.21100, 1.24170, 1.21100, 1.23860
1.23870, 1.24670, 1.22080, 1.23660
1.23670, 1.26110, 1.21520, 1.25650
1.25650, 1.27230, 1.24800, 1.26390
1.26390, 1.30070, 1.25220, 1.29260
1.29290, 1.30280, 1.27320, 1.29080
1.28900, 1.31070, 1.28750, 1.30500
1.30610, 1.33330, 1.30530, 1.32770
1.32880, 1.33080, 1.27500, 1.27530
1.27620, 1.29220, 1.26630, 1.27110
1.26980, 1.27790, 1.25870, 1.27620
1.27590, 1.28980, 1.26260, 1.28960
1.28890, 1.29200, 1.26440, 1.26780
1.27150, 1.31590, 1.27030, 1.30470
1.30600, 1.34950, 1.30290, 1.34870
1.34830, 1.37920, 1.33810, 1.37900
1.37960, 1.40290, 1.36370, 1.39340
1.39900, 1.41580, 1.37750, 1.39750
1.39850, 1.40500, 1.36970, 1.39540
1.39670, 1.40800, 1.37340, 1.39460
1.39610, 1.42810, 1.38640, 1.40300
1.40540, 1.40850, 1.35740, 1.36860
1.37030, 1.37500, 1.34470, 1.36720
1.37150, 1.37860, 1.32000, 1.32400
1.32790, 1.34380, 1.29680, 1.34140
1.33760, 1.34220, 1.31640, 1.32240
1.31970, 1.34980, 1.31330, 1.31870
1.31830, 1.32020, 1.30550, 1.31190
1.31130, 1.34240, 1.30720, 1.33770
1.33450, 1.34340, 1.29040, 1.29060
1.28750, 1.34570, 1.28720, 1.33870
1.33840, 1.36250, 1.32440, 1.36210
1.36390, 1.37580, 1.35400, 1.36100
1.35820, 1.38610, 1.35430, 1.35800
1.35620, 1.37440, 1.34980, 1.35490
1.35070, 1.37140, 1.34280, 1.36920
1.36990, 1.38380, 1.35250, 1.37530
1.37560, 1.40070, 1.37110, 1.39860
1.39890, 1.40360, 1.37520, 1.39020
1.39640, 1.41840, 1.38550, 1.41790
1.41940, 1.42480, 1.40530, 1.40870
1.40380, 1.42450, 1.40210, 1.42330
1.42280, 1.44870, 1.41510, 1.44820
1.44600, 1.45190, 1.43650, 1.44270
1.44080, 1.46480, 1.41570, 1.45590
1.45600, 1.48810, 1.44930, 1.48060
1.48160, 1.49400, 1.43070, 1.43180
1.43610, 1.44420, 1.40660, 1.41170
1.40880, 1.43450, 1.40480, 1.41590
1.41250, 1.43240, 1.39690, 1.43160
1.43200, 1.46420, 1.42560, 1.46330
1.46070, 1.46960, 1.43220, 1.43440
1.43190, 1.44970, 1.40730, 1.43000
1.42780, 1.44410, 1.41260, 1.41850
1.41900, 1.45510, 1.41030, 1.45250
1.45320, 1.45770, 1.42050, 1.42640
1.42030, 1.42820, 1.38370, 1.41550
1.41110, 1.44380, 1.40140, 1.43560
1.43840, 1.45360, 1.42290, 1.43970
1.43790, 1.44530, 1.40550, 1.42790
1.44190, 1.44320, 1.41030, 1.42430
1.42660, 1.45170, 1.42470, 1.43940
1.43780, 1.45010, 1.43280, 1.44990
1.44950, 1.45480, 1.41840, 1.42040
1.41620, 1.42710, 1.36280, 1.36530
1.35870, 1.39370, 1.34940, 1.37920
1.36910, 1.37960, 1.33840, 1.34980
1.35190, 1.36900, 1.33620, 1.33860
1.33400, 1.35240, 1.31460, 1.33750
1.33870, 1.38940, 1.33780, 1.38770
1.38650, 1.39140, 1.36520, 1.38910
1.38440, 1.42460, 1.37980, 1.41450
1.41390, 1.41710, 1.36070, 1.37900
1.38290, 1.38590, 1.34830, 1.37470
1.38090, 1.38100, 1.34220, 1.35230
1.35120, 1.35690, 1.32120, 1.32380
1.33230, 1.35470, 1.32600, 1.33920
1.34240, 1.34860, 1.32810, 1.33850
1.33810, 1.33810, 1.29460, 1.30440
1.30410, 1.31970, 1.29820, 1.30420
1.30420, 1.30830, 1.28570, 1.29560
1.29400, 1.30770, 1.26970, 1.27190
1.26940, 1.28780, 1.26240, 1.26790
1.26340, 1.29860, 1.26250, 1.29300
1.28780, 1.32340, 1.28750, 1.32150
1.32210, 1.32260, 1.30260, 1.31570
1.31130, 1.33210, 1.30270, 1.31960
1.32080, 1.32840, 1.29740, 1.31390
1.31800, 1.34860, 1.31720, 1.34460
1.34640, 1.34860, 1.31870, 1.31970
1.31920, 1.32910, 1.30960, 1.31220
1.31040, 1.31910, 1.30030, 1.31740
1.31750, 1.32930, 1.31340, 1.32680
1.32710, 1.33860, 1.31920, 1.33430
1.33600, 1.33810, 1.30350, 1.30920
1.31010, 1.32130, 1.30330, 1.30760
1.30660, 1.32260, 1.29950, 1.32170
1.31830, 1.32700, 1.31050, 1.32540
1.32370, 1.32830, 1.30800, 1.30820
1.30120, 1.30660, 1.29050, 1.29150
1.28990, 1.29050, 1.26410, 1.27770
1.27630, 1.28240, 1.24960, 1.25150
1.25750, 1.26240, 1.22880, 1.24330
1.24160, 1.26250, 1.23860, 1.25170
1.26390, 1.26680, 1.24430, 1.26370
1.26960, 1.27480, 1.25180, 1.25660
1.25460, 1.26920, 1.24070, 1.26660
1.26770, 1.26790, 1.22600, 1.22840
1.22610, 1.23340, 1.21620, 1.22490
1.22680, 1.23230, 1.21450, 1.21560
1.21180, 1.23900, 1.20420, 1.23210
1.22980, 1.24040, 1.21340, 1.23850
1.23960, 1.24430, 1.22410, 1.22860
1.22880, 1.23850, 1.22560, 1.23310
1.23500, 1.25890, 1.22950, 1.25110
1.25120, 1.26370, 1.24650, 1.25770
1.25710, 1.28170, 1.25020, 1.28160
1.28090, 1.31680, 1.27550, 1.31250
1.31190, 1.31720, 1.29190, 1.29760
1.29760, 1.29900, 1.28290, 1.28590
1.28450, 1.30720, 1.28030, 1.30330
1.30240, 1.30250, 1.28250, 1.29500
1.29540, 1.31390, 1.28900, 1.30230
1.30190, 1.30840, 1.28820, 1.29370
1.29390, 1.30210, 1.28210, 1.28320
1.28170, 1.28760, 1.26890, 1.27100
1.27110, 1.28020, 1.26610, 1.27400
1.27480, 1.29910, 1.27350, 1.29690
1.29660, 1.30280, 1.28800, 1.29840
1.29820, 1.31270, 1.28770, 1.29250
1.28890, 1.31730, 1.28860, 1.31610
1.31680, 1.33080, 1.31440, 1.31850
1.31730, 1.32840, 1.31650, 1.32140
1.32110, 1.32930, 1.29970, 1.30650
1.30750, 1.33660, 1.30170, 1.33410
1.33610, 1.34040, 1.32570, 1.33160
1.33080, 1.34790, 1.32640, 1.34620
1.34640, 1.37110, 1.34140, 1.36390
1.36500, 1.36600, 1.33530, 1.33550
1.33670, 1.35200, 1.33060, 1.33610
1.33480, 1.34330, 1.31440, 1.31910
1.32160, 1.33190, 1.29660, 1.30180
1.30110, 1.31340, 1.29540, 1.30030
1.29950, 1.31070, 1.29100, 1.30740
1.29150, 1.30100, 1.28430, 1.29870
1.29610, 1.30480, 1.27500, 1.28160
1.28030, 1.30400, 1.27440, 1.29890
1.29720, 1.31380, 1.29680, 1.31080
1.31110, 1.32010, 1.30000, 1.30490
1.30730, 1.30930, 1.29540, 1.30280
1.30490, 1.32430, 1.30310, 1.31130
1.31220, 1.31940, 1.29350, 1.29860
1.29690, 1.30290, 1.27960, 1.28370
1.28430, 1.29980, 1.28180, 1.29230
1.29350, 1.30610, 1.28370, 1.29980
1.29930, 1.33060, 1.29550, 1.32180
1.31920, 1.33900, 1.31770, 1.33450
1.33470, 1.34160, 1.30980, 1.31150
1.30970, 1.31510, 1.29840, 1.30100
1.30140, 1.30780, 1.28050, 1.28250
1.28130, 1.32060, 1.27540, 1.30640
1.30750, 1.31780, 1.29920, 1.31390
1.31380, 1.32970, 1.31350, 1.32760
1.32810, 1.33450, 1.31880, 1.32790
1.32810, 1.34000, 1.32320, 1.33400
1.33250, 1.33800, 1.32050, 1.33270
1.33350, 1.34520, 1.32980, 1.33770
1.33840, 1.33990, 1.31740, 1.32200
1.32130, 1.32270, 1.31040, 1.31770
1.31650, 1.33250, 1.31640, 1.32990
1.33680, 1.35680, 1.33240, 1.35260
1.35460, 1.35640, 1.34610, 1.35210
1.34930, 1.36460, 1.34770, 1.35570
1.35630, 1.36070, 1.34850, 1.35400
1.35590, 1.37040, 1.34730, 1.36850
1.36840, 1.38320, 1.36500, 1.38030
1.38050, 1.38180, 1.34790, 1.34850
1.34870, 1.35470, 1.32950, 1.33680
1.33570, 1.35050, 1.33440, 1.34950
1.34950, 1.35790, 1.33990, 1.35560
1.35490, 1.36210, 1.34890, 1.35920
1.35870, 1.37050, 1.35240, 1.37040
1.37120, 1.38100, 1.36930, 1.37410
1.37280, 1.38110, 1.36240, 1.36710
1.36720, 1.38930, 1.36540, 1.37470
1.37570, 1.38180, 1.35820, 1.35870
1.35930, 1.36860, 1.35480, 1.36690
1.36730, 1.36990, 1.35160, 1.35410
1.35350, 1.37390, 1.35070, 1.36770
1.36780, 1.37160, 1.34780, 1.34900
1.34830, 1.36420, 1.34760, 1.36340
1.36170, 1.37140, 1.35610, 1.36920
1.37080, 1.37720, 1.36850, 1.37370
1.37330, 1.38240, 1.36420, 1.38010
1.37600, 1.39140, 1.37070, 1.38750
1.38720, 1.39660, 1.38330, 1.39130
1.39120, 1.39470, 1.37490, 1.37930
1.37950, 1.38750, 1.37040, 1.37510
1.37610, 1.38190, 1.36720, 1.37020
1.36990, 1.39050, 1.36950, 1.38840
1.38510, 1.38640, 1.37890, 1.38150
1.38140, 1.38540, 1.37840, 1.38340
1.38430, 1.38880, 1.37740, 1.38730
1.38830, 1.39930, 1.37440, 1.37600
1.37520, 1.37740, 1.36480, 1.36940
1.36920, 1.37330, 1.36150, 1.36310
1.36200, 1.36680, 1.35850, 1.36330
1.36350, 1.36760, 1.35020, 1.36420
1.36420, 1.36680, 1.35110, 1.35400
1.35410, 1.36430, 1.35120, 1.35990
1.35930, 1.36500, 1.35730, 1.36480
1.36450, 1.37000, 1.35850, 1.35940
1.35950, 1.36500, 1.35750, 1.36070
1.36010, 1.36390, 1.34900, 1.35240
1.35280, 1.35480, 1.34200, 1.34300
1.34300, 1.34440, 1.33660, 1.34290
1.34290, 1.34320, 1.33320, 1.34100
1.34070, 1.34140, 1.33350, 1.33990
1.33920, 1.33980, 1.32200, 1.32410
1.32020, 1.32200, 1.31310, 1.31320
1.31280, 1.31590, 1.29190, 1.29510
1.29560, 1.29780, 1.28590, 1.29630
1.29690, 1.29940, 1.28280, 1.28280
1.28310, 1.29000, 1.26760, 1.26820
1.26810, 1.27140, 1.25000, 1.25130
1.25130, 1.27910, 1.25080, 1.26280
1.26270, 1.28860, 1.26200, 1.27590
1.27540, 1.28400, 1.26130, 1.26700
1.26710, 1.27700, 1.24850, 1.25240
1.25070, 1.25770, 1.23570, 1.24540
1.24670, 1.25460, 1.23930, 1.25240
1.25320, 1.26000, 1.23740, 1.23890
1.23640, 1.25310, 1.23620, 1.24510
1.24530, 1.25060, 1.22700, 1.22860
1.22830, 1.24940, 1.22460, 1.24600
1.24720, 1.25690, 1.22190, 1.22290
1.22240, 1.22720, 1.21640, 1.21790
1.21820, 1.22200, 1.20000, 1.20000
1.19110, 1.19760, 1.17530, 1.18420
1.18520, 1.18700, 1.14590, 1.15620
1.15550, 1.16790, 1.11140, 1.12050
1.11500, 1.14220, 1.10970, 1.12840
1.13120, 1.15340, 1.12920, 1.13130
1.12950, 1.14420, 1.12690, 1.13890
1.13980, 1.14500, 1.12780, 1.13780
1.13930, 1.13950, 1.11750, 1.11950
1.11820, 1.12400, 1.08390, 1.08410
1.08340, 1.09060, 1.04620, 1.04950
1.04890, 1.10410, 1.04790, 1.08200
1.08590, 1.10510, 1.07670, 1.08900
1.08850, 1.10260, 1.07120, 1.09700
1.09950, 1.10350, 1.05670, 1.06000
1.05870, 1.08480, 1.05190, 1.08050
1.08180, 1.08990, 1.06590, 1.08730
1.08660, 1.12890, 1.08180, 1.11950
1.11940, 1.13910, 1.10650, 1.12100
1.12010, 1.14660, 1.11300, 1.14470
1.14480, 1.14490, 1.10010, 1.10100
1.10050, 1.10090, 1.08180, 1.09920
1.09830, 1.13790, 1.08860, 1.11130
1.11020, 1.13860, 1.10830, 1.12670
1.12140, 1.14360, 1.11880, 1.13470
1.13750, 1.14090, 1.11290, 1.11640
1.10050, 1.12780, 1.09530, 1.11130
1.09870, 1.12150, 1.09150, 1.11540
1.10980, 1.11960, 1.08280, 1.08280
1.08310, 1.10170, 1.08080, 1.09760
1.09830, 1.11290, 1.08920, 1.09840
1.09730, 1.09950, 1.08470, 1.09640
1.09640, 1.12130, 1.09240, 1.11100
1.11190, 1.13880, 1.10160, 1.13880
1.13770, 1.17130, 1.11550, 1.11820
1.11780, 1.13310, 1.10860, 1.11440
1.11610, 1.13490, 1.11210, 1.13360
1.13290, 1.14590, 1.12130, 1.12990
1.12840, 1.13290, 1.11040, 1.11960
1.11920, 1.13180, 1.11340, 1.12090
1.12210, 1.13860, 1.11710, 1.13570
1.13610, 1.14940, 1.13330, 1.13480
1.13570, 1.13860, 1.09960, 1.10170
1.10050, 1.10950, 1.08960, 1.10050
1.10340, 1.10520, 1.07060, 1.07380
1.07310, 1.08290, 1.06730, 1.07690
1.07380, 1.07620, 1.06160, 1.06470
1.06410, 1.06880, 1.05660, 1.05930
1.05880, 1.09800, 1.05210, 1.08790
1.08720, 1.10420, 1.07950, 1.09930
1.09830, 1.10590, 1.08020, 1.08670
1.08530, 1.09830, 1.08470, 1.09580
1.09540, 1.09920, 1.08980, 1.09090
1.08720, 1.09460, 1.07100, 1.09240
1.09180, 1.09840, 1.08040, 1.09120
1.09260, 1.09750, 1.07770, 1.07960
1.07900, 1.09670, 1.07890, 1.08300
1.08310, 1.12470, 1.08140, 1.11560
1.11440, 1.13760, 1.10860, 1.12550
1.12400, 1.12500, 1.10660, 1.11300
1.11160, 1.11240, 1.09110, 1.09290
1.09150, 1.10430, 1.08240, 1.10050
1.09890, 1.12170, 1.08210, 1.11470
1.11490, 1.13420, 1.10570, 1.12690
1.12700, 1.12840, 1.11430, 1.11660
1.11640, 1.14370, 1.11520, 1.13920
1.14000, 1.14530, 1.13260, 1.13960
1.14130, 1.14640, 1.12330, 1.12830
1.13010, 1.13980, 1.12170, 1.12230
1.12180, 1.14580, 1.12180, 1.14470
1.14590, 1.16150, 1.13850, 1.14030
1.13950, 1.14460, 1.12820, 1.13070
1.13120, 1.13480, 1.11790, 1.12220
1.12110, 1.12420, 1.11100, 1.11120
1.11110, 1.13730, 1.10970, 1.13660
1.13550, 1.14150, 1.12440, 1.12510
1.12500, 1.13020, 1.11300, 1.12730
1.13340, 1.14270, 1.09110, 1.11020
1.10150, 1.11690, 1.09700, 1.11380
1.11350, 1.11860, 1.10010, 1.10500
1.10510, 1.11640, 1.10150, 1.10330
1.10480, 1.10830, 1.09540, 1.09750
1.09760, 1.11960, 1.09510, 1.11750
1.11740, 1.12330, 1.10450, 1.10880
1.10810, 1.12210, 1.10700, 1.11640
1.11680, 1.13650, 1.11530, 1.13230
1.13090, 1.13540, 1.11800, 1.11940
1.11820, 1.12510, 1.11220, 1.11540
1.11570, 1.13260, 1.11380, 1.12300
1.12340, 1.12830, 1.11490, 1.11560
1.11520, 1.12560, 1.11220, 1.12240
1.12290, 1.12780, 1.11520, 1.12410
1.12410, 1.12440, 1.11041, 1.12002
1.11815, 1.12017, 1.09677, 1.09701
1.09681, 1.10391, 1.08592, 1.08837
1.08804, 1.09917, 1.08509, 1.09853
1.09844, 1.11396, 1.09358, 1.11372
1.10610, 1.12994, 1.08303, 1.08522
1.08324, 1.08393, 1.05691, 1.05876
1.05921, 1.06579, 1.05178, 1.05838
1.06054, 1.06898, 1.05525, 1.06663
1.06132, 1.08732, 1.05045, 1.05567
1.05314, 1.06698, 1.03660, 1.04475
1.04383, 1.04991, 1.03520, 1.04539
1.04511, 1.06517, 1.03719, 1.05167
1.05162, 1.06202, 1.03403, 1.05316
1.05301, 1.06846, 1.04534, 1.06409
1.06102, 1.07190, 1.05792, 1.07006
1.07010, 1.07748, 1.06575, 1.06963
1.07205, 1.08287, 1.06201, 1.07848
1.07892, 1.07896, 1.06075, 1.06393
1.06267, 1.06791, 1.05213, 1.06135
1.06081, 1.06327, 1.04936, 1.05593
1.05637, 1.06306, 1.04946, 1.06210
1.06097, 1.06990, 1.05248, 1.06725
1.06854, 1.07822, 1.05998, 1.07365
1.07383, 1.08246, 1.07189, 1.07976
1.08365, 1.09059, 1.06500, 1.06536
1.06605, 1.06889, 1.05789, 1.05890
1.05863, 1.06775, 1.05697, 1.06102
1.06166, 1.07774, 1.06026, 1.07254
1.09174, 1.09507, 1.08206, 1.08944
1.09095, 1.09992, 1.08747, 1.09976
1.10197, 1.10221, 1.08388, 1.09300
1.09306, 1.12117, 1.09225, 1.12069
1.11954, 1.12681, 1.11604, 1.11807
1.11699, 1.12850, 1.11092, 1.12811
1.12725, 1.12842, 1.11663, 1.11954
1.12071, 1.12958, 1.11320, 1.11942
1.12085, 1.12127, 1.11188, 1.11923
1.11992, 1.14453, 1.11667, 1.14225
1.14188, 1.14399, 1.13121, 1.13997
1.13980, 1.14893, 1.13702, 1.14671
1.14718, 1.16826, 1.14346, 1.16617
1.16625, 1.17766, 1.16124, 1.17477
1.17479, 1.19101, 1.17230, 1.17717
1.17725, 1.18469, 1.16888, 1.18201
1.18207, 1.18382, 1.16620, 1.17582
1.17551, 1.19414, 1.17309, 1.19203
1.19431, 1.20700, 1.18228, 1.18598
1.18840, 1.20921, 1.18680, 1.20339
1.20148, 1.20294, 1.18375, 1.19442
1.19205, 1.20338, 1.18610, 1.19467
1.18987, 1.19364, 1.17170, 1.18134
1.17913, 1.18150, 1.16692, 1.17335
1.17277, 1.18796, 1.17193, 1.18195
1.18125, 1.18578, 1.17300, 1.17778
1.17659, 1.18367, 1.15740, 1.16083
1.16039, 1.16905, 1.15935, 1.16083
1.16147, 1.16778, 1.15538, 1.16631
1.16575, 1.18605, 1.16372, 1.17881
1.17856, 1.19441, 1.17127, 1.19271
1.19247, 1.19610, 1.18088, 1.18971
1.18624, 1.18785, 1.17298, 1.17721
1.17655, 1.18624, 1.17174, 1.17491
1.17420, 1.19015, 1.17370, 1.18608
1.18719, 1.20253, 1.18465, 1.19976
1.20361, 1.20886, 1.20011, 1.20305
1.20272, 1.22183, 1.19154, 1.21969
1.21938, 1.23229, 1.21646, 1.22157
1.22695, 1.25376, 1.22137, 1.24273
1.24235, 1.25226, 1.23348, 1.24547
1.24348, 1.24747, 1.22053, 1.22498
1.22477, 1.25553, 1.22349, 1.24097
1.24015, 1.24348, 1.22595, 1.22939
1.22931, 1.23549, 1.21545, 1.23187
1.23339, 1.24459, 1.22687, 1.23045
1.23121, 1.24123, 1.22600, 1.22877
1.22879, 1.23884, 1.22396, 1.23523
1.23488, 1.24765, 1.22837, 1.23150
1.23160, 1.23448, 1.22147, 1.22807
1.22808, 1.23962, 1.22601, 1.23276
1.23295, 1.24136, 1.22497, 1.22875
1.22719, 1.22895, 1.20554, 1.21304
1.21235, 1.21385, 1.19105, 1.19597
1.19514, 1.19778, 1.18225, 1.19380
1.19423, 1.19959, 1.17496, 1.17701
1.17701, 1.18295, 1.16455, 1.16490
1.16829, 1.17282, 1.15098, 1.16593
1.16578, 1.18398, 1.16525, 1.17690
1.17710, 1.18518, 1.15430, 1.16069
1.15878, 1.16748, 1.15079, 1.16565
1.16641, 1.17202, 1.15270, 1.16840
1.16773, 1.17673, 1.15911, 1.17431
1.17387, 1.17906, 1.16128, 1.16852
1.16895, 1.17445, 1.15747, 1.17207
1.17264, 1.17500, 1.16202, 1.16560
1.16563, 1.17459, 1.15601, 1.15661
1.15663, 1.16281, 1.13881, 1.14079
1.13725, 1.14445, 1.13007, 1.14376
1.14366, 1.16397, 1.13940, 1.16207
1.16151, 1.17336, 1.15845, 1.16024
1.15949, 1.16593, 1.15300, 1.15529
1.15488, 1.17216, 1.15256, 1.16220
1.16213, 1.18027, 1.16178, 1.17540
1.17439, 1.18151, 1.15696, 1.16023
1.16158, 1.16246, 1.14632, 1.15183
1.15210, 1.16104, 1.14321, 1.15577
1.15384, 1.16212, 1.14329, 1.15145
1.15157, 1.15500, 1.13356, 1.14024
1.13972, 1.14557, 1.13020, 1.13857
1.13858, 1.14996, 1.13160, 1.13343
1.13188, 1.14201, 1.12156, 1.14152
1.14110, 1.14722, 1.13273, 1.13317
1.13374, 1.14016, 1.12669, 1.13190
1.13495, 1.14234, 1.13107, 1.13941
1.13901, 1.14426, 1.12697, 1.13039
1.12986, 1.14858, 1.12960, 1.13661
1.13677, 1.14726, 1.13425, 1.14396
1.14383, 1.14779, 1.13090, 1.13943
1.13950, 1.15698, 1.13949, 1.14656
1.14579, 1.14895, 1.13531, 1.13628
1.13593, 1.14175, 1.12892, 1.14046
1.14002, 1.15142, 1.13900, 1.14539
1.14504, 1.14603, 1.13203, 1.13208
1.13188, 1.13415, 1.12340, 1.12917
1.12916, 1.13710, 1.12753, 1.13305
1.13343, 1.14195, 1.13274, 1.13630
1.13821, 1.13823, 1.11759, 1.12315
1.12332, 1.13442, 1.12217, 1.13240
1.13213, 1.14480, 1.12732, 1.13006
1.12936, 1.13314, 1.12096, 1.12166
1.12248, 1.12545, 1.11836, 1.12133
1.12137, 1.13238, 1.12104, 1.12977
1.12977, 1.13237, 1.12261, 1.12415
1.12405, 1.12619, 1.11102, 1.11382
1.11451, 1.12646, 1.11342, 1.12012
1.11675, 1.12535, 1.11655, 1.12322
1.12332, 1.12634, 1.11551, 1.11562
1.11600, 1.12122, 1.11064, 1.12043
1.12090, 1.12151, 1.11160, 1.11674
1.11623, 1.13477, 1.11601, 1.13315
1.13241, 1.13433, 1.12023, 1.12096
1.12091, 1.13776, 1.11812, 1.13682
1.13701, 1.14119, 1.13440, 1.13684
1.13649, 1.13710, 1.12073, 1.12252
1.12242, 1.12857, 1.11932, 1.12701
1.12704, 1.12837, 1.11995, 1.12182
1.12149, 1.12254, 1.11012, 1.11234
1.11252, 1.11620, 1.10268, 1.11055
1.11024, 1.12496, 1.11019, 1.11993
1.11980, 1.12305, 1.10662, 1.10895
1.10918, 1.11531, 1.10516, 1.11411
1.11498, 1.11638, 1.09631, 1.09867
1.09893, 1.10847, 1.09259, 1.10246
1.10248, 1.11095, 1.09266, 1.10720
1.10721, 1.10863, 1.09901, 1.10186
1.10136, 1.10253, 1.09044, 1.09408
1.09407, 1.09992, 1.08790, 1.09775
1.09807, 1.10626, 1.09408, 1.10349
1.10333, 1.11712, 1.09912, 1.11700
1.11606, 1.11793, 1.10728, 1.10785
1.10791, 1.11756, 1.10734, 1.11580
1.11690, 1.11752, 1.10166, 1.10193
1.10220, 1.10568, 1.09890, 1.10521
1.10489, 1.10969, 1.10143, 1.10159
1.10153, 1.10320, 1.09811, 1.10174
1.10220, 1.11161, 1.10029, 1.10603
1.10563, 1.11995, 1.10532, 1.11172
1.11272, 1.11746, 1.10662, 1.10753
1.10768, 1.11881, 1.10689, 1.11753
1.11718, 1.12391, 1.11248, 1.11557
1.11643, 1.12054, 1.10850, 1.11164
1.11166, 1.11725, 1.10861, 1.10881
1.10887, 1.11179, 1.10196, 1.10268
1.10268, 1.10955, 1.09922, 1.10943
1.10895, 1.10929, 1.09419, 1.09435
1.09414, 1.09576, 1.08272, 1.08300
1.08405, 1.08636, 1.07778, 1.08463
1.08220, 1.10531, 1.08050, 1.10261
1.10396, 1.13548, 1.10362, 1.12870
1.13473, 1.14950, 1.10549, 1.10960
1.11885, 1.12369, 1.06376, 1.06934
1.06941, 1.11473, 1.06356, 1.11351
1.11159, 1.11440, 1.07727, 1.08072
1.08096, 1.09523, 1.07683, 1.09322
1.09473, 1.09908, 1.08120, 1.08712
1.08722, 1.08972, 1.07270, 1.08215
1.08216, 1.10188, 1.08095, 1.09787
1.09790, 1.09790, 1.07665, 1.08369
1.08234, 1.08965, 1.07748, 1.08165
1.08148, 1.10084, 1.07997, 1.08990
1.08917, 1.11453, 1.08705, 1.11034
1.11147, 1.13838, 1.11005, 1.12921
1.12974, 1.14224, 1.12125, 1.12558
1.12368, 1.13526, 1.11676, 1.11757
1.11804, 1.13480, 1.11676, 1.12171
1.12157, 1.13020, 1.11841, 1.12395
1.12390, 1.13700, 1.12390, 1.12975
1.13017, 1.14514, 1.13002, 1.14259
1.14168, 1.16573, 1.14016, 1.16535
1.16396, 1.19081, 1.16396, 1.17755
1.17698, 1.19153, 1.16950, 1.17839
1.17854, 1.18634, 1.17104, 1.18407
1.18378, 1.19649, 1.17534, 1.17941
1.17894, 1.19190, 1.17616, 1.19037
1.18996, 1.20106, 1.17799, 1.18360
1.18444, 1.19168, 1.17518, 1.18438
1.18342, 1.18999, 1.17365, 1.18380
1.18412, 1.18710, 1.16114, 1.16301
1.16228, 1.17689, 1.16144, 1.17153
1.17106, 1.18303, 1.17047, 1.18294
1.18154, 1.18261, 1.16876, 1.17127
1.17154, 1.18800, 1.17024, 1.18575
1.18549, 1.18591, 1.16392, 1.16436
1.16453, 1.18902, 1.16019, 1.18739
1.18875, 1.19192, 1.17448, 1.18347
1.18369, 1.18930, 1.18134, 1.18542
1.18518, 1.19625, 1.17991, 1.19613
1.19581, 1.21768, 1.19231, 1.21196
1.21161, 1.21656, 1.20580, 1.21097
1.21299, 1.22720, 1.21148, 1.22530
1.22218, 1.22564, 1.21289, 1.21825
1.21802, 1.23094, 1.21786, 1.22243
1.22240, 1.23489, 1.21922, 1.22177
1.22135, 1.22245, 1.20744, 1.20745
1.20771, 1.21888, 1.20528, 1.21699
1.21614, 1.21826, 1.20575, 1.21358
1.21278, 1.21357, 1.19515, 1.20476
1.20362, 1.21488, 1.20190, 1.21181
1.21193, 1.21688, 1.20226, 1.21158
1.21179, 1.22425, 1.20615, 1.20697
1.20689, 1.21126, 1.18924, 1.19092
1.19168, 1.19892, 1.18347, 1.19500
1.19470, 1.19882, 1.18730, 1.19017
1.18785, 1.19463, 1.17610, 1.17913
1.17883, 1.17933, 1.17033, 1.17543
1.17546, 1.19266, 1.17368, 1.18975
1.18934, 1.19941, 1.18704, 1.19805
1.19713, 1.20993, 1.19418, 1.20957
1.20920, 1.21494, 1.20159, 1.20171
1.20240, 1.21708, 1.19853, 1.21625
1.21596, 1.21810, 1.20508, 1.21439
1.21370, 1.22445, 1.21253, 1.21794
1.21788, 1.22657, 1.21319, 1.21901
1.21985, 1.22536, 1.21032, 1.21653
1.21612, 1.22173, 1.20919, 1.21065
1.21052, 1.21467, 1.18467, 1.18613
1.18560, 1.19746, 1.18468, 1.19340
1.19358, 1.19438, 1.18061, 1.18623
1.18586, 1.18945, 1.17806, 1.18759
1.18723, 1.18795, 1.17713, 1.18035
1.18051, 1.18296, 1.17511, 1.17677
1.17695, 1.19080, 1.17627, 1.18707
1.18624, 1.18989, 1.17535, 1.17598
1.17562, 1.18041, 1.17052, 1.17950
1.17934, 1.18000, 1.16633, 1.16985
1.16916, 1.18016, 1.16892, 1.17950
1.17922, 1.19083, 1.17820, 1.18766
1.18781, 1.18855, 1.18013, 1.18098
1.18140, 1.18450, 1.17238, 1.17243
1.17254, 1.17546, 1.16827, 1.17205
1.17241, 1.17246, 1.15619, 1.15921
1.15965, 1.16393, 1.15284, 1.15734
1.15659, 1.16237, 1.15238, 1.15977
1.15939, 1.16685, 1.15710, 1.16429
1.16374, 1.16913, 1.15344, 1.15615
1.15625, 1.16158, 1.15126, 1.15630
1.15601, 1.16080, 1.14321, 1.14426
1.14444, 1.14633, 1.12492, 1.12798
1.12862, 1.13249, 1.11853, 1.13212
1.13041, 1.13821, 1.12342, 1.13060
1.13004, 1.13540, 1.12267, 1.13142
1.13085, 1.13597, 1.12210, 1.12372
1.12368, 1.13427, 1.12339, 1.13168
1.13073, 1.13857, 1.12730, 1.13837
1.13731, 1.13776, 1.12716, 1.13587
1.13560, 1.14821, 1.12843, 1.14144
1.14137, 1.14337, 1.13002, 1.13409
1.13377, 1.13442, 1.11196, 1.11458
1.11428, 1.14830, 1.11368, 1.14508
1.14559, 1.14942, 1.13290, 1.13474
1.13394, 1.13952, 1.12793, 1.13229
1.13200, 1.13898, 1.11057, 1.12716
1.11371, 1.12457, 1.08849, 1.09305
1.09262, 1.11204, 1.08051, 1.09135
1.09151, 1.11368, 1.08999, 1.10484
1.10504, 1.10694, 1.09602, 1.09792
1.09854, 1.11841, 1.09441, 1.10442
1.10385, 1.10537, 1.08356, 1.08747
1.09045, 1.09326, 1.07567, 1.08055
1.08035, 1.09355, 1.07605, 1.08004
1.08062, 1.08139, 1.04704, 1.05454
1.05435, 1.06412, 1.04822, 1.05432
1.05398, 1.05918, 1.03488, 1.04073
1.03981, 1.06063, 1.03883, 1.05578
1.05616, 1.07644, 1.05504, 1.07303
1.07339, 1.07860, 1.06263, 1.07160
1.07145, 1.07732, 1.05051, 1.05205
1.05138, 1.06005, 1.03584, 1.04957
1.04787, 1.06051, 1.04681, 1.05533
1.05460, 1.06142, 1.03650, 1.04260
1.04174, 1.04620, 1.00712, 1.01828
1.01725, 1.01828, 0.99515, 1.00849
1.00831, 1.02770, 1.00781, 1.02105
1.02119, 1.02571, 1.00959, 1.02256
1.02115, 1.02932, 1.01218, 1.01774
1.01729, 1.03677, 1.01586, 1.02555
1.02599, 1.02674, 1.00313, 1.00385
1.00366, 1.00895, 0.98992, 0.99644
0.99648, 1.00784, 0.99103, 0.99567
0.99264, 1.01126, 0.98633, 1.00452
1.00923, 1.01970, 0.99442, 1.00124
1.00081, 1.00498, 0.96673, 0.96880
0.96708, 0.98531, 0.95352, 0.97987
0.97941, 0.99989, 0.97256, 0.97374
0.97321, 0.98080, 0.96310, 0.97232
0.97191, 0.98749, 0.97042, 0.98622
0.98731, 1.00929, 0.98061, 0.99651
0.99562, 0.99755, 0.97294, 0.99552
0.99090, 1.03636, 0.99078, 1.03533
1.03320, 1.04806, 1.02707, 1.03184
1.03208, 1.04477, 1.02219, 1.03937
1.03712, 1.05443, 1.02896, 1.05408
1.05310, 1.05941, 1.04426, 1.05331
1.05277, 1.07356, 1.05052, 1.05899
1.05852, 1.06587, 1.05725, 1.06160
1.06267, 1.07125, 1.06060, 1.06977
1.06877, 1.07050, 1.04817, 1.06426
1.06395, 1.08672, 1.06350, 1.08323
1.08309, 1.08867, 1.07654, 1.08553
1.08630, 1.09288, 1.08344, 1.08669
1.08590, 1.10322, 1.07920, 1.07927
1.07819, 1.07981, 1.06656, 1.06781
1.06798, 1.08039, 1.06120, 1.06929
1.06851, 1.07039, 1.05354, 1.05444
1.05448, 1.06908, 1.05322, 1.06326
1.06258, 1.06999, 1.05237, 1.06379
1.06940, 1.07591, 1.05155, 1.06614
1.06829, 1.09289, 1.06304, 1.07556
1.07710, 1.09255, 1.07442, 1.08424
1.08400, 1.09724, 1.07875, 1.08973
1.08953, 1.10749, 1.08306, 1.09944
1.09925, 1.09989, 1.09085, 1.09889
1.09883, 1.10947, 1.09616, 1.10160
1.10205, 1.10909, 1.09414, 1.10177
1.10164, 1.10530, 1.08472, 1.08493
1.08531, 1.09038, 1.07593, 1.08042
1.08041, 1.08305, 1.07010, 1.07250
1.07215, 1.07783, 1.06343, 1.07054
1.07072, 1.07863, 1.06663, 1.07488
1.07457, 1.09698, 1.07324, 1.09404
1.09309, 1.10117, 1.08436, 1.08938
1.08996, 1.09760, 1.08343, 1.09101
1.09097, 1.09725, 1.08330, 1.09659
1.09584, 1.12442, 1.09427, 1.12280
1.12253, 1.12750, 1.11072, 1.11250
1.11210, 1.11489, 1.09429, 1.10160
1.10129, 1.10451, 1.09116, 1.10103
1.10106, 1.10646, 1.09283, 1.09471
1.09488, 1.09488, 1.09488, 1.09488