1.22996, 1.23304, 1.22899, 1.23150
1.23160, 1.23448, 1.22815, 1.23014
1.23020, 1.23359, 1.22535, 1.22684
1.22699, 1.23147, 1.22569, 1.22783
1.22777, 1.22901, 1.22182, 1.22400
1.22390, 1.22907, 1.22147, 1.22807
1.22808, 1.23305, 1.22601, 1.23207
1.23186, 1.23775, 1.23026, 1.23552
1.23552, 1.23962, 1.23469, 1.23673
1.23663, 1.23798, 1.22992, 1.23264
1.23262, 1.23459, 1.23070, 1.23276
1.23295, 1.23945, 1.23240, 1.23795
1.23799, 1.24136, 1.23360, 1.23694
1.23669, 1.23971, 1.23415, 1.23746
1.23740, 1.24001, 1.23289, 1.23448
1.23452, 1.23530, 1.22497, 1.22875
1.22719, 1.22895, 1.21972, 1.22071
1.22077, 1.22446, 1.21815, 1.22327
1.22308, 1.22386, 1.21604, 1.21605
1.21599, 1.22097, 1.20961, 1.21025
1.21027, 1.21327, 1.20554, 1.21304
1.21235, 1.21385, 1.20641, 1.20801
1.20768, 1.20839, 1.19811, 1.19916
1.19922, 1.20315, 1.19377, 1.19492
1.19498, 1.20086, 1.19475, 1.19880
1.19872, 1.19952, 1.19105, 1.19597
1.19514, 1.19778, 1.18973, 1.19226
1.19213, 1.19386, 1.18379, 1.18633
1.18636, 1.18969, 1.18225, 1.18510
1.18500, 1.19463, 1.18428, 1.19156
1.19144, 1.19677, 1.18910, 1.19380
1.19423, 1.19959, 1.19261, 1.19265
1.19258, 1.19382, 1.18200, 1.18370
1.18371, 1.18542, 1.17629, 1.18076
1.18062, 1.18373, 1.17762, 1.17940
1.17927, 1.18219, 1.17496, 1.17701
1.17701, 1.17953, 1.17165, 1.17904
1.17908, 1.18295, 1.17563, 1.17778
1.17774, 1.17893, 1.16755, 1.16963
1.16947, 1.17503, 1.16905, 1.17197
1.17189, 1.17336, 1.16455, 1.16490
1.16829, 1.17282, 1.16073, 1.16239
1.16239, 1.16396, 1.15098, 1.15393
1.15344, 1.16761, 1.15185, 1.16647
1.16631, 1.17242, 1.16409, 1.16931
1.16880, 1.17180, 1.16166, 1.16593
1.16578, 1.17444, 1.16559, 1.16952
1.16951, 1.17321, 1.16525, 1.17176
1.17174, 1.17956, 1.17126, 1.17751
1.17751, 1.18398, 1.17725, 1.17981
1.17981, 1.18103, 1.17270, 1.17690
1.17710, 1.18205, 1.17708, 1.17846
1.17843, 1.18089, 1.17329, 1.17447
1.17444, 1.18008, 1.17252, 1.17931
1.17927, 1.18518, 1.15695, 1.15700
1.15697, 1.16268, 1.15430, 1.16069
1.15878, 1.16241, 1.15652, 1.16232
1.16233, 1.16445, 1.15305, 1.15887
1.15886, 1.15999, 1.15370, 1.15755
1.15751, 1.16335, 1.15079, 1.16034
1.16031, 1.16748, 1.16005, 1.16565
1.16641, 1.17130, 1.16284, 1.17019
1.17036, 1.17202, 1.16348, 1.16498
1.16454, 1.16718, 1.15404, 1.15541
1.15536, 1.16004, 1.15270, 1.15694
1.15694, 1.16903, 1.15580, 1.16840
1.16773, 1.16897, 1.15911, 1.16383
1.16383, 1.16731, 1.16204, 1.16584
1.16585, 1.16817, 1.16304, 1.16560
1.16560, 1.17201, 1.16497, 1.16921
1.16913, 1.17673, 1.16799, 1.17431
1.17387, 1.17906, 1.17325, 1.17498
1.17498, 1.17625, 1.16901, 1.17443
1.17441, 1.17582, 1.16653, 1.16758
1.16736, 1.16956, 1.16496, 1.16696
1.16694, 1.16868, 1.16128, 1.16852
1.16895, 1.17252, 1.16755, 1.17112
1.17110, 1.17445, 1.16492, 1.16622
1.16622, 1.16649, 1.16018, 1.16395
1.16395, 1.16783, 1.15747, 1.16433
1.16430, 1.17387, 1.16261, 1.17207
1.17264, 1.17500, 1.16836, 1.16918
1.16916, 1.17168, 1.16545, 1.16820
1.16820, 1.17385, 1.16638, 1.17280
1.17280, 1.17436, 1.16401, 1.16420
1.16419, 1.16643, 1.16202, 1.16560
1.16563, 1.17187, 1.16480, 1.17040
1.17040, 1.17459, 1.16888, 1.16914
1.16923, 1.16996, 1.16571, 1.16611
1.16611, 1.16674, 1.15816, 1.15845
1.15846, 1.16105, 1.15601, 1.15661
1.15663, 1.15715, 1.15299, 1.15528
1.15531, 1.16081, 1.15503, 1.15983
1.15985, 1.16281, 1.15732, 1.16101
1.16103, 1.16192, 1.15256, 1.15274
1.15270, 1.15363, 1.13881, 1.14079
1.13725, 1.14328, 1.13649, 1.14092
1.14091, 1.14293, 1.13299, 1.13427
1.13431, 1.13549, 1.13007, 1.13451
1.13453, 1.14091, 1.13357, 1.13750
1.13754, 1.14445, 1.13663, 1.14376
1.14366, 1.14846, 1.13940, 1.14827
1.14800, 1.16010, 1.14790, 1.15709
1.15694, 1.16226, 1.15530, 1.15965
1.15954, 1.15997, 1.15297, 1.15432
1.15376, 1.16397, 1.15347, 1.16207
1.16151, 1.16935, 1.15943, 1.16783
1.16781, 1.17336, 1.16624, 1.16933
1.16973, 1.17100, 1.16516, 1.17063
1.17064, 1.17181, 1.16415, 1.16663
1.16666, 1.16900, 1.15845, 1.16024
1.15949, 1.16278, 1.15889, 1.16171
1.16170, 1.16210, 1.15300, 1.15827
1.15819, 1.16401, 1.15424, 1.16302
1.16304, 1.16593, 1.16053, 1.16237
1.16233, 1.16494, 1.15504, 1.15529
1.15488, 1.16161, 1.15256, 1.15945
1.15944, 1.16440, 1.15653, 1.16050
1.16048, 1.16496, 1.15699, 1.16260
1.16261, 1.17009, 1.16090, 1.16900
1.16898, 1.17216, 1.16205, 1.16220
1.16213, 1.16978, 1.16178, 1.16835
1.16820, 1.17239, 1.16522, 1.16667
1.16663, 1.17146, 1.16500, 1.16722
1.16726, 1.17845, 1.16688, 1.17773
1.17770, 1.18027, 1.17326, 1.17540
1.17439, 1.18151, 1.17240, 1.17453
1.17453, 1.17926, 1.17307, 1.17655
1.17655, 1.17977, 1.17258, 1.17416
1.17411, 1.17571, 1.16388, 1.16415
1.16411, 1.16512, 1.15696, 1.16023
1.16158, 1.16246, 1.15635, 1.15784
1.15774, 1.15799, 1.15053, 1.15457
1.15452, 1.15935, 1.14642, 1.14752
1.14752, 1.15427, 1.14632, 1.15141
1.15141, 1.15497, 1.14840, 1.15183
1.15210, 1.15295, 1.14599, 1.14915
1.14912, 1.15032, 1.14321, 1.14927
1.14927, 1.15452, 1.14797, 1.15169
1.15169, 1.15992, 1.15169, 1.15934
1.15921, 1.16104, 1.15343, 1.15577
1.15384, 1.16062, 1.15369, 1.15785
1.15788, 1.16212, 1.15659, 1.15739
1.15740, 1.15804, 1.14958, 1.15000
1.15004, 1.15271, 1.14490, 1.14511
1.14511, 1.15345, 1.14329, 1.15145
1.15157, 1.15500, 1.14556, 1.14640
1.14632, 1.14934, 1.14390, 1.14706
1.14704, 1.14765, 1.13786, 1.13910
1.13912, 1.14325, 1.13561, 1.13732
1.13729, 1.14209, 1.13356, 1.14024
1.13972, 1.14163, 1.13605, 1.13723
1.13722, 1.13877, 1.13403, 1.13427
1.13435, 1.13601, 1.13020, 1.13106
1.13138, 1.14241, 1.13126, 1.14039
1.14017, 1.14557, 1.13720, 1.13857
1.13858, 1.14239, 1.13529, 1.14071
1.14057, 1.14377, 1.13913, 1.14265
1.14255, 1.14996, 1.13945, 1.14250
1.14247, 1.14468, 1.13515, 1.13636
1.13622, 1.13688, 1.13160, 1.13343
1.13188, 1.13306, 1.12156, 1.12170
1.12164, 1.12936, 1.12157, 1.12906
1.12865, 1.13475, 1.12631, 1.13089
1.13067, 1.13623, 1.12706, 1.13300
1.13248, 1.14201, 1.13214, 1.14152
1.14110, 1.14644, 1.13938, 1.14531
1.14518, 1.14722, 1.13586, 1.13701
1.13692, 1.14245, 1.13574, 1.13852
1.13799, 1.14339, 1.13792, 1.14036
1.13996, 1.14212, 1.13273, 1.13317
1.13374, 1.13837, 1.13249, 1.13273
1.13265, 1.13437, 1.12772, 1.12905
1.12847, 1.13878, 1.12669, 1.13660
1.13659, 1.14016, 1.13486, 1.13928
1.13912, 1.14005, 1.13053, 1.13190
1.13495, 1.13796, 1.13192, 1.13535
1.13521, 1.14187, 1.13183, 1.13415
1.13407, 1.13612, 1.13107, 1.13440
1.13433, 1.14125, 1.13208, 1.13771
1.13746, 1.14234, 1.13603, 1.13941
1.13901, 1.14426, 1.13502, 1.13547
1.13542, 1.14003, 1.13061, 1.13181
1.13172, 1.13871, 1.13149, 1.13687
1.13678, 1.13933, 1.13310, 1.13575
1.13565, 1.13650, 1.12697, 1.13039
1.12986, 1.13577, 1.12960, 1.13474
1.13468, 1.14021, 1.13365, 1.13622
1.13592, 1.14393, 1.13582, 1.13759
1.13737, 1.14858, 1.13692, 1.14448
1.14450, 1.14739, 1.13558, 1.13661
1.13677, 1.14383, 1.13602, 1.14159
1.14021, 1.14140, 1.13425, 1.13535
1.13505, 1.14541, 1.13505, 1.14310
1.14233, 1.14726, 1.14233, 1.14396
1.14383, 1.14657, 1.14213, 1.14499
1.14764, 1.14779, 1.13250, 1.13430
1.13415, 1.14109, 1.13090, 1.13940
1.13920, 1.14189, 1.13455, 1.13943
1.13950, 1.14824, 1.13949, 1.14739
1.14727, 1.14844, 1.14219, 1.14411
1.14397, 1.15577, 1.14367, 1.15424
1.15422, 1.15698, 1.14843, 1.15000
1.14990, 1.15404, 1.14579, 1.14656
1.14579, 1.14819, 1.14504, 1.14685
1.14673, 1.14895, 1.13816, 1.14120
1.14116, 1.14247, 1.13776, 1.13911
1.13909, 1.14060, 1.13700, 1.13879
1.13875, 1.14101, 1.13531, 1.13628
1.13593, 1.13910, 1.13566, 1.13662
1.13660, 1.13737, 1.13359, 1.13595
1.13596, 1.13943, 1.13506, 1.13799
1.13788, 1.13914, 1.12892, 1.13069
1.13009, 1.14175, 1.12999, 1.14046
1.14002, 1.14435, 1.13900, 1.14254
1.14265, 1.14501, 1.14111, 1.14317
1.14298, 1.15016, 1.14060, 1.14791
1.14782, 1.15142, 1.14355, 1.14470
1.14460, 1.14883, 1.14342, 1.14539
1.14504, 1.14603, 1.14243, 1.14352
1.14348, 1.14403, 1.14010, 1.14045
1.14057, 1.14094, 1.13607, 1.13613
1.13614, 1.13683, 1.13234, 1.13376
1.13384, 1.13508, 1.13203, 1.13208
1.13188, 1.13299, 1.12673, 1.12746
1.12744, 1.13395, 1.12576, 1.13264
1.13248, 1.13415, 1.12600, 1.12609
1.12591, 1.13098, 1.12485, 1.12950
1.12939, 1.13061, 1.12340, 1.12917
1.12916, 1.13338, 1.12888, 1.13092
1.13084, 1.13573, 1.12753, 1.13403
1.13392, 1.13710, 1.13246, 1.13367
1.13354, 1.13663, 1.13197, 1.13320
1.13322, 1.13555, 1.13160, 1.13305
1.13343, 1.13675, 1.13274, 1.13567
1.13568, 1.14027, 1.13450, 1.13887
1.13887, 1.14035, 1.13622, 1.13692
1.13691, 1.14195, 1.13593, 1.13702
1.13704, 1.14084, 1.13532, 1.13630
1.13821, 1.13823, 1.13090, 1.13398
1.13395, 1.13409, 1.12894, 1.13071
1.13076, 1.13246, 1.12853, 1.13060
1.13063, 1.13201, 1.11759, 1.11928
1.11924, 1.12460, 1.11851, 1.12315
1.12332, 1.12583, 1.12217, 1.12486
1.12488, 1.13049, 1.12472, 1.12878
1.12878, 1.13386, 1.12773, 1.13280
1.13303, 1.13375, 1.12941, 1.13053
1.13052, 1.13442, 1.12998, 1.13240
1.13213, 1.13589, 1.13189, 1.13352
1.13351, 1.13615, 1.13335, 1.13495
1.13494, 1.14480, 1.13353, 1.14232
1.14241, 1.14372, 1.13423, 1.13732
1.13730, 1.13906, 1.12732, 1.13006
1.12936, 1.13314, 1.12887, 1.13135
1.13128, 1.13259, 1.12630, 1.12701
1.12701, 1.12855, 1.12421, 1.12523
1.12511, 1.12612, 1.12135, 1.12258
1.12262, 1.12466, 1.12096, 1.12166
1.12248, 1.12498, 1.12039, 1.12120
1.12123, 1.12160, 1.11836, 1.12040
1.12041, 1.12545, 1.11998, 1.12327
1.12319, 1.12475, 1.12059, 1.12201
1.12186, 1.12474, 1.12099, 1.12133
1.12137, 1.12744, 1.12104, 1.12590
1.12594, 1.12841, 1.12549, 1.12626
1.12613, 1.12867, 1.12294, 1.12741
1.12728, 1.12873, 1.12498, 1.12541
1.12519, 1.13238, 1.12507, 1.12977
1.12977, 1.13208, 1.12975, 1.13037
1.13029, 1.13138, 1.12796, 1.12804
1.12802, 1.13237, 1.12786, 1.12983
1.12929, 1.13040, 1.12261, 1.12293
1.12288, 1.12476, 1.12271, 1.12415
1.12405, 1.12619, 1.12357, 1.12570
1.12567, 1.12611, 1.11921, 1.12273
1.12259, 1.12271, 1.11404, 1.11518
1.11504, 1.11623, 1.11168, 1.11325
1.11279, 1.11739, 1.11102, 1.11382
1.11451, 1.11868, 1.11432, 1.11842
1.11839, 1.12289, 1.11756, 1.12152
1.12139, 1.12646, 1.11870, 1.11944
1.11945, 1.12190, 1.11706, 1.11712
1.11714, 1.12048, 1.11342, 1.12012
1.11675, 1.12091, 1.11655, 1.11980
1.11969, 1.12178, 1.11665, 1.11917
1.11896, 1.12136, 1.11826, 1.11918
1.11904, 1.12508, 1.11733, 1.12116
1.12142, 1.12535, 1.12116, 1.12322
1.12332, 1.12634, 1.12228, 1.12242
1.12212, 1.12439, 1.12011, 1.12040
1.12029, 1.12245, 1.11779, 1.12016
1.11999, 1.12239, 1.11662, 1.11725
1.11732, 1.11841, 1.11551, 1.11562
1.11600, 1.11748, 1.11506, 1.11653
1.11655, 1.11880, 1.11419, 1.11615
1.11601, 1.11803, 1.11485, 1.11501
1.11498, 1.11875, 1.11064, 1.11819
1.11805, 1.12122, 1.11715, 1.12043
1.12090, 1.12151, 1.11868, 1.11909
1.11908, 1.11984, 1.11592, 1.11597
1.11601, 1.11724, 1.11243, 1.11308
1.11302, 1.11433, 1.11160, 1.11291
1.11286, 1.11798, 1.11250, 1.11674
1.11623, 1.12619, 1.11601, 1.12408
1.12402, 1.12772, 1.12266, 1.12515
1.12510, 1.13064, 1.12197, 1.12201
1.12198, 1.13090, 1.11997, 1.12753
1.12750, 1.13477, 1.12512, 1.13315
1.13241, 1.13304, 1.12899, 1.13110
1.13126, 1.13374, 1.13011, 1.13253
1.13251, 1.13433, 1.12822, 1.12869
1.12859, 1.13036, 1.12682, 1.12764
1.12758, 1.12891, 1.12023, 1.12096
1.12091, 1.12470, 1.12036, 1.12175
1.12170, 1.12428, 1.11812, 1.11939
1.11939, 1.12541, 1.11871, 1.12259
1.12254, 1.13174, 1.12250, 1.12911
1.12944, 1.13776, 1.12830, 1.13682
1.13701, 1.14039, 1.13657, 1.13982
1.13974, 1.14119, 1.13440, 1.13668
1.13663, 1.13912, 1.13473, 1.13680
1.13670, 1.13815, 1.13477, 1.13691
1.13690, 1.13934, 1.13504, 1.13684
1.13649, 1.13710, 1.12809, 1.12848
1.12847, 1.13216, 1.12751, 1.12860
1.12839, 1.13107, 1.12685, 1.12768
1.12756, 1.12944, 1.12730, 1.12833
1.12837, 1.12877, 1.12073, 1.12252
1.12242, 1.12343, 1.12068, 1.12140
1.12140, 1.12187, 1.11932, 1.12071
1.12079, 1.12643, 1.12018, 1.12503
1.12504, 1.12857, 1.12451, 1.12544
1.12533, 1.12748, 1.12381, 1.12701
1.12704, 1.12837, 1.12531, 1.12578
1.12575, 1.12633, 1.12018, 1.12093
1.12097, 1.12335, 1.11995, 1.12249
1.12232, 1.12803, 1.12051, 1.12766
1.12754, 1.12818, 1.12033, 1.12182
1.12149, 1.12254, 1.12061, 1.12085
1.12087, 1.12096, 1.11458, 1.11512
1.11514, 1.11558, 1.11269, 1.11393
1.11400, 1.11876, 1.11012, 1.11464
1.11454, 1.11510, 1.11119, 1.11234
1.11252, 1.11510, 1.11128, 1.11451
1.11442, 1.11609, 1.11320, 1.11553
1.11540, 1.11620, 1.10600, 1.10764
1.10752, 1.10960, 1.10268, 1.10848
1.10846, 1.11163, 1.10696, 1.11055
1.11024, 1.12130, 1.11019, 1.12026
1.12026, 1.12496, 1.11675, 1.12011
1.11959, 1.12417, 1.11790, 1.11992
1.11969, 1.12324, 1.11769, 1.11792
1.11794, 1.12229, 1.11763, 1.11993
1.11980, 1.12305, 1.11619, 1.12136
1.12131, 1.12283, 1.11700, 1.11712
1.11701, 1.11907, 1.11305, 1.11383
1.11369, 1.11583, 1.10913, 1.11092
1.11062, 1.11121, 1.10662, 1.10895
1.10918, 1.11136, 1.10760, 1.10779
1.10771, 1.11067, 1.10655, 1.10998
1.10979, 1.11070, 1.10802, 1.10844
1.10840, 1.11131, 1.10635, 1.10790
1.10790, 1.11531, 1.10516, 1.11411
1.11498, 1.11638, 1.10941, 1.10988
1.10994, 1.11160, 1.10856, 1.10897
1.10889, 1.10978, 1.10732, 1.10778
1.10766, 1.10931, 1.10419, 1.10562
1.10562, 1.10604, 1.09631, 1.09867
1.09893, 1.09965, 1.09578, 1.09660
1.09660, 1.09788, 1.09259, 1.09726
1.09726, 1.10384, 1.09683, 1.10344
1.10352, 1.10847, 1.10166, 1.10341
1.10338, 1.10571, 1.10201, 1.10246
1.10248, 1.10680, 1.10154, 1.10461
1.10456, 1.10595, 1.10305, 1.10424
1.10432, 1.10554, 1.09851, 1.10100
1.10094, 1.10871, 1.09266, 1.10634
1.10638, 1.11095, 1.10553, 1.10720
1.10721, 1.10863, 1.09931, 1.10037
1.10032, 1.10745, 1.09901, 1.10719
1.10707, 1.10756, 1.10136, 1.10291
1.10294, 1.10734, 1.10228, 1.10401
1.10403, 1.10676, 1.09962, 1.10186
1.10136, 1.10253, 1.09659, 1.09927
1.09931, 1.10240, 1.09837, 1.10199
1.10208, 1.10229, 1.09374, 1.09420
1.09410, 1.09673, 1.09086, 1.09195
1.09190, 1.09586, 1.09044, 1.09408
1.09407, 1.09478, 1.08847, 1.08990
1.08964, 1.09428, 1.08790, 1.09317
1.09309, 1.09636, 1.09040, 1.09590
1.09619, 1.09992, 1.09407, 1.09633
1.09630, 1.09981, 1.09569, 1.09775
1.09807, 1.10006, 1.09617, 1.09701
1.09693, 1.09959, 1.09408, 1.09555
1.09549, 1.09900, 1.09495, 1.09706
1.09703, 1.10338, 1.09689, 1.10054
1.10049, 1.10626, 1.10006, 1.10349
1.10333, 1.10427, 1.10124, 1.10258
1.10255, 1.10460, 1.09912, 1.10317
1.10282, 1.10855, 1.10223, 1.10718
1.10709, 1.11398, 1.10650, 1.11240
1.11234, 1.11712, 1.11146, 1.11700
1.11606, 1.11793, 1.11384, 1.11496
1.11491, 1.11567, 1.11176, 1.11242
1.11247, 1.11402, 1.11060, 1.11299
1.11303, 1.11627, 1.10930, 1.11044
1.11033, 1.11229, 1.10728, 1.10785
1.10791, 1.11065, 1.10760, 1.10993
1.10992, 1.11184, 1.10734, 1.11116
1.11117, 1.11531, 1.10798, 1.11515
1.11529, 1.11756, 1.11313, 1.11516
1.11512, 1.11717, 1.11280, 1.11580
1.11690, 1.11752, 1.11246, 1.11282
1.11271, 1.11400, 1.10634, 1.10735
1.10740, 1.10927, 1.10646, 1.10664
1.10664, 1.10916, 1.10358, 1.10499
1.10492, 1.10553, 1.10166, 1.10193
1.10220, 1.10429, 1.10163, 1.10329
1.10321, 1.10385, 1.10024, 1.10087
1.10056, 1.10202, 1.09953, 1.10068
1.10055, 1.10274, 1.09890, 1.10205
1.10201, 1.10568, 1.10144, 1.10521
1.10489, 1.10899, 1.10480, 1.10720
1.10711, 1.10838, 1.10625, 1.10778
1.10767, 1.10812, 1.10528, 1.10721
1.10723, 1.10969, 1.10521, 1.10585
1.10579, 1.10874, 1.10143, 1.10159
1.10153, 1.10320, 1.10033, 1.10116
1.10129, 1.10254, 1.10066, 1.10218
1.10210, 1.10241, 1.09922, 1.09987
1.09999, 1.10178, 1.09978, 1.10063
1.10079, 1.10282, 1.09811, 1.10174
1.10220, 1.10903, 1.10029, 1.10783
1.10775, 1.10934, 1.10659, 1.10814
1.10790, 1.11161, 1.10666, 1.10772
1.10788, 1.11079, 1.10773, 1.11039
1.11044, 1.11096, 1.10397, 1.10603
1.10563, 1.10779, 1.10532, 1.10638
1.10629, 1.10975, 1.10626, 1.10931
1.10897, 1.11447, 1.10702, 1.11296
1.11280, 1.11542, 1.11029, 1.11309
1.11669, 1.11995, 1.11118, 1.11172
1.11272, 1.11581, 1.11225, 1.11437
1.11424, 1.11746, 1.11292, 1.11504
1.11490, 1.11541, 1.11103, 1.11130
1.11114, 1.11442, 1.11072, 1.11199
1.11197, 1.11246, 1.10662, 1.10753
1.10768, 1.10958, 1.10698, 1.10891
1.10882, 1.10938, 1.10689, 1.10845
1.10902, 1.11087, 1.10821, 1.10962
1.10949, 1.11881, 1.10941, 1.11753
1.11718, 1.12207, 1.11711, 1.11989
1.11969, 1.12391, 1.11969, 1.12260
1.12098, 1.12140, 1.11634, 1.11722
1.11699, 1.11798, 1.11248, 1.11557
1.11643, 1.12054, 1.11570, 1.11966
1.11960, 1.11973, 1.11334, 1.11517
1.11481, 1.11680, 1.11014, 1.11032
1.11031, 1.11203, 1.10923, 1.11062
1.11021, 1.11290, 1.10850, 1.11164
1.11166, 1.11468, 1.11122, 1.11349
1.11295, 1.11444, 1.11042, 1.11261
1.11245, 1.11633, 1.11183, 1.11494
1.11491, 1.11725, 1.11278, 1.11355
1.11337, 1.11424, 1.10861, 1.10881
1.10887, 1.11023, 1.10765, 1.10934
1.10927, 1.11179, 1.10809, 1.10817
1.10810, 1.10982, 1.10700, 1.10943
1.10912, 1.11085, 1.10361, 1.10576
1.10513, 1.10615, 1.10196, 1.10268
1.10268, 1.10374, 1.10096, 1.10191
1.10172, 1.10251, 1.09977, 1.10214
1.10219, 1.10275, 1.09922, 1.10098
1.10066, 1.10392, 1.10065, 1.10311
1.10300, 1.10955, 1.10169, 1.10943
1.10895, 1.10929, 1.10354, 1.10608
1.10556, 1.10641, 1.10327, 1.10443
1.10439, 1.10478, 1.09935, 1.09985
1.09979, 1.10138, 1.09643, 1.09806
1.09808, 1.09848, 1.09419, 1.09435
1.09414, 1.09576, 1.09077, 1.09105
1.09087, 1.09248, 1.08912, 1.09156
1.09144, 1.09256, 1.08653, 1.08736
1.08716, 1.08888, 1.08340, 1.08388
1.08377, 1.08612, 1.08272, 1.08300
1.08405, 1.08509, 1.08290, 1.08337
1.08311, 1.08378, 1.07854, 1.07910
1.07899, 1.08117, 1.07822, 1.08070
1.08073, 1.08211, 1.07778, 1.07831
1.07845, 1.08636, 1.07836, 1.08463
1.08220, 1.08721, 1.08050, 1.08532
1.08499, 1.08902, 1.08301, 1.08806
1.08758, 1.09086, 1.08550, 1.08801
1.08799, 1.10066, 1.08732, 1.09999
1.10037, 1.10531, 1.09509, 1.10261
1.10396, 1.11848, 1.10362, 1.11317
1.11262, 1.12135, 1.10951, 1.11699
1.11694, 1.11874, 1.10954, 1.11349
1.11324, 1.12448, 1.11196, 1.12365
1.12364, 1.13548, 1.12110, 1.12870
1.13473, 1.14950, 1.13397, 1.14483
1.14432, 1.14578, 1.12747, 1.12836
1.12866, 1.13666, 1.12498, 1.12592
1.12604, 1.13337, 1.10549, 1.11655
1.11669, 1.12210, 1.10550, 1.10960
1.11885, 1.12369, 1.10848, 1.11760
1.11756, 1.11890, 1.09546, 1.10053
1.10054, 1.10452, 1.08017, 1.09114
1.09118, 1.09818, 1.06539, 1.06630
1.06580, 1.08310, 1.06376, 1.06934
1.06941, 1.08282, 1.06356, 1.07251
1.07229, 1.08881, 1.07229, 1.07793
1.07805, 1.08941, 1.07602, 1.08837
1.08825, 1.10585, 1.08700, 1.10287
1.10290, 1.11473, 1.09533, 1.11351
1.11159, 1.11440, 1.10099, 1.10442
1.10431, 1.10534, 1.09267, 1.10355
1.10290, 1.10383, 1.09026, 1.09614
1.09626, 1.09673, 1.08205, 1.08556
1.08525, 1.08636, 1.07727, 1.08072
1.08096, 1.08355, 1.07683, 1.07927
1.07894, 1.09265, 1.07833, 1.08912
1.08909, 1.09019, 1.08299, 1.08541
1.08509, 1.09517, 1.08409, 1.09291
1.09289, 1.09523, 1.09190, 1.09322
1.09473, 1.09679, 1.08926, 1.09085
1.09098, 1.09872, 1.09007, 1.09818
1.09778, 1.09908, 1.08564, 1.09113
1.09061, 1.09111, 1.08165, 1.08382
1.08363, 1.08927, 1.08120, 1.08712
1.08722, 1.08972, 1.08410, 1.08617
1.08583, 1.08803, 1.08165, 1.08567
1.08536, 1.08852, 1.08033, 1.08227
1.08198, 1.08470, 1.07561, 1.07747
1.07711, 1.08298, 1.07270, 1.08215
1.08216, 1.08603, 1.08112, 1.08292
1.08263, 1.08885, 1.08095, 1.08194
1.08177, 1.08856, 1.08177, 1.08725
1.08748, 1.09728, 1.08329, 1.09512
1.09509, 1.10188, 1.09344, 1.09787
1.09790, 1.09790, 1.08955, 1.09031
1.09025, 1.09259, 1.08258, 1.08373
1.08399, 1.08451, 1.07818, 1.07955
1.07903, 1.08338, 1.07665, 1.08315
1.08320, 1.08756, 1.08151, 1.08369
1.08234, 1.08505, 1.07995, 1.08054
1.08024, 1.08855, 1.07843, 1.08483
1.08470, 1.08965, 1.08116, 1.08186
1.08167, 1.08240, 1.07748, 1.08039
1.08028, 1.08512, 1.07889, 1.08165
1.08148, 1.09271, 1.07997, 1.09129
1.09156, 1.09760, 1.09021, 1.09229
1.09199, 1.09990, 1.09187, 1.09777
1.09813, 1.10084, 1.09371, 1.09490
1.09450, 1.09536, 1.08854, 1.08990
1.08917, 1.09145, 1.08705, 1.08956
1.08954, 1.09958, 1.08913, 1.09821
1.09804, 1.10308, 1.09339, 1.10088
1.10015, 1.10936, 1.09917, 1.10769
1.10731, 1.11453, 1.10687, 1.11034
1.11147, 1.11540, 1.11005, 1.11336
1.11340, 1.11960, 1.11152, 1.11686
1.11653, 1.12578, 1.11653, 1.12331
1.12320, 1.13625, 1.11945, 1.13351
1.13368, 1.13838, 1.12782, 1.12921
1.12974, 1.13199, 1.12684, 1.12937
1.12897, 1.13637, 1.12409, 1.13380
1.13365, 1.14224, 1.13199, 1.13746
1.13730, 1.14037, 1.12887, 1.12970
1.12903, 1.13406, 1.12125, 1.12558
1.12368, 1.13318, 1.12256, 1.13217
1.13152, 1.13526, 1.12269, 1.12619
1.12595, 1.12934, 1.12061, 1.12414
1.12398, 1.12607, 1.11848, 1.12039
1.12023, 1.12536, 1.11676, 1.11757
1.11804, 1.12693, 1.11676, 1.12603
1.12581, 1.13480, 1.12323, 1.13078
1.13061, 1.13250, 1.12476, 1.12489
1.12498, 1.12590, 1.11897, 1.12170
1.12141, 1.12387, 1.11944, 1.12171
1.12157, 1.12872, 1.12148, 1.12414
1.12317, 1.12612, 1.11901, 1.12326
1.12316, 1.12745, 1.11841, 1.12500
1.12495, 1.13020, 1.12227, 1.12385
1.12314, 1.12507, 1.12185, 1.12395
1.12390, 1.13448, 1.12390, 1.13077
1.13075, 1.13318, 1.12580, 1.12735
1.12718, 1.13512, 1.12616, 1.13287
1.13274, 1.13700, 1.12795, 1.12837
1.12810, 1.13241, 1.12540, 1.12975
1.13017, 1.13742, 1.13002, 1.13416
1.13413, 1.14080, 1.13244, 1.13988
1.13989, 1.14514, 1.13892, 1.14104
1.14083, 1.14411, 1.13697, 1.13812
1.13828, 1.14429, 1.13745, 1.14259
1.14168, 1.14670, 1.14016, 1.14465
1.14438, 1.15391, 1.14222, 1.15275
1.15263, 1.16007, 1.15061, 1.15692
1.15657, 1.16261, 1.15396, 1.15962
1.15900, 1.16573, 1.15805, 1.16535
1.16396, 1.17806, 1.16396, 1.17503
1.17455, 1.17730, 1.16979, 1.17154
1.17126, 1.18058, 1.17117, 1.17886
1.17848, 1.18476, 1.17302, 1.18458
1.18441, 1.19081, 1.17607, 1.17755
1.17698, 1.17961, 1.16950, 1.17618
1.17613, 1.18056, 1.17204, 1.18014
1.17943, 1.19041, 1.17919, 1.18632
1.18591, 1.19153, 1.18172, 1.18757
1.18691, 1.18822, 1.17545, 1.17839
1.17854, 1.17999, 1.17348, 1.17353
1.17338, 1.18073, 1.17212, 1.17385
1.17363, 1.18162, 1.17104, 1.17841
1.17832, 1.18634, 1.17794, 1.18136
1.18126, 1.18496, 1.17809, 1.18407
1.18378, 1.18802, 1.18279, 1.18692
1.18676, 1.19649, 1.18610, 1.19301
1.19269, 1.19520, 1.18295, 1.18375
1.18361, 1.18679, 1.18013, 1.18603
1.18585, 1.18822, 1.17534, 1.17941
1.17894, 1.18489, 1.17835, 1.17862
1.17883, 1.18429, 1.17834, 1.18328
1.18325, 1.18385, 1.17715, 1.18292
1.18264, 1.19010, 1.17616, 1.18209
1.18171, 1.19190, 1.18102, 1.19037
1.18996, 1.19654, 1.18833, 1.19350
1.19324, 1.20106, 1.19005, 1.19107
1.19101, 1.19280, 1.18214, 1.18533
1.18509, 1.18638, 1.17881, 1.18503
1.18475, 1.18646, 1.17799, 1.18360
1.18444, 1.18479, 1.18103, 1.18104
1.18107, 1.18266, 1.17648, 1.17722
1.17717, 1.18332, 1.17518, 1.18020
1.17993, 1.19168, 1.17950, 1.18136
1.18093, 1.18733, 1.18093, 1.18438
1.18342, 1.18873, 1.18312, 1.18620
1.18591, 1.18999, 1.18387, 1.18454
1.18467, 1.18818, 1.17868, 1.18154
1.18117, 1.18516, 1.17365, 1.18469
1.18430, 1.18697, 1.18252, 1.18380
1.18412, 1.18710, 1.17310, 1.17707
1.17651, 1.17725, 1.16910, 1.17031
1.17053, 1.17182, 1.16504, 1.16588
1.16597, 1.16862, 1.16258, 1.16672
1.16733, 1.16843, 1.16114, 1.16301
1.16228, 1.16794, 1.16144, 1.16657
1.16615, 1.17447, 1.16598, 1.17424
1.17420, 1.17542, 1.16839, 1.17201
1.17188, 1.17689, 1.17164, 1.17450
1.17406, 1.17469, 1.16950, 1.17153
1.17106, 1.17969, 1.17047, 1.17836
1.17778, 1.18070, 1.17310, 1.17326
1.17315, 1.17811, 1.17242, 1.17616
1.17591, 1.17809, 1.17319, 1.17594
1.17581, 1.18303, 1.17492, 1.18294
1.18154, 1.18261, 1.17859, 1.18104
1.18107, 1.18147, 1.17299, 1.17427
1.17418, 1.17703, 1.17192, 1.17444
1.17438, 1.17570, 1.16876, 1.17063
1.17062, 1.17455, 1.16932, 1.17127
1.17154, 1.17930, 1.17024, 1.17702
1.17642, 1.18401, 1.17591, 1.18217
1.18201, 1.18800, 1.18197, 1.18602
1.18536, 1.18661, 1.18106, 1.18178
1.18147, 1.18641, 1.17860, 1.18575
1.18549, 1.18591, 1.18025, 1.18071
1.18072, 1.18381, 1.17817, 1.17852
1.17863, 1.17873, 1.17171, 1.17440
1.17442, 1.17580, 1.16495, 1.16737
1.16704, 1.17035, 1.16392, 1.16436
1.16453, 1.16551, 1.16211, 1.16395
1.16334, 1.17391, 1.16334, 1.17176
1.17110, 1.17698, 1.16019, 1.17221
1.17212, 1.18590, 1.17101, 1.18232
1.18248, 1.18902, 1.17946, 1.18739
1.18875, 1.19192, 1.17945, 1.18121
1.18133, 1.18427, 1.17791, 1.18167
1.18165, 1.18321, 1.17448, 1.17776
1.17746, 1.18225, 1.17579, 1.18049
1.17978, 1.18369, 1.17978, 1.18347
1.18369, 1.18686, 1.18134, 1.18531
1.18519, 1.18930, 1.18417, 1.18601
1.18624, 1.18902, 1.18484, 1.18534
1.18515, 1.18818, 1.18155, 1.18727
1.18739, 1.18901, 1.18490, 1.18542
1.18518, 1.19053, 1.17991, 1.18396
1.18391, 1.18958, 1.18324, 1.18919
1.18919, 1.19290, 1.18812, 1.19127
1.19144, 1.19403, 1.18845, 1.19117
1.19097, 1.19625, 1.19058, 1.19613
1.19581, 1.20026, 1.19231, 1.19252
1.19256, 1.20759, 1.19246, 1.20711
1.20681, 1.21176, 1.20392, 1.21135
1.21125, 1.21738, 1.21003, 1.21466
1.21385, 1.21768, 1.21092, 1.21196
1.21161, 1.21656, 1.20778, 1.21081
1.21060, 1.21336, 1.20946, 1.21040
1.21012, 1.21466, 1.20580, 1.20803
1.20810, 1.21583, 1.20730, 1.21409
1.21379, 1.21622, 1.21047, 1.21097
1.21299, 1.21760, 1.21148, 1.21408
1.21401, 1.21681, 1.21202, 1.21517
1.21519, 1.22115, 1.21242, 1.21984
1.21962, 1.22720, 1.21891, 1.22669
1.22651, 1.22710, 1.22247, 1.22530
1.22218, 1.22522, 1.21289, 1.22423
1.22350, 1.22564, 1.21514, 1.21611
1.21597, 1.22204, 1.21531, 1.21856
1.21830, 1.22149, 1.21766, 1.21825
1.21802, 1.22497, 1.21786, 1.22135
1.22092, 1.22744, 1.22059, 1.22485
1.22448, 1.23094, 1.22443, 1.22992
1.22976, 1.23085, 1.22202, 1.22243
1.22240, 1.23090, 1.22240, 1.22510
1.22493, 1.23050, 1.22422, 1.22970
1.22949, 1.23489, 1.22648, 1.23239
1.23260, 1.23437, 1.22444, 1.22679
1.22666, 1.22838, 1.21922, 1.22177
1.22135, 1.22245, 1.21315, 1.21492
1.21491, 1.22089, 1.21365, 1.22070
1.22047, 1.22221, 1.21391, 1.21573
1.21569, 1.21779, 1.21103, 1.21530
1.21521, 1.21617, 1.20744, 1.20745
1.20771, 1.20860, 1.20528, 1.20763
1.20766, 1.21442, 1.20731, 1.21277
1.21245, 1.21575, 1.20759, 1.21043
1.21047, 1.21725, 1.21016, 1.21671
1.21610, 1.21888, 1.21509, 1.21699
1.21614, 1.21826, 1.21152, 1.21412
1.21385, 1.21753, 1.21070, 1.21583
1.21590, 1.21690, 1.20575, 1.21115
1.21068, 1.21414, 1.20799, 1.21213
1.21168, 1.21554, 1.20937, 1.21358
1.21278, 1.21357, 1.20554, 1.20596
1.20605, 1.20870, 1.20109, 1.20423
1.20414, 1.20493, 1.20033, 1.20344
1.20328, 1.20420, 1.19565, 1.19604
1.19598, 1.20493, 1.19515, 1.20476
1.20362, 1.20653, 1.20190, 1.20492
1.20459, 1.21212, 1.20459, 1.21185
1.21167, 1.21432, 1.21081, 1.21165
1.21169, 1.21488, 1.21128, 1.21303
1.21269, 1.21342, 1.20808, 1.21181
1.21193, 1.21444, 1.21160, 1.21266
1.21283, 1.21688, 1.20942, 1.21029
1.21035, 1.21062, 1.20226, 1.20411
1.20365, 1.20939, 1.20349, 1.20928
1.20915, 1.21438, 1.20816, 1.21158
1.21179, 1.21686, 1.20905, 1.21575
1.21542, 1.21795, 1.21346, 1.21487
1.21442, 1.21738, 1.21083, 1.21669
1.21606, 1.22425, 1.21553, 1.21765
1.21767, 1.21837, 1.20615, 1.20697
1.20689, 1.21004, 1.20268, 1.20475
1.20466, 1.20937, 1.19908, 1.20893
1.20889, 1.21126, 1.20417, 1.20616
1.20626, 1.20654, 1.19609, 1.19712
1.19659, 1.19769, 1.18924, 1.19092
1.19168, 1.19315, 1.18433, 1.18453
1.18450, 1.19150, 1.18347, 1.18999
1.18976, 1.19290, 1.18681, 1.19280
1.19262, 1.19892, 1.19150, 1.19840
1.19812, 1.19877, 1.19092, 1.19500
1.19470, 1.19669, 1.19105, 1.19267
1.19266, 1.19511, 1.18815, 1.19002
1.19023, 1.19848, 1.18854, 1.19795
1.19794, 1.19882, 1.19054, 1.19128
1.19122, 1.19364, 1.18730, 1.19017
1.18785, 1.19463, 1.18739, 1.19319
1.19327, 1.19400, 1.18415, 1.18483
1.18478, 1.18509, 1.18089, 1.18130
1.18124, 1.18270, 1.17610, 1.17672
1.17673, 1.18043, 1.17673, 1.17913
1.17883, 1.17933, 1.17600, 1.17641
1.17631, 1.17736, 1.17105, 1.17153
1.17147, 1.17592, 1.17033, 1.17293
1.17275, 1.17794, 1.17119, 1.17767
1.17739, 1.17858, 1.17482, 1.17543
1.17546, 1.18188, 1.17368, 1.18113
1.18087, 1.18769, 1.17943, 1.18757
1.18728, 1.19140, 1.18601, 1.18707
1.18649, 1.19266, 1.18600, 1.19156
1.19128, 1.19194, 1.18663, 1.18975
1.18934, 1.19184, 1.18704, 1.19106
1.19087, 1.19551, 1.18761, 1.19481
1.19467, 1.19866, 1.19457, 1.19791
1.19773, 1.19926, 1.19554, 1.19652
1.19662, 1.19941, 1.19497, 1.19805
1.19713, 1.20473, 1.19418, 1.20357
1.20336, 1.20791, 1.20217, 1.20356
1.20312, 1.20429, 1.19977, 1.20350
1.20296, 1.20689, 1.19929, 1.20154
1.20148, 1.20993, 1.20120, 1.20957
1.20920, 1.21161, 1.20602, 1.20846
1.20837, 1.20921, 1.20561, 1.20910
1.20890, 1.21340, 1.20554, 1.21250
1.21218, 1.21494, 1.21014, 1.21190
1.21144, 1.21257, 1.20159, 1.20171
1.20240, 1.20754, 1.20122, 1.20620
1.20625, 1.20630, 1.19984, 1.20135
1.20108, 1.20259, 1.19853, 1.20048
1.20029, 1.20710, 1.19923, 1.20632
1.20609, 1.21708, 1.20521, 1.21625
1.21596, 1.21775, 1.21271, 1.21273
1.21275, 1.21810, 1.21223, 1.21473
1.21454, 1.21514, 1.20645, 1.20710
1.20693, 1.21054, 1.20508, 1.20776
1.20733, 1.21470, 1.20702, 1.21439
1.21370, 1.21682, 1.21253, 1.21509
1.21479, 1.22333, 1.21471, 1.22224
1.22208, 1.22445, 1.21591, 1.21734
1.21675, 1.22283, 1.21675, 1.22269
1.22236, 1.22391, 1.21600, 1.21794
1.21788, 1.22292, 1.21712, 1.22155
1.22137, 1.22657, 1.22107, 1.22506
1.22501, 1.22622, 1.21812, 1.21917
1.21872, 1.22143, 1.21745, 1.21935
1.21915, 1.22042, 1.21319, 1.21901
1.21985, 1.22306, 1.21826, 1.22236
1.22242, 1.22536, 1.22108, 1.22131
1.22136, 1.22259, 1.21633, 1.22090
1.22082, 1.22134, 1.21176, 1.21256
1.21254, 1.21849, 1.21032, 1.21653
1.21612, 1.22012, 1.21444, 1.21886
1.21892, 1.21934, 1.21636, 1.21719
1.21726, 1.22173, 1.21704, 1.21781
1.21769, 1.21940, 1.21424, 1.21751
1.21720, 1.21922, 1.20919, 1.21065
1.21052, 1.21297, 1.20936, 1.21187
1.21172, 1.21467, 1.21006, 1.21249
1.21253, 1.21341, 1.19945, 1.19950
1.19937, 1.20057, 1.18909, 1.19047
1.19047, 1.19243, 1.18467, 1.18613
1.18560, 1.19205, 1.18468, 1.19171
1.19154, 1.19519, 1.18802, 1.19400
1.19361, 1.19693, 1.19107, 1.19256
1.19253, 1.19556, 1.19167, 1.19299
1.19304, 1.19746, 1.19256, 1.19340
1.19358, 1.19438, 1.19016, 1.19230
1.19225, 1.19289, 1.18770, 1.18961
1.18943, 1.19083, 1.18443, 1.18562
1.18546, 1.18835, 1.18367, 1.18488
1.18475, 1.18733, 1.18061, 1.18623
1.18586, 1.18798, 1.18507, 1.18591
1.18590, 1.18945, 1.18053, 1.18224
1.18212, 1.18356, 1.17806, 1.17899
1.17891, 1.18671, 1.17828, 1.18453
1.18391, 1.18804, 1.18243, 1.18759
1.18723, 1.18795, 1.18354, 1.18588
1.18595, 1.18744, 1.17713, 1.17761
1.17738, 1.18382, 1.17713, 1.18353
1.18341, 1.18501, 1.17956, 1.18101
1.18053, 1.18215, 1.17915, 1.18035
1.18051, 1.18238, 1.17629, 1.17975
1.17974, 1.18018, 1.17549, 1.17796
1.17764, 1.18040, 1.17511, 1.17936
1.17942, 1.18296, 1.17566, 1.17693
1.17600, 1.17857, 1.17536, 1.17677
1.17695, 1.18166, 1.17627, 1.18016
1.18018, 1.18405, 1.17694, 1.18144
1.18147, 1.18484, 1.17712, 1.18426
1.18425, 1.18920, 1.18380, 1.18839
1.18832, 1.19080, 1.18508, 1.18707
1.18624, 1.18962, 1.18581, 1.18705
1.18689, 1.18926, 1.18529, 1.18630
1.18619, 1.18989, 1.18319, 1.18364
1.18362, 1.18566, 1.18274, 1.18298
1.18299, 1.18344, 1.17535, 1.17598
1.17562, 1.17682, 1.17339, 1.17345
1.17346, 1.17421, 1.17092, 1.17193
1.17186, 1.17531, 1.17052, 1.17397
1.17390, 1.17475, 1.17229, 1.17331
1.17319, 1.18041, 1.17276, 1.17950
1.17934, 1.18000, 1.17666, 1.17751
1.17752, 1.17838, 1.17072, 1.17087
1.17086, 1.17420, 1.16929, 1.17095
1.17093, 1.17143, 1.16649, 1.16767
1.16765, 1.17038, 1.16633, 1.16985
1.16916, 1.17496, 1.16892, 1.17437
1.17435, 1.17643, 1.17264, 1.17567
1.17561, 1.17738, 1.17254, 1.17721
1.17715, 1.17782, 1.17452, 1.17509
1.17510, 1.18016, 1.17343, 1.17950
1.17922, 1.18091, 1.17820, 1.17963
1.17961, 1.18444, 1.17934, 1.18081
1.18080, 1.18565, 1.17929, 1.18382
1.18379, 1.18751, 1.18336, 1.18749
1.18747, 1.19083, 1.18651, 1.18766
1.18781, 1.18855, 1.18550, 1.18679
1.18678, 1.18846, 1.18367, 1.18416
1.18408, 1.18503, 1.18013, 1.18170
1.18160, 1.18406, 1.18043, 1.18221
1.18226, 1.18504, 1.18085, 1.18098
1.18140, 1.18164, 1.17693, 1.18097
1.18093, 1.18450, 1.17993, 1.18038
1.18032, 1.18311, 1.17984, 1.18146
1.18146, 1.18199, 1.17497, 1.17671
1.17666, 1.17882, 1.17238, 1.17243
1.17254, 1.17357, 1.16995, 1.17270
1.17260, 1.17479, 1.17141, 1.17242
1.17231, 1.17546, 1.16837, 1.16889
1.16883, 1.17493, 1.16827, 1.17389
1.17387, 1.17468, 1.16999, 1.17205
1.17241, 1.17246, 1.16839, 1.16951
1.16947, 1.17025, 1.16674, 1.16828
1.16828, 1.16895, 1.15886, 1.15951
1.15953, 1.16090, 1.15619, 1.15750
1.15747, 1.16067, 1.15622, 1.15921
1.15965, 1.16393, 1.15870, 1.16188
1.16181, 1.16212, 1.15796, 1.15970
1.15967, 1.15997, 1.15284, 1.15564
1.15556, 1.15713, 1.15465, 1.15525
1.15527, 1.15853, 1.15405, 1.15734
1.15659, 1.15859, 1.15483, 1.15537
1.15528, 1.15696, 1.15238, 1.15298
1.15296, 1.15967, 1.15256, 1.15946
1.15931, 1.16237, 1.15833, 1.15968
1.15961, 1.16180, 1.15874, 1.15977
1.15939, 1.16218, 1.15710, 1.16104
1.16098, 1.16685, 1.16078, 1.16316
1.16312, 1.16578, 1.16161, 1.16497
1.16485, 1.16667, 1.16188, 1.16220
1.16216, 1.16549, 1.16200, 1.16429
1.16374, 1.16644, 1.15898, 1.16094
1.16090, 1.16250, 1.15842, 1.15961
1.15937, 1.16254, 1.15841, 1.16021
1.16020, 1.16913, 1.15813, 1.16838
1.16826, 1.16893, 1.15344, 1.15615
1.15625, 1.16085, 1.15452, 1.16014
1.16022, 1.16127, 1.15745, 1.15781
1.15782, 1.16156, 1.15615, 1.16103
1.16107, 1.16158, 1.15274, 1.15507
1.15511, 1.15725, 1.15126, 1.15630
1.15601, 1.15941, 1.15497, 1.15866
1.15859, 1.16080, 1.15689, 1.15937
1.15932, 1.15946, 1.14754, 1.14760
1.14761, 1.14869, 1.14422, 1.14481
1.14477, 1.14614, 1.14321, 1.14426
1.14444, 1.14633, 1.13555, 1.13681
1.13678, 1.13850, 1.13083, 1.13175
1.13182, 1.13315, 1.12627, 1.13218
1.13214, 1.13733, 1.13130, 1.13723
1.13715, 1.13719, 1.12492, 1.12798
1.12862, 1.12898, 1.12299, 1.12356
1.12350, 1.12743, 1.12253, 1.12486
1.12479, 1.12546, 1.11853, 1.11981
1.11977, 1.12290, 1.11957, 1.12049
1.12050, 1.13249, 1.12046, 1.13212
1.13041, 1.13115, 1.12576, 1.12916
1.12898, 1.13821, 1.12342, 1.13390
1.13380, 1.13589, 1.13018, 1.13185
1.13183, 1.13469, 1.12946, 1.12994
1.12995, 1.13328, 1.12659, 1.13060
1.13004, 1.13096, 1.12656, 1.12841
1.12801, 1.12976, 1.12267, 1.12674
1.12649, 1.13540, 1.12623, 1.13411
1.13408, 1.13446, 1.12776, 1.12919
1.12894, 1.13233, 1.12644, 1.13142
1.13085, 1.13184, 1.12594, 1.12848
1.12801, 1.13232, 1.12530, 1.12571
1.12556, 1.12986, 1.12210, 1.12930
1.12913, 1.13597, 1.12805, 1.13312
1.13291, 1.13482, 1.12345, 1.12372
1.12368, 1.13031, 1.12339, 1.12764
1.12757, 1.13019, 1.12602, 1.12802
1.12783, 1.13415, 1.12636, 1.13276
1.13264, 1.13414, 1.12895, 1.13270
1.13268, 1.13427, 1.13124, 1.13168
1.13073, 1.13336, 1.13022, 1.13255
1.13249, 1.13323, 1.12888, 1.13082
1.13079, 1.13681, 1.12730, 1.13469
1.13465, 1.13590, 1.12977, 1.13240
1.13228, 1.13857, 1.13025, 1.13837
1.13731, 1.13776, 1.12790, 1.12970
1.12963, 1.13218, 1.12716, 1.12855
1.12847, 1.13458, 1.12763, 1.13123
1.13118, 1.13311, 1.12838, 1.12977
1.12970, 1.13640, 1.12893, 1.13587
1.13560, 1.13594, 1.12843, 1.13288
1.13276, 1.13745, 1.13121, 1.13684
1.13676, 1.14520, 1.13539, 1.14394
1.14394, 1.14810, 1.14349, 1.14540
1.14538, 1.14821, 1.13977, 1.14144
1.14137, 1.14337, 1.13911, 1.14043
1.14044, 1.14208, 1.13140, 1.13269
1.13254, 1.13564, 1.13181, 1.13427
1.13423, 1.13682, 1.13024, 1.13092
1.13092, 1.13592, 1.13002, 1.13409
1.13377, 1.13442, 1.12898, 1.13248
1.13242, 1.13275, 1.12624, 1.13017
1.13010, 1.13099, 1.12347, 1.12416
1.12406, 1.12425, 1.11298, 1.11421
1.11413, 1.11718, 1.11196, 1.11458
1.11428, 1.12471, 1.11368, 1.12325
1.12322, 1.12779, 1.12202, 1.12722
1.12714, 1.13295, 1.12659, 1.13048
1.13037, 1.14507, 1.12666, 1.14386
1.14372, 1.14830, 1.14109, 1.14508
1.14559, 1.14617, 1.14144, 1.14385
1.14386, 1.14480, 1.13955, 1.14163
1.14153, 1.14472, 1.14019, 1.14229
1.14222, 1.14942, 1.13742, 1.14281
1.14277, 1.14288, 1.13290, 1.13474
1.13394, 1.13684, 1.12793, 1.13067
1.13064, 1.13675, 1.12967, 1.13586
1.13579, 1.13952, 1.13443, 1.13730
1.13726, 1.13852, 1.13224, 1.13610
1.13604, 1.13762, 1.13135, 1.13229
1.13200, 1.13898, 1.13059, 1.13100
1.13098, 1.13661, 1.12873, 1.13250
1.13244, 1.13581, 1.13004, 1.13024
1.13022, 1.13079, 1.11057, 1.11923
1.11919, 1.12732, 1.11652, 1.12716
1.11371, 1.12457, 1.11370, 1.12190
1.12177, 1.12324, 1.10890, 1.11230
1.11220, 1.11429, 1.10567, 1.11238
1.11217, 1.11217, 1.10329, 1.10655
1.10654, 1.10670, 1.08849, 1.09305
1.09262, 1.09315, 1.08051, 1.08517
1.08515, 1.09576, 1.08475, 1.09018
1.09004, 1.10944, 1.08893, 1.10725
1.10722, 1.11204, 1.09755, 1.09873
1.09867, 1.10428, 1.09013, 1.09135
1.09151, 1.09931, 1.08999, 1.09421
1.09422, 1.10192, 1.09254, 1.09480
1.09481, 1.10460, 1.09481, 1.10302
1.10306, 1.11368, 1.10071, 1.10900
1.10891, 1.11179, 1.10023, 1.10484
1.10504, 1.10694, 1.10094, 1.10173
1.10174, 1.10450, 1.09602, 1.10276
1.10279, 1.10428, 1.09633, 1.10054
1.10055, 1.10129, 1.09651, 1.09950
1.09956, 1.10370, 1.09791, 1.09792
1.09854, 1.09987, 1.09441, 1.09851
1.09841, 1.11364, 1.09684, 1.10866
1.10863, 1.11703, 1.10775, 1.11588
1.11583, 1.11841, 1.10603, 1.10662
1.10655, 1.10752, 1.10272, 1.10442
1.10385, 1.10537, 1.09598, 1.09724
1.09727, 1.09879, 1.08994, 1.09045
1.09043, 1.09370, 1.08737, 1.08968
1.08955, 1.09377, 1.08641, 1.08810
1.08799, 1.08911, 1.08356, 1.08747
1.09045, 1.09326, 1.08721, 1.08830
1.08829, 1.09029, 1.08207, 1.08265
1.08251, 1.08935, 1.08081, 1.08908
1.08877, 1.09226, 1.07567, 1.08301
1.08295, 1.08295, 1.07956, 1.08055
1.08035, 1.08210, 1.07693, 1.07803
1.07790, 1.08137, 1.07605, 1.07898
1.07891, 1.08660, 1.07830, 1.08513
1.08488, 1.09355, 1.08230, 1.08346
1.08344, 1.08508, 1.07698, 1.08004
1.08062, 1.08139, 1.06961, 1.07104
1.07102, 1.07379, 1.06358, 1.06368
1.06365, 1.06539, 1.05139, 1.05599
1.05586, 1.05641, 1.04704, 1.04985
1.04981, 1.05922, 1.04905, 1.05454
1.05435, 1.05677, 1.04897, 1.05070
1.05058, 1.05769, 1.04915, 1.05216
1.05211, 1.06301, 1.05054, 1.06208
1.06202, 1.06412, 1.04919, 1.05403
1.05399, 1.05979, 1.04822, 1.05432
1.05398, 1.05918, 1.04944, 1.05597
1.05591, 1.05847, 1.05247, 1.05278
1.05277, 1.05763, 1.05009, 1.05123
1.05117, 1.05285, 1.03531, 1.03809
1.03796, 1.04189, 1.03488, 1.04073
1.03981, 1.04422, 1.03883, 1.04340
1.04302, 1.05549, 1.04278, 1.05498
1.05489, 1.05631, 1.04604, 1.04638
1.04628, 1.06063, 1.04594, 1.05835
1.05822, 1.05982, 1.05322, 1.05578
1.05616, 1.06965, 1.05504, 1.06910
1.06902, 1.07479, 1.06602, 1.07349
1.07338, 1.07381, 1.06416, 1.06793
1.06781, 1.07307, 1.06617, 1.07280
1.07263, 1.07644, 1.06963, 1.07303
1.07339, 1.07860, 1.07254, 1.07795
1.07783, 1.07784, 1.06782, 1.07334
1.07326, 1.07382, 1.06263, 1.06521
1.06503, 1.07493, 1.06442, 1.07491
1.07459, 1.07638, 1.07034, 1.07160
1.07145, 1.07512, 1.06832, 1.06923
1.06929, 1.07135, 1.06514, 1.07053
1.07030, 1.07477, 1.06706, 1.07159
1.07157, 1.07732, 1.06106, 1.06186
1.06182, 1.06415, 1.05051, 1.05205
1.05138, 1.05193, 1.03991, 1.04081
1.04077, 1.04840, 1.03963, 1.04165
1.04144, 1.05070, 1.03584, 1.04444
1.04438, 1.06005, 1.03802, 1.05517
1.05501, 1.05589, 1.04438, 1.04957
1.04787, 1.05451, 1.04740, 1.05096
1.05086, 1.05819, 1.05047, 1.05344
1.05337, 1.06051, 1.04681, 1.05672
1.05664, 1.05804, 1.04820, 1.05209
1.05202, 1.05704, 1.05116, 1.05533
1.05460, 1.06142, 1.05458, 1.05825
1.05820, 1.06053, 1.05026, 1.05207
1.05200, 1.05348, 1.04345, 1.04410
1.04405, 1.04880, 1.03817, 1.04825
1.04824, 1.04846, 1.03650, 1.04260
1.04174, 1.04620, 1.04153, 1.04215
1.04198, 1.04480, 1.02344, 1.02650
1.02646, 1.02759, 1.01608, 1.01834
1.01825, 1.02203, 1.01434, 1.01622
1.01617, 1.01906, 1.00712, 1.01828
1.01725, 1.01828, 1.00329, 1.00409
1.00396, 1.00730, 0.99993, 1.00360
1.00357, 1.01213, 0.99974, 1.00567
1.00535, 1.00581, 0.99515, 1.00205
1.00148, 1.00971, 1.00061, 1.00849
1.00831, 1.02006, 1.00781, 1.01451
1.01441, 1.02683, 1.01187, 1.02260
1.02250, 1.02723, 1.01547, 1.01790
1.01777, 1.02770, 1.01523, 1.02261
1.02260, 1.02547, 1.01292, 1.02105
1.02119, 1.02571, 1.01779, 1.02212
1.02200, 1.02495, 1.01069, 1.01153
1.01150, 1.02198, 1.00959, 1.02000
1.01982, 1.02336, 1.01132, 1.01977
1.01957, 1.02536, 1.01453, 1.02256
1.02115, 1.02745, 1.02047, 1.02577
1.02579, 1.02932, 1.01628, 1.01661
1.01658, 1.02097, 1.01218, 1.01680
1.01669, 1.02529, 1.01534, 1.02447
1.02442, 1.02514, 1.01408, 1.01774
1.01729, 1.02210, 1.01586, 1.01950
1.01941, 1.02466, 1.01880, 1.02123
1.02122, 1.03677, 1.02014, 1.02963
1.02969, 1.03637, 1.02748, 1.03234
1.03218, 1.03269, 1.02374, 1.02555
1.02599, 1.02674, 1.01539, 1.01578
1.01579, 1.01940, 1.01219, 1.01693
1.01684, 1.02023, 1.01449, 1.01773
1.01766, 1.01923, 1.00788, 1.00876
1.00868, 1.00947, 1.00313, 1.00385
1.00366, 1.00458, 0.99255, 0.99405
0.99407, 1.00176, 0.98992, 0.99675
0.99676, 0.99985, 0.99094, 0.99683
0.99626, 1.00327, 0.99483, 0.99716
0.99717, 1.00895, 0.99457, 0.99644
0.99648, 1.00286, 0.99135, 0.99967
0.99965, 1.00540, 0.99812, 1.00148
1.00142, 1.00784, 0.99706, 1.00519
1.00518, 1.00536, 0.99103, 0.99467
0.99456, 1.00329, 0.99419, 0.99567
0.99264, 0.99435, 0.98772, 0.99279
0.99268, 0.99855, 0.98633, 0.99033
0.99039, 1.00099, 0.98749, 1.00054
1.00058, 1.00287, 0.99299, 0.99983
0.99975, 1.01126, 0.99952, 1.00452
1.00923, 1.01970, 1.00590, 1.01231
1.01225, 1.01863, 0.99668, 0.99673
0.99672, 1.00228, 0.99551, 0.99776
0.99768, 1.00171, 0.99549, 0.99962
0.99959, 1.00358, 0.99442, 1.00124
1.00081, 1.00285, 0.99651, 1.00234
1.00228, 1.00498, 0.99545, 0.99699
0.99698, 0.99745, 0.98123, 0.98388
0.98379, 0.99066, 0.98070, 0.98326
0.98327, 0.98512, 0.96673, 0.96880
0.96708, 0.97091, 0.95491, 0.96064
0.96067, 0.96702, 0.95684, 0.95906
0.95902, 0.97502, 0.95352, 0.97339
0.97334, 0.98083, 0.96349, 0.98072
0.98099, 0.98531, 0.97338, 0.97987
0.97941, 0.98439, 0.97522, 0.98234
0.98235, 0.99989, 0.98055, 0.99854
0.99850, 0.99940, 0.98340, 0.98850
0.98807, 0.99256, 0.97876, 0.97902
0.97896, 0.98160, 0.97256, 0.97374
0.97321, 0.97525, 0.96810, 0.97051
0.97041, 0.97737, 0.96699, 0.97021
0.97024, 0.97337, 0.96671, 0.97025
0.97017, 0.98052, 0.96310, 0.97765
0.97752, 0.98080, 0.97064, 0.97232
0.97191, 0.98514, 0.97169, 0.98437
0.98423, 0.98749, 0.98120, 0.98580
0.98570, 0.98714, 0.97566, 0.97719
0.97718, 0.98449, 0.97538, 0.97865
0.97857, 0.98683, 0.97042, 0.98622
0.98731, 0.98983, 0.98061, 0.98744
0.98740, 0.99760, 0.98477, 0.99669
0.99657, 1.00879, 0.99428, 1.00827
1.00802, 1.00929, 0.99569, 0.99632
0.99630, 0.99973, 0.99259, 0.99651
0.99562, 0.99650, 0.98723, 0.98819
0.98817, 0.99532, 0.98523, 0.98741
0.98746, 0.99755, 0.98121, 0.98158
0.98144, 0.98390, 0.97294, 0.97477
0.97479, 0.99659, 0.97420, 0.99552
0.99090, 1.00332, 0.99078, 1.00200
1.00191, 1.00956, 0.99717, 1.00721
1.00721, 1.00875, 0.99922, 1.00127
1.00113, 1.02210, 0.99349, 1.02046
1.02042, 1.03636, 1.01625, 1.03533
1.03320, 1.03578, 1.02707, 1.03295
1.03289, 1.04806, 1.02793, 1.03473
1.03475, 1.04378, 1.03301, 1.03910
1.03907, 1.04057, 1.03046, 1.03658
1.03615, 1.03953, 1.03130, 1.03184
1.03208, 1.03323, 1.02219, 1.02380
1.02383, 1.03073, 1.02380, 1.03015
1.03013, 1.04043, 1.02959, 1.03931
1.03935, 1.04477, 1.03810, 1.04114
1.04105, 1.04286, 1.03540, 1.03937
1.03712, 1.04961, 1.03296, 1.03402
1.03393, 1.03937, 1.03192, 1.03276
1.03267, 1.04279, 1.02896, 1.04044
1.04046, 1.05329, 1.03923, 1.05256
1.05239, 1.05443, 1.04275, 1.05408
1.05310, 1.05941, 1.04796, 1.04923
1.04909, 1.05321, 1.04586, 1.04656
1.04652, 1.05491, 1.04426, 1.05053
1.05051, 1.05642, 1.04890, 1.05557
1.05549, 1.05874, 1.05020, 1.05331
1.05277, 1.05795, 1.05052, 1.05374
1.05358, 1.06727, 1.05273, 1.06319
1.06319, 1.06943, 1.06182, 1.06826
1.06823, 1.07356, 1.05917, 1.06267
1.06254, 1.06623, 1.05843, 1.05899
1.05852, 1.06572, 1.05750, 1.06072
1.06065, 1.06580, 1.05783, 1.06281
1.06275, 1.06450, 1.05896, 1.06053
1.06051, 1.06587, 1.05725, 1.05964
1.05957, 1.06324, 1.05861, 1.06160
1.06267, 1.06353, 1.06142, 1.06336
1.06338, 1.06687, 1.06109, 1.06369
1.06368, 1.06737, 1.06060, 1.06119
1.06109, 1.06898, 1.06079, 1.06606
1.06604, 1.07125, 1.06377, 1.06977
1.06877, 1.07050, 1.06497, 1.06582
1.06647, 1.06827, 1.05188, 1.05471
1.05467, 1.06348, 1.05404, 1.06041
1.06035, 1.06307, 1.05142, 1.05196
1.05196, 1.06474, 1.04817, 1.06426
1.06395, 1.07598, 1.06350, 1.07330
1.07317, 1.07586, 1.07114, 1.07332
1.07330, 1.07756, 1.07248, 1.07556
1.07510, 1.08663, 1.07293, 1.08497
1.08483, 1.08672, 1.07798, 1.08323
1.08309, 1.08735, 1.08008, 1.08210
1.08207, 1.08687, 1.07738, 1.07893
1.07886, 1.08867, 1.07654, 1.07947
1.07935, 1.08392, 1.07817, 1.08302
1.08278, 1.08582, 1.08016, 1.08553
1.08630, 1.09260, 1.08456, 1.08705
1.08704, 1.08973, 1.08344, 1.08874
1.08872, 1.09230, 1.08566, 1.09149
1.09149, 1.09288, 1.08498, 1.08927
1.08912, 1.08996, 1.08371, 1.08669
1.08590, 1.09131, 1.08384, 1.08502
1.08496, 1.08742, 1.08014, 1.08636
1.08630, 1.10006, 1.08516, 1.09876
1.09873, 1.10322, 1.08845, 1.09094
1.09091, 1.09394, 1.07920, 1.07927
1.07819, 1.07981, 1.07087, 1.07240
1.07241, 1.07658, 1.06685, 1.07268
1.07256, 1.07600, 1.07087, 1.07146
1.07138, 1.07900, 1.07089, 1.07370
1.07362, 1.07520, 1.06656, 1.06781
1.06798, 1.07292, 1.06548, 1.07235
1.07226, 1.08039, 1.07061, 1.07355
1.07355, 1.07438, 1.06598, 1.06872
1.06869, 1.07217, 1.06537, 1.06724
1.06718, 1.06976, 1.06120, 1.06929
1.06851, 1.07039, 1.06696, 1.06854
1.06848, 1.06974, 1.06369, 1.06447
1.06464, 1.06634, 1.05985, 1.06042
1.06043, 1.06270, 1.05763, 1.05957
1.05949, 1.06137, 1.05354, 1.05444
1.05448, 1.06191, 1.05322, 1.06089
1.06077, 1.06446, 1.05734, 1.05737
1.05741, 1.06908, 1.05646, 1.06686
1.06681, 1.06722, 1.05758, 1.05967
1.05968, 1.06379, 1.05877, 1.06326
1.06258, 1.06937, 1.06215, 1.06822
1.06801, 1.06937, 1.05452, 1.05489
1.05482, 1.05732, 1.05237, 1.05437
1.05438, 1.05905, 1.05372, 1.05811
1.05800, 1.06999, 1.05733, 1.06379
1.06940, 1.07479, 1.06495, 1.07268
1.07271, 1.07490, 1.06781, 1.07308
1.07310, 1.07591, 1.05155, 1.05747
1.05756, 1.06348, 1.05505, 1.06117
1.06115, 1.06845, 1.06079, 1.06614
1.06829, 1.07300, 1.06304, 1.07196
1.07187, 1.07878, 1.07032, 1.07666
1.07668, 1.09118, 1.07583, 1.08572
1.08576, 1.09289, 1.08235, 1.08320
1.08319, 1.08380, 1.07125, 1.07556
1.07710, 1.07991, 1.07442, 1.07970
1.07946, 1.08478, 1.07932, 1.08438
1.08432, 1.08706, 1.08169, 1.08441
1.08438, 1.09255, 1.08228, 1.09041
1.09040, 1.09249, 1.08362, 1.08424
1.08400, 1.09159, 1.07875, 1.09025
1.09021, 1.09724, 1.08822, 1.09552
1.09539, 1.09687, 1.08903, 1.09051
1.09040, 1.09368, 1.08839, 1.09190
1.09182, 1.09234, 1.08756, 1.08973
1.08953, 1.09164, 1.08306, 1.08608
1.08604, 1.09272, 1.08475, 1.09122
1.09113, 1.09997, 1.09081, 1.09908
1.09886, 1.10670, 1.09760, 1.10465
1.10464, 1.10749, 1.09716, 1.09944
1.09925, 1.09989, 1.09085, 1.09281
1.09264, 1.09822, 1.09204, 1.09714
1.09710, 1.09833, 1.09165, 1.09550
1.09544, 1.09888, 1.09327, 1.09691
1.09678, 1.09930, 1.09373, 1.09889
1.09883, 1.10494, 1.09651, 1.10438
1.10439, 1.10663, 1.09635, 1.09739
1.09718, 1.10947, 1.09647, 1.10410
1.10397, 1.10627, 1.09913, 1.10276
1.10260, 1.10443, 1.09616, 1.10160
1.10205, 1.10349, 1.09636, 1.09751
1.09740, 1.10072, 1.09414, 1.09986
1.09987, 1.10908, 1.09973, 1.10594
1.10582, 1.10909, 1.09853, 1.10135
1.10128, 1.10471, 1.09660, 1.10177
1.10164, 1.10530, 1.09993, 1.10035
1.10029, 1.10045, 1.09405, 1.09597
1.09597, 1.10062, 1.09409, 1.09826
1.09818, 1.09974, 1.08994, 1.09160
1.09156, 1.09348, 1.08472, 1.08493
1.08531, 1.08900, 1.08445, 1.08735
1.08734, 1.09038, 1.08543, 1.08609
1.08607, 1.08729, 1.08096, 1.08374
1.08375, 1.08472, 1.07618, 1.07704
1.07696, 1.08280, 1.07593, 1.08042
1.08041, 1.08305, 1.07948, 1.08124
1.08111, 1.08198, 1.07595, 1.07701
1.07695, 1.08005, 1.07476, 1.07499
1.07499, 1.07561, 1.07066, 1.07242
1.07240, 1.07579, 1.07010, 1.07250
1.07215, 1.07429, 1.07049, 1.07083
1.07083, 1.07459, 1.06718, 1.07340
1.07324, 1.07350, 1.06343, 1.06881
1.06872, 1.07678, 1.06611, 1.07610
1.07609, 1.07783, 1.07044, 1.07054
1.07072, 1.07216, 1.06738, 1.07121
1.07116, 1.07322, 1.06663, 1.06916
1.06926, 1.07390, 1.06677, 1.06975
1.06968, 1.07863, 1.06939, 1.07810
1.07805, 1.07844, 1.07421, 1.07488
1.07457, 1.07894, 1.07324, 1.07574
1.07567, 1.08228, 1.07511, 1.07916
1.07917, 1.08634, 1.07733, 1.08305
1.08295, 1.09519, 1.08031, 1.09449
1.09442, 1.09698, 1.09171, 1.09404
1.09309, 1.09455, 1.09064, 1.09217
1.09211, 1.09454, 1.08915, 1.09161
1.09155, 1.09902, 1.09050, 1.09865
1.09860, 1.10117, 1.09477, 1.09527
1.09532, 1.09578, 1.08436, 1.08938
1.08996, 1.09193, 1.08844, 1.09040
1.09042, 1.09760, 1.09014, 1.09599
1.09594, 1.09620, 1.08961, 1.09121
1.09119, 1.09406, 1.08594, 1.08647
1.08642, 1.09311, 1.08343, 1.09101
1.09097, 1.09333, 1.08695, 1.09132
1.09122, 1.09156, 1.08766, 1.08786
1.08788, 1.09071, 1.08502, 1.08534
1.08534, 1.08997, 1.08330, 1.08910
1.08909, 1.09725, 1.08663, 1.09659
1.09584, 1.10007, 1.09427, 1.09998
1.10000, 1.10262, 1.09763, 1.10077
1.10012, 1.11396, 1.10012, 1.11301
1.11303, 1.12271, 1.11270, 1.12251
1.12216, 1.12442, 1.12034, 1.12280
1.12253, 1.12479, 1.12027, 1.12398
1.12381, 1.12750, 1.12083, 1.12275
1.12270, 1.12395, 1.11737, 1.12012
1.12002, 1.12283, 1.11177, 1.11290
1.11295, 1.11442, 1.11072, 1.11250
1.11210, 1.11463, 1.10596, 1.10636
1.10633, 1.10862, 1.10202, 1.10536
1.10528, 1.11060, 1.10371, 1.10863
1.10842, 1.11489, 1.09652, 1.09749
1.09749, 1.10468, 1.09429, 1.10160
1.10129, 1.10451, 1.09928, 1.09960
1.09953, 1.10023, 1.09518, 1.09833
1.09796, 1.10185, 1.09173, 1.09372
1.09370, 1.09620, 1.09116, 1.09471
1.09455, 1.10411, 1.09335, 1.10103
1.10106, 1.10145, 1.09647, 1.10014
1.10013, 1.10104, 1.09283, 1.09552
1.09546, 1.09945, 1.09499, 1.09729
1.09738, 1.10646, 1.09667, 1.09785
1.09785, 1.10042, 1.09422, 1.09471
1.09488, 1.09593, 1.08741, 1.09051
1.09049, 1.09517, 1.08963, 1.09025
1.09025, 1.09338, 1.08707, 1.08785
1.08783, 1.09174, 1.08556, 1.08709
1.08725, 1.08725, 1.08725, 1.08725