1.82581, 1.82805, 1.82144, 1.82525
1.82244, 1.83602, 1.82083, 1.83289
1.83291, 1.83549, 1.82492, 1.82964
1.82869, 1.83684, 1.82364, 1.82449
1.82454, 1.83139, 1.81771, 1.82234
1.82180, 1.83692, 1.82147, 1.83492
1.83332, 1.84576, 1.83150, 1.83479
1.83468, 1.83699, 1.82350, 1.82608
1.82608, 1.83557, 1.82467, 1.82739
1.82652, 1.83694, 1.82635, 1.83426
1.83429, 1.83621, 1.82553, 1.83438
1.83310, 1.84372, 1.83015, 1.84250
1.84238, 1.84760, 1.83802, 1.83909
1.83839, 1.84393, 1.82416, 1.82484
1.82368, 1.83575, 1.81717, 1.82164
1.82190, 1.83177, 1.82034, 1.82539
1.82381, 1.83387, 1.82254, 1.83293
1.83283, 1.84001, 1.83078, 1.83833
1.83815, 1.84587, 1.83710, 1.84140
1.83994, 1.84729, 1.83825, 1.84179
1.84105, 1.84649, 1.81615, 1.81745
1.81683, 1.82891, 1.81645, 1.82771
1.82623, 1.82940, 1.81635, 1.81708
1.81684, 1.82049, 1.80882, 1.81104
1.81074, 1.81300, 1.80111, 1.80214
1.80171, 1.80492, 1.79344, 1.79362
1.79387, 1.80707, 1.79369, 1.80324
1.80254, 1.81807, 1.80243, 1.81764
1.81615, 1.82396, 1.81462, 1.81561
1.81460, 1.81935, 1.79191, 1.79396
1.79397, 1.79831, 1.79040, 1.79449
1.79478, 1.80227, 1.79338, 1.80104
1.80041, 1.80856, 1.79867, 1.80728
1.80643, 1.81082, 1.79354, 1.79466
1.79383, 1.80338, 1.79142, 1.79909
1.79831, 1.80066, 1.79223, 1.79292
1.78874, 1.79236, 1.77017, 1.77076
1.76981, 1.77517, 1.76696, 1.77231
1.77199, 1.77947, 1.76476, 1.76558
1.76460, 1.77491, 1.76415, 1.76586
1.76534, 1.76842, 1.75828, 1.76053
1.76090, 1.76525, 1.75865, 1.76356
1.76309, 1.77009, 1.75420, 1.76587
1.76408, 1.77225, 1.75215, 1.75266
1.75297, 1.76092, 1.75174, 1.75621
1.75709, 1.76974, 1.75408, 1.76320
1.76294, 1.76541, 1.73920, 1.74034
1.74034, 1.75947, 1.73915, 1.75856
1.75856, 1.75979, 1.74717, 1.74919
1.74919, 1.76258, 1.74799, 1.76050
1.76036, 1.77340, 1.75884, 1.76453
1.76481, 1.76587, 1.75481, 1.75808
1.75808, 1.76717, 1.75326, 1.76525
1.76522, 1.76909, 1.75605, 1.76467
1.76467, 1.77929, 1.76262, 1.77385
1.77383, 1.78517, 1.77154, 1.78380
1.78136, 1.78659, 1.77533, 1.78408
1.78437, 1.79683, 1.78320, 1.78395
1.78384, 1.79077, 1.77604, 1.78763
1.78763, 1.79800, 1.77873, 1.79465
1.79465, 1.79628, 1.77981, 1.78155
1.78042, 1.79436, 1.78041, 1.79149
1.79108, 1.79444, 1.78505, 1.78854
1.78839, 1.79575, 1.77891, 1.78664
1.78664, 1.78733, 1.77757, 1.77818
1.77818, 1.78780, 1.77359, 1.78260
1.77884, 1.79492, 1.77844, 1.79017
1.79011, 1.79298, 1.78104, 1.78597
1.78583, 1.79417, 1.77980, 1.79170
1.79119, 1.79570, 1.78535, 1.78929
1.78929, 1.79093, 1.78166, 1.78749
1.78997, 1.79153, 1.76658, 1.77579
1.77579, 1.78381, 1.76982, 1.77857
1.77963, 1.79337, 1.77963, 1.79211
1.79240, 1.79406, 1.78236, 1.78236
1.78236, 1.78505, 1.77462, 1.78279
1.78190, 1.78742, 1.77987, 1.78345
1.78340, 1.78784, 1.77174, 1.77503
1.77519, 1.78250, 1.76290, 1.76667
1.76660, 1.77282, 1.75670, 1.76924
1.76911, 1.77586, 1.76280, 1.76942
1.76700, 1.77728, 1.76694, 1.77454
1.77479, 1.77927, 1.76795, 1.77180
1.77160, 1.77955, 1.76590, 1.76914
1.76914, 1.78038, 1.76881, 1.77687
1.77683, 1.77690, 1.76866, 1.76926
1.77091, 1.77554, 1.76851, 1.77253
1.77278, 1.77454, 1.76286, 1.76671
1.76677, 1.77446, 1.76505, 1.77240
1.77217, 1.78230, 1.76506, 1.76786
1.76729, 1.76898, 1.75609, 1.75759
1.75775, 1.75862, 1.74972, 1.75181
1.75234, 1.75308, 1.74078, 1.74374
1.74361, 1.74482, 1.73255, 1.73301
1.73294, 1.74089, 1.72822, 1.73888
1.73888, 1.75462, 1.73764, 1.74972
1.75065, 1.75683, 1.74939, 1.75507
1.75494, 1.76553, 1.75266, 1.75716
1.75716, 1.76251, 1.75278, 1.75364
1.75357, 1.75829, 1.74536, 1.75062
1.75062, 1.75275, 1.74160, 1.74254
1.74135, 1.74796, 1.74101, 1.74337
1.74272, 1.75239, 1.74154, 1.75152
1.75115, 1.75920, 1.75108, 1.75628
1.75580, 1.76929, 1.75574, 1.76755
1.76759, 1.76906, 1.75204, 1.75325
1.75320, 1.75817, 1.75012, 1.75498
1.75407, 1.75923, 1.75205, 1.75402
1.75397, 1.78522, 1.75064, 1.78216
1.78203, 1.79397, 1.78080, 1.79105
1.79104, 1.80538, 1.79002, 1.80077
1.79418, 1.80252, 1.78075, 1.78414
1.78411, 1.79217, 1.77790, 1.79069
1.79067, 1.80813, 1.78226, 1.79353
1.79353, 1.80142, 1.79244, 1.79580
1.79545, 1.82221, 1.79403, 1.81798
1.81819, 1.83385, 1.81413, 1.83123
1.83123, 1.83748, 1.82549, 1.82962
1.82961, 1.83430, 1.81510, 1.81944
1.81944, 1.82340, 1.81099, 1.82229
1.82211, 1.82842, 1.81874, 1.82651
1.82575, 1.83398, 1.82436, 1.83293
1.83268, 1.83993, 1.81955, 1.82101
1.82061, 1.82326, 1.80613, 1.80885
1.80884, 1.82551, 1.80693, 1.81982
1.81960, 1.82206, 1.79346, 1.79441
1.79918, 1.81126, 1.79653, 1.80875
1.80847, 1.81990, 1.80600, 1.81834
1.81834, 1.81889, 1.80647, 1.81381
1.81380, 1.82172, 1.80977, 1.81449
1.81449, 1.81539, 1.80007, 1.80407
1.80354, 1.81615, 1.80199, 1.80489
1.80511, 1.81028, 1.80101, 1.80548
1.80510, 1.82330, 1.80421, 1.82141
1.82141, 1.84181, 1.82036, 1.83957
1.83950, 1.86084, 1.83827, 1.86021
1.85872, 1.86216, 1.84336, 1.84962
1.84962, 1.85417, 1.84452, 1.85051
1.85016, 1.87227, 1.84604, 1.87216
1.87213, 1.87313, 1.85243, 1.85793
1.85654, 1.86193, 1.84668, 1.84798
1.83899, 1.84703, 1.83823, 1.84394
1.84394, 1.85634, 1.84008, 1.84615
1.84550, 1.84878, 1.83511, 1.84461
1.84461, 1.84461, 1.83156, 1.83352
1.83366, 1.83820, 1.82362, 1.83443
1.83641, 1.84207, 1.82534, 1.83037
1.83008, 1.84588, 1.83008, 1.83208
1.83144, 1.83349, 1.81827, 1.82371
1.82380, 1.82872, 1.80661, 1.81029
1.81041, 1.82461, 1.80732, 1.80930
1.80765, 1.81563, 1.80438, 1.81216
1.81207, 1.81363, 1.78614, 1.78915
1.78841, 1.80827, 1.78769, 1.80401
1.80427, 1.80931, 1.79458, 1.80405
1.80422, 1.80582, 1.79326, 1.79964
1.81020, 1.81036, 1.80202, 1.80867
1.80644, 1.81482, 1.79992, 1.80867
1.80643, 1.81481, 1.80045, 1.80409
1.80336, 1.80673, 1.79392, 1.79950
1.79965, 1.80284, 1.79312, 1.79461
1.78819, 1.79338, 1.78244, 1.79119
1.79043, 1.80649, 1.78413, 1.79650
1.79697, 1.80585, 1.78594, 1.79583
1.79549, 1.79752, 1.75022, 1.75488
1.75447, 1.76958, 1.74735, 1.74824
1.75698, 1.76540, 1.75226, 1.76171
1.76102, 1.77311, 1.75958, 1.77143
1.77196, 1.77521, 1.75602, 1.75894
1.75870, 1.78176, 1.75753, 1.77506
1.77468, 1.77777, 1.76932, 1.77032
1.77301, 1.77565, 1.76419, 1.77455
1.77424, 1.77551, 1.75736, 1.76274
1.76330, 1.76920, 1.74943, 1.75507
1.75489, 1.75894, 1.73901, 1.74665
1.74662, 1.75155, 1.74219, 1.74300
1.72950, 1.73754, 1.72088, 1.72915
1.72896, 1.73702, 1.72368, 1.73192
1.73232, 1.75546, 1.72899, 1.75116
1.75096, 1.77440, 1.74924, 1.76694
1.76597, 1.77270, 1.76067, 1.76832
1.76719, 1.77228, 1.74131, 1.74724
1.74601, 1.75571, 1.73303, 1.73380
1.73202, 1.75535, 1.72905, 1.74845
1.74808, 1.75382, 1.74252, 1.75089
1.75162, 1.75990, 1.74862, 1.75376
1.75543, 1.76198, 1.75112, 1.75735
1.75668, 1.76514, 1.75241, 1.75892
1.76048, 1.77987, 1.75565, 1.77415
1.77410, 1.78495, 1.77125, 1.77978
1.77983, 1.79608, 1.77730, 1.79474
1.79555, 1.80486, 1.78972, 1.80376
1.80069, 1.80070, 1.78668, 1.78711
1.78690, 1.80438, 1.78603, 1.79825
1.79742, 1.80475, 1.79283, 1.80332
1.80198, 1.81749, 1.79466, 1.80905
1.81302, 1.81660, 1.79568, 1.80494
1.80404, 1.87325, 1.79850, 1.80388
1.80301, 1.80701, 1.78663, 1.78693
1.78744, 1.79275, 1.78235, 1.78751
1.78758, 1.79432, 1.77972, 1.78063
1.78035, 1.78447, 1.77540, 1.78322
1.78316, 1.78855, 1.77072, 1.77432
1.77321, 1.78495, 1.76118, 1.77853
1.78089, 1.79445, 1.78026, 1.78785
1.78675, 1.79033, 1.76406, 1.78509
1.78506, 1.79677, 1.78267, 1.79636
1.79626, 1.81014, 1.79384, 1.80516
1.80512, 1.80702, 1.79138, 1.79672
1.79584, 1.80435, 1.79153, 1.80031
1.80061, 1.82123, 1.80006, 1.81920
1.81751, 1.83447, 1.81335, 1.82975
1.82932, 1.84322, 1.82572, 1.84177
1.84093, 1.85216, 1.83237, 1.83794
1.83667, 1.84061, 1.83047, 1.83599
1.83599, 1.84419, 1.82577, 1.82577
1.82542, 1.82932, 1.80374, 1.80892
1.80912, 1.81057, 1.79981, 1.80213
1.80165, 1.81041, 1.79362, 1.80384
1.80274, 1.81593, 1.80255, 1.80410
1.80407, 1.81216, 1.78675, 1.78966
1.78937, 1.82018, 1.78816, 1.81878
1.81848, 1.82943, 1.80854, 1.82304
1.82324, 1.83441, 1.82167, 1.82582
1.82431, 1.82582, 1.81857, 1.82092
1.81965, 1.82341, 1.81262, 1.81699
1.81700, 1.82003, 1.80817, 1.81189
1.81149, 1.81414, 1.79897, 1.80117
1.80090, 1.80831, 1.79896, 1.80452
1.80805, 1.81487, 1.80333, 1.81245
1.81245, 1.82611, 1.80854, 1.82307
1.82255, 1.82613, 1.81716, 1.82157
1.82121, 1.84488, 1.80952, 1.83808
1.83798, 1.84015, 1.82242, 1.83060
1.83071, 1.83155, 1.81949, 1.82646
1.82662, 1.85032, 1.82622, 1.84318
1.84364, 1.86971, 1.84081, 1.86355
1.86302, 1.87242, 1.85803, 1.86936
1.86912, 1.87101, 1.85755, 1.86509
1.86247, 1.87210, 1.85732, 1.85845
1.85772, 1.86380, 1.85222, 1.86001
1.85983, 1.87528, 1.85485, 1.87317
1.87231, 1.87734, 1.86058, 1.86447
1.86439, 1.86921, 1.84321, 1.84693
1.84474, 1.86569, 1.83907, 1.86472
1.86548, 1.87785, 1.84065, 1.84651
1.84648, 1.88503, 1.84641, 1.87790
1.87707, 1.88618, 1.87036, 1.87645
1.87628, 1.87764, 1.86190, 1.87577
1.87605, 1.87804, 1.85942, 1.86522
1.86507, 1.87425, 1.86354, 1.87180
1.87131, 1.87843, 1.84959, 1.85142
1.85101, 1.85233, 1.83374, 1.84285
1.84300, 1.86612, 1.84239, 1.86526
1.86524, 1.86741, 1.85171, 1.85440
1.85490, 1.85974, 1.84686, 1.85029
1.85045, 1.87318, 1.84979, 1.85651
1.85628, 1.86277, 1.84148, 1.84358
1.84299, 1.85317, 1.82970, 1.83551
1.83090, 1.84789, 1.82736, 1.84265
1.84105, 1.86006, 1.83269, 1.85770
1.85700, 1.86101, 1.84399, 1.84984
1.84901, 1.85340, 1.83415, 1.83777
1.83786, 1.84146, 1.82975, 1.83356
1.83443, 1.84326, 1.82978, 1.83296
1.83276, 1.83571, 1.82556, 1.83127
1.83072, 1.83655, 1.82464, 1.82531
1.82512, 1.83585, 1.82378, 1.83238
1.83196, 1.83547, 1.82131, 1.82204
1.82150, 1.82883, 1.81961, 1.82620
1.82533, 1.83274, 1.81804, 1.81830
1.81863, 1.82317, 1.80966, 1.81655
1.81652, 1.82006, 1.81127, 1.81633
1.81623, 1.81906, 1.81377, 1.81383
1.81459, 1.82092, 1.81459, 1.81864
1.81918, 1.83020, 1.81816, 1.82133
1.82125, 1.84492, 1.82029, 1.83936
1.83936, 1.84309, 1.83634, 1.83786
1.83784, 1.83930, 1.83087, 1.83384
1.83389, 1.83629, 1.83058, 1.83251
1.83248, 1.85386, 1.83009, 1.84866
1.84860, 1.86175, 1.84793, 1.85993
1.85971, 1.86316, 1.85525, 1.86179
1.86172, 1.87694, 1.85680, 1.87547
1.87501, 1.88814, 1.86969, 1.87149
1.87143, 1.87862, 1.85967, 1.86462
1.86448, 1.86673, 1.85328, 1.86102
1.86089, 1.86761, 1.85837, 1.86088
1.86082, 1.86457, 1.85431, 1.85769
1.85731, 1.87162, 1.85552, 1.86612
1.86593, 1.86740, 1.85757, 1.85833
1.85833, 1.86724, 1.85097, 1.85355
1.85355, 1.86307, 1.85043, 1.85698
1.85694, 1.85908, 1.85044, 1.85126
1.85106, 1.85106, 1.83688, 1.84155
1.84165, 1.86168, 1.83723, 1.84535
1.84527, 1.84993, 1.83455, 1.83997
1.83803, 1.84249, 1.83414, 1.83449
1.83448, 1.84197, 1.82985, 1.83482
1.83494, 1.83845, 1.82989, 1.83269
1.83224, 1.83361, 1.82669, 1.82727
1.82723, 1.83082, 1.82443, 1.82549
1.82549, 1.82640, 1.81949, 1.82404
1.82404, 1.82699, 1.81697, 1.82118
1.82074, 1.82461, 1.81251, 1.81523
1.81513, 1.81938, 1.81174, 1.81615
1.81613, 1.82317, 1.81348, 1.81970
1.81970, 1.82294, 1.81629, 1.81900
1.81893, 1.82683, 1.81614, 1.81924
1.81756, 1.82668, 1.81620, 1.82290
1.82226, 1.83032, 1.82098, 1.82773
1.82767, 1.83574, 1.82570, 1.83116
1.83110, 1.83775, 1.82887, 1.83270
1.83267, 1.83853, 1.83073, 1.83181
1.82965, 1.83550, 1.82852, 1.82890
1.82876, 1.83506, 1.82190, 1.82600
1.82600, 1.84083, 1.82382, 1.83661
1.83656, 1.84226, 1.82894, 1.83512
1.83498, 1.84019, 1.82979, 1.84003
1.83961, 1.83961, 1.82615, 1.82931
1.82789, 1.83665, 1.82147, 1.82251
1.82235, 1.82418, 1.81310, 1.81588
1.81588, 1.81971, 1.80751, 1.80781
1.80775, 1.81514, 1.80555, 1.80763
1.80717, 1.81712, 1.80419, 1.81475
1.81395, 1.81579, 1.79956, 1.80038
1.80036, 1.80321, 1.78535, 1.78808
1.78807, 1.79339, 1.78582, 1.79064
1.79058, 1.79544, 1.78587, 1.79379
1.79442, 1.79623, 1.78995, 1.79465
1.79455, 1.80137, 1.79403, 1.79844
1.79830, 1.80406, 1.79428, 1.79646
1.79646, 1.80035, 1.79304, 1.79553
1.79542, 1.79664, 1.78911, 1.79070
1.79042, 1.79196, 1.77780, 1.77780
1.77775, 1.77935, 1.76296, 1.76938
1.76935, 1.77556, 1.76665, 1.77352
1.77340, 1.77634, 1.76713, 1.77346
1.77326, 1.77824, 1.77175, 1.77422
1.77295, 1.77842, 1.76695, 1.77342
1.77177, 1.77908, 1.76707, 1.77571
1.77514, 1.79249, 1.77387, 1.78882
1.78879, 1.79845, 1.78711, 1.79120
1.79115, 1.79625, 1.78977, 1.79141
1.79170, 1.79269, 1.76946, 1.77028
1.77010, 1.77248, 1.75597, 1.76776
1.76683, 1.77903, 1.76230, 1.77593
1.77584, 1.78858, 1.76394, 1.78298
1.78278, 1.79115, 1.77562, 1.78799
1.78562, 1.80312, 1.78562, 1.79647
1.79647, 1.80050, 1.78821, 1.80043
1.80043, 1.82050, 1.79381, 1.79603
1.79601, 1.79954, 1.77945, 1.78410
1.78400, 1.79011, 1.77093, 1.77150
1.77575, 1.79262, 1.77147, 1.78896
1.78765, 1.79110, 1.77042, 1.77433
1.77414, 1.79130, 1.77058, 1.78661
1.78640, 1.79363, 1.77548, 1.78371
1.78230, 1.79555, 1.77856, 1.79189
1.79167, 1.79464, 1.78593, 1.79282
1.79241, 1.79653, 1.78000, 1.79568
1.79552, 1.79587, 1.78275, 1.78762
1.78755, 1.81554, 1.78694, 1.81373
1.81369, 1.82042, 1.80421, 1.81796
1.81982, 1.83371, 1.80158, 1.80305
1.80305, 1.82166, 1.80217, 1.81974
1.81974, 1.82361, 1.80153, 1.81350
1.81350, 1.81789, 1.80481, 1.81040
1.81040, 1.81628, 1.80439, 1.80532
1.80608, 1.80930, 1.79223, 1.79511
1.79605, 1.79972, 1.77920, 1.78737
1.78732, 1.80240, 1.78327, 1.80230
1.80194, 1.81112, 1.79246, 1.80955
1.80869, 1.81029, 1.79295, 1.79313
1.79303, 1.80347, 1.78430, 1.79820
1.79818, 1.80634, 1.79317, 1.80121
1.80117, 1.80291, 1.79471, 1.79635
1.79629, 1.79889, 1.78788, 1.79607
1.79607, 1.81714, 1.79366, 1.81635
1.81798, 1.82098, 1.80528, 1.80984
1.80984, 1.82448, 1.80863, 1.82036
1.82034, 1.83129, 1.81908, 1.82589
1.82575, 1.84542, 1.82542, 1.84338
1.84329, 1.84965, 1.83550, 1.84328
1.84070, 1.84460, 1.83324, 1.83584
1.83580, 1.84110, 1.82755, 1.83753
1.83747, 1.84077, 1.82800, 1.82956
1.82946, 1.83246, 1.82059, 1.82596
1.82593, 1.82746, 1.81505, 1.81642
1.81815, 1.82892, 1.81565, 1.82161
1.82156, 1.84073, 1.81360, 1.83516
1.83510, 1.84032, 1.82680, 1.83354
1.83365, 1.84286, 1.82786, 1.82871
1.82868, 1.83055, 1.81512, 1.82259
1.82200, 1.83053, 1.82066, 1.82521
1.82538, 1.82634, 1.80976, 1.81604
1.81565, 1.82312, 1.80904, 1.81464
1.81562, 1.84310, 1.80755, 1.83976
1.83959, 1.86822, 1.82725, 1.86185
1.85982, 1.87142, 1.85180, 1.85900
1.86078, 1.89394, 1.85783, 1.89188
1.89245, 1.90930, 1.87789, 1.89750
1.89738, 1.90190, 1.87186, 1.88863
1.88815, 1.89329, 1.87759, 1.89259
1.88951, 1.89332, 1.87856, 1.88691
1.88664, 1.89274, 1.87702, 1.87703
1.87819, 1.88496, 1.87482, 1.88437
1.88396, 1.89276, 1.87682, 1.88475
1.88448, 1.88544, 1.87637, 1.88123
1.87850, 1.88561, 1.87793, 1.88043
1.88035, 1.88082, 1.86955, 1.87445
1.87413, 1.87996, 1.86784, 1.86905
1.86921, 1.88074, 1.86479, 1.87529
1.87573, 1.88015, 1.87003, 1.87071
1.86910, 1.87347, 1.86735, 1.87072
1.87091, 1.87350, 1.85968, 1.86860
1.86820, 1.87135, 1.86520, 1.86733
1.86653, 1.87152, 1.85460, 1.85729
1.85746, 1.87103, 1.85542, 1.86226
1.86476, 1.88117, 1.86420, 1.87609
1.87502, 1.88130, 1.87219, 1.87733
1.87806, 1.88387, 1.87431, 1.87960
1.87883, 1.90220, 1.87619, 1.89822
1.89748, 1.89900, 1.89059, 1.89089
1.89479, 1.90571, 1.89393, 1.90219
1.90086, 1.90795, 1.89121, 1.89282
1.89189, 1.90286, 1.89101, 1.89991
1.89861, 1.90583, 1.89861, 1.90142
1.90113, 1.90471, 1.88933, 1.89090
1.89237, 1.90619, 1.88923, 1.90315
1.90149, 1.90437, 1.89191, 1.89529
1.89388, 1.90608, 1.89234, 1.90461
1.90637, 1.91446, 1.90512, 1.90689
1.90619, 1.91523, 1.90022, 1.91084
1.90681, 1.90948, 1.89526, 1.89787
1.89816, 1.90251, 1.88969, 1.89784
1.89683, 1.91606, 1.89626, 1.91332
1.91300, 1.92779, 1.91242, 1.92621
1.92495, 1.92639, 1.91545, 1.91928
1.92226, 1.93078, 1.92069, 1.92585
1.92585, 1.93891, 1.92308, 1.93479
1.92950, 1.93091, 1.91688, 1.91861
1.91885, 1.92181, 1.89455, 1.90681
1.93882, 1.95149, 1.92776, 1.93784
1.93681, 1.95222, 1.93253, 1.93637
1.93640, 1.93854, 1.91303, 1.91580
1.91449, 1.91753, 1.90346, 1.90873
1.90753, 1.91040, 1.88730, 1.88762
1.88851, 1.89436, 1.88141, 1.88330
1.88544, 1.88647, 1.86516, 1.86851
1.86809, 1.87343, 1.86679, 1.87124
1.87439, 1.87559, 1.87015, 1.87063
1.87037, 1.88156, 1.86602, 1.87254
1.87331, 1.87902, 1.87039, 1.87403
1.87337, 1.88915, 1.86960, 1.88798
1.88827, 1.89097, 1.87883, 1.87918
1.87797, 1.88640, 1.87785, 1.88268
1.88452, 1.90002, 1.88020, 1.89685
1.89650, 1.91552, 1.89650, 1.90975
1.91079, 1.91561, 1.90529, 1.90687
1.90691, 1.90923, 1.89697, 1.90506
1.90463, 1.90724, 1.88936, 1.89282
1.88891, 1.89072, 1.87693, 1.88148
1.88139, 1.88841, 1.87659, 1.88559
1.88548, 1.89091, 1.88403, 1.88782
1.88818, 1.89763, 1.88372, 1.89562
1.89380, 1.90030, 1.88861, 1.89200
1.89087, 1.89634, 1.88520, 1.89189
1.89150, 1.90726, 1.88953, 1.90534
1.90478, 1.92237, 1.90476, 1.91959
1.91947, 1.92203, 1.90947, 1.91691
1.91454, 1.92196, 1.90960, 1.91470
1.91874, 1.93438, 1.91657, 1.93136
1.93004, 1.93525, 1.92158, 1.92601
1.92464, 1.93064, 1.92077, 1.92768
1.92575, 1.95487, 1.92560, 1.94732
1.94643, 1.97508, 1.94582, 1.97434
1.96977, 1.97212, 1.94045, 1.94240
1.94101, 1.94429, 1.92540, 1.93370
1.93342, 1.93669, 1.91804, 1.92689
1.92622, 1.92737, 1.91636, 1.92074
1.92054, 1.94167, 1.91883, 1.93009
1.93173, 1.93742, 1.92175, 1.93135
1.93075, 1.93261, 1.92108, 1.92969
1.92805, 1.93007, 1.92135, 1.92308
1.92337, 1.94292, 1.92232, 1.94097
1.94077, 1.94427, 1.93511, 1.94326
1.93878, 1.94273, 1.93428, 1.93666
1.93695, 1.95188, 1.93582, 1.94351
1.94285, 1.94517, 1.93427, 1.93475
1.93494, 1.94939, 1.93066, 1.94757
1.94697, 1.96236, 1.94516, 1.95490
1.96328, 1.96489, 1.95200, 1.95754
1.95715, 1.97148, 1.95206, 1.96934
1.96799, 1.97742, 1.96562, 1.97098
1.97046, 1.97460, 1.95531, 1.96168
1.96078, 1.98327, 1.95745, 1.96986
1.97658, 1.97790, 1.94379, 1.94899
1.95098, 1.96112, 1.92975, 1.94641
1.94493, 1.94971, 1.92897, 1.94228
1.94160, 1.96496, 1.94076, 1.95824
1.95826, 1.96752, 1.95210, 1.96344
1.98174, 2.07730, 1.96328, 1.98752
1.98676, 1.99929, 1.97767, 1.98415
1.98179, 1.99062, 1.97097, 1.97483
1.97483, 2.02025, 1.97283, 1.99270
1.99728, 2.01873, 1.97901, 1.98860
1.98459, 2.02199, 1.97498, 2.00856
2.00894, 2.02404, 1.99061, 2.00525
2.00535, 2.03048, 1.97715, 2.00123
2.00355, 2.08526, 1.97369, 1.99835
1.99724, 2.03075, 1.96691, 1.99867
2.01009, 2.03545, 1.97322, 1.98040
1.98204, 1.99743, 1.95148, 1.96711
1.97473, 1.99940, 1.95425, 1.99309
1.99373, 2.01634, 1.98360, 2.01072
2.01341, 2.03399, 1.99686, 2.02218
2.01988, 2.03076, 2.00483, 2.01209
2.00952, 2.03726, 1.98653, 2.02126
2.02135, 2.05020, 2.01027, 2.03705
2.04249, 2.05945, 2.02802, 2.04378
2.04669, 2.05318, 2.03356, 2.04586
2.03375, 2.04313, 2.00757, 2.00907
2.00783, 2.01152, 1.98702, 1.99879
1.99878, 2.01172, 1.98552, 1.98656
1.98834, 1.99910, 1.96001, 1.96489
1.96520, 1.97312, 1.95744, 1.95928
1.96093, 1.97256, 1.95440, 1.95877
1.95629, 1.96943, 1.95128, 1.96064
1.95999, 1.98470, 1.95880, 1.98207
1.98065, 1.98979, 1.97005, 1.97084
1.96965, 1.97071, 1.95616, 1.96519
1.96279, 1.97033, 1.94930, 1.96138
1.96181, 1.97306, 1.94822, 1.95662
1.95703, 1.95892, 1.93657, 1.95050
1.94947, 1.96003, 1.93373, 1.93775
1.93903, 1.94594, 1.93250, 1.93293
1.93646, 1.93701, 1.91945, 1.92354
1.92126, 1.92891, 1.91121, 1.91301
1.91311, 1.91516, 1.90032, 1.90278
1.90016, 1.93456, 1.89769, 1.93404
1.93311, 1.94968, 1.93267, 1.94533
1.94731, 1.95346, 1.93390, 1.93650
1.93505, 1.93784, 1.92695, 1.93270
1.93127, 1.93762, 1.91898, 1.92653
1.92767, 1.93268, 1.89817, 1.90340
1.90147, 1.90678, 1.89457, 1.90005
1.90040, 1.90818, 1.89458, 1.90060
1.89962, 1.91267, 1.88823, 1.89420
1.89347, 1.90041, 1.88714, 1.89507
1.89472, 1.90158, 1.89161, 1.89320
1.89127, 1.89710, 1.88481, 1.88593
1.88179, 1.88447, 1.86875, 1.86932
1.86810, 1.87609, 1.86324, 1.87383
1.87295, 1.87621, 1.85257, 1.85382
1.85574, 1.86581, 1.85356, 1.86090
1.86078, 1.87201, 1.86037, 1.86135
1.86243, 1.86670, 1.86004, 1.86207
1.86099, 1.86497, 1.84898, 1.85400
1.85260, 1.86279, 1.84525, 1.85105
1.85016, 1.85919, 1.84785, 1.85611
1.85539, 1.86616, 1.84607, 1.85211
1.84999, 1.85521, 1.83429, 1.83707
1.83636, 1.84555, 1.81938, 1.81944
1.82019, 1.83190, 1.80560, 1.81599
1.81634, 1.82011, 1.80571, 1.81326
1.81429, 1.82488, 1.80599, 1.81838
1.81953, 1.82453, 1.80979, 1.81274
1.81145, 1.83309, 1.81087, 1.82797
1.82788, 1.83374, 1.81261, 1.82138
1.82150, 1.84070, 1.81962, 1.83816
1.83921, 1.84522, 1.82283, 1.82633
1.82852, 1.84243, 1.81776, 1.82096
1.82160, 1.83787, 1.81454, 1.82445
1.82574, 1.83056, 1.81312, 1.82346
1.82193, 1.83192, 1.80825, 1.81271
1.81182, 1.81515, 1.79432, 1.80623
1.81037, 1.81209, 1.79975, 1.80410
1.80336, 1.81316, 1.79150, 1.80682
1.80606, 1.81266, 1.80024, 1.80773
1.80729, 1.81230, 1.80236, 1.80275
1.80283, 1.80855, 1.79606, 1.79776
1.79793, 1.80121, 1.78911, 1.79034
1.79018, 1.79710, 1.78672, 1.79559
1.79505, 1.80641, 1.79083, 1.80387
1.80244, 1.80899, 1.79924, 1.80005
1.79907, 1.80196, 1.79391, 1.79652
1.79855, 1.80024, 1.78831, 1.79114
1.79045, 1.80712, 1.78827, 1.80571
1.80564, 1.81050, 1.80334, 1.80604
1.80550, 1.81389, 1.80473, 1.80994
1.80913, 1.82003, 1.80865, 1.81617
1.81539, 1.81912, 1.80399, 1.80844
1.80824, 1.81072, 1.79720, 1.79969
1.80031, 1.80182, 1.79324, 1.79644
1.79643, 1.80169, 1.79305, 1.80030
1.80044, 1.80108, 1.79317, 1.79580
1.79536, 1.80674, 1.79268, 1.80377
1.80390, 1.80548, 1.78485, 1.78603
1.78469, 1.78678, 1.76934, 1.78339
1.78020, 1.79481, 1.77593, 1.79438
1.79315, 1.80456, 1.79070, 1.80022
1.80361, 1.80683, 1.79484, 1.80116
1.80239, 1.80890, 1.79703, 1.80652
1.80618, 1.81078, 1.80218, 1.80772
1.80724, 1.83364, 1.80573, 1.82035
1.81924, 1.83587, 1.81755, 1.83131
1.83329, 1.84055, 1.83055, 1.83527
1.83531, 1.83856, 1.82258, 1.82444
1.82355, 1.82659, 1.81590, 1.82390
1.82246, 1.83520, 1.81459, 1.81588
1.81651, 1.82555, 1.81373, 1.82268
1.82307, 1.82899, 1.82107, 1.82801
1.82659, 1.83072, 1.82130, 1.82621
1.82679, 1.83240, 1.81742, 1.81882
1.81899, 1.82995, 1.81791, 1.82735
1.82628, 1.83535, 1.82359, 1.82486
1.82648, 1.82706, 1.81247, 1.81627
1.81552, 1.83045, 1.81414, 1.82792
1.82765, 1.82995, 1.81592, 1.82270
1.82236, 1.83850, 1.82050, 1.83680
1.83673, 1.84105, 1.82513, 1.82787
1.82836, 1.82948, 1.82093, 1.82346
1.82361, 1.83191, 1.82157, 1.82721
1.82677, 1.82848, 1.82361, 1.82538
1.82560, 1.82637, 1.81694, 1.81827
1.81741, 1.82109, 1.80803, 1.81224
1.81238, 1.81621, 1.80678, 1.81224
1.81146, 1.82599, 1.80849, 1.81471
1.81463, 1.82230, 1.81238, 1.81939
1.81873, 1.82649, 1.81588, 1.82542
1.82488, 1.82868, 1.81833, 1.82195
1.81824, 1.82073, 1.80512, 1.80875
1.80842, 1.80926, 1.79615, 1.79916
1.79832, 1.80188, 1.78138, 1.78472
1.78414, 1.79234, 1.75759, 1.76535
1.76306, 1.76449, 1.74920, 1.75686
1.75481, 1.77141, 1.75438, 1.76183
1.76089, 1.76646, 1.75368, 1.76499
1.76367, 1.77828, 1.75882, 1.77493
1.77453, 1.78376, 1.76182, 1.77423
1.77400, 1.78030, 1.76616, 1.77243
1.77004, 1.77755, 1.76307, 1.77368
1.77325, 1.78229, 1.76963, 1.77601
1.77591, 1.79921, 1.77457, 1.79870
1.79792, 1.81783, 1.79506, 1.80821
1.80676, 1.81330, 1.80239, 1.81186
1.81458, 1.82814, 1.80799, 1.81430
1.81472, 1.81685, 1.79965, 1.80246
1.80262, 1.80671, 1.79836, 1.80337
1.80330, 1.80520, 1.78445, 1.79350
1.79293, 1.81125, 1.79133, 1.80534
1.80331, 1.80908, 1.79877, 1.80745
1.80694, 1.81692, 1.80298, 1.81219
1.81008, 1.81400, 1.79936, 1.80903
1.80787, 1.81273, 1.80079, 1.80399
1.80217, 1.80530, 1.79569, 1.80181
1.80177, 1.81445, 1.79990, 1.81159
1.81207, 1.81965, 1.80596, 1.80626
1.80558, 1.81985, 1.79634, 1.81662
1.81574, 1.83306, 1.81374, 1.81846
1.81958, 1.82899, 1.81464, 1.82366
1.82134, 1.83533, 1.81946, 1.83159
1.83029, 1.84505, 1.82869, 1.83712
1.83444, 1.84839, 1.83177, 1.84681
1.84616, 1.85246, 1.83701, 1.83829
1.83705, 1.83889, 1.82530, 1.82721
1.82739, 1.83265, 1.82399, 1.82829
1.82771, 1.83190, 1.82408, 1.83012
1.82958, 1.84395, 1.82152, 1.84136
1.84180, 1.84920, 1.83448, 1.83727
1.83763, 1.84537, 1.83261, 1.84224
1.83829, 1.84691, 1.82915, 1.83035
1.82991, 1.83751, 1.81856, 1.82275
1.82364, 1.83608, 1.80624, 1.80860
1.80803, 1.81367, 1.80005, 1.80451
1.80438, 1.81251, 1.80393, 1.81048
1.80722, 1.81237, 1.79350, 1.80722
1.80733, 1.82655, 1.80694, 1.82201
1.82096, 1.82359, 1.81368, 1.81623
1.81595, 1.81780, 1.80676, 1.81407
1.81250, 1.81910, 1.81168, 1.81498
1.81229, 1.81531, 1.79873, 1.80263
1.80136, 1.81780, 1.80122, 1.81427
1.81376, 1.82173, 1.81191, 1.81604
1.81624, 1.82402, 1.81305, 1.82074
1.81992, 1.82285, 1.81404, 1.81858
1.81923, 1.83157, 1.81732, 1.82811
1.82682, 1.82849, 1.81422, 1.81479
1.81337, 1.82187, 1.81170, 1.81725
1.81704, 1.81994, 1.81001, 1.81373
1.81425, 1.81608, 1.79809, 1.80082
1.80395, 1.81642, 1.80001, 1.81449
1.81373, 1.82470, 1.81089, 1.82091
1.82092, 1.82196, 1.80165, 1.80241
1.80120, 1.81438, 1.80088, 1.80726
1.80710, 1.82153, 1.80564, 1.80822
1.80322, 1.80837, 1.78620, 1.80260
1.80187, 1.80463, 1.79139, 1.80174
1.80176, 1.80462, 1.79375, 1.80111
1.79864, 1.80397, 1.76193, 1.76341
1.76365, 1.76833, 1.74243, 1.75458
1.76675, 1.77641, 1.76285, 1.76895
1.76825, 1.78264, 1.76652, 1.78113
1.78018, 1.79062, 1.77813, 1.78267
1.78150, 1.78641, 1.77763, 1.78015
1.78042, 1.78356, 1.76851, 1.77396
1.76708, 1.77709, 1.75890, 1.77460
1.77429, 1.78368, 1.76808, 1.77637
1.77539, 1.78794, 1.77201, 1.78082
1.78139, 1.79257, 1.78008, 1.78259
1.78131, 1.78444, 1.77255, 1.77457
1.77335, 1.77928, 1.77003, 1.77422
1.77271, 1.77626, 1.76743, 1.77236
1.77104, 1.77493, 1.76245, 1.77310
1.77167, 1.77909, 1.76303, 1.76892
1.76973, 1.77110, 1.75237, 1.75521
1.75435, 1.75784, 1.74264, 1.74299
1.74200, 1.75635, 1.74143, 1.74554
1.74560, 1.75268, 1.74377, 1.74510
1.74776, 1.75598, 1.74578, 1.75539
1.75432, 1.76550, 1.75317, 1.75772
1.75735, 1.76920, 1.75618, 1.76290
1.76269, 1.76376, 1.75474, 1.75912
1.75859, 1.76830, 1.75792, 1.76288
1.76223, 1.76906, 1.76131, 1.76828
1.76812, 1.77239, 1.76133, 1.77115
1.77025, 1.77342, 1.75823, 1.76301
1.76190, 1.77069, 1.75902, 1.76845
1.76780, 1.77447, 1.76675, 1.77286
1.77369, 1.77670, 1.76840, 1.77306
1.77212, 1.77655, 1.76996, 1.77274
1.77162, 1.78850, 1.77073, 1.78656
1.78500, 1.79691, 1.78379, 1.78727
1.78626, 1.79479, 1.78326, 1.79152
1.79703, 1.80052, 1.78862, 1.79216
1.79197, 1.80143, 1.78740, 1.79575
1.79544, 1.79814, 1.78846, 1.78963
1.78979, 1.79992, 1.77892, 1.79878
1.79741, 1.80217, 1.78745, 1.78848
1.78809, 1.79023, 1.78154, 1.78359
1.78278, 1.78823, 1.78124, 1.78557
1.78485, 1.79252, 1.78318, 1.79161
1.79035, 1.79229, 1.77899, 1.78142
1.77937, 1.78897, 1.77895, 1.78456
1.78354, 1.78926, 1.78287, 1.78669
1.78653, 1.79422, 1.78534, 1.79229
1.79088, 1.79639, 1.78667, 1.78840
1.78677, 1.80225, 1.78495, 1.79831
1.79754, 1.79927, 1.77812, 1.77862
1.77967, 1.78133, 1.77568, 1.77614
1.77633, 1.78474, 1.77454, 1.78390
1.78173, 1.79311, 1.77329, 1.77405
1.77399, 1.78213, 1.76878, 1.77980
1.77886, 1.81098, 1.77638, 1.80594
1.80616, 1.80811, 1.78943, 1.79152
1.79062, 1.79463, 1.78215, 1.78441
1.78388, 1.79485, 1.78073, 1.79383
1.79351, 1.80161, 1.78606, 1.79948
1.79772, 1.80826, 1.79658, 1.79983
1.79413, 1.80952, 1.79364, 1.80722
1.80695, 1.81120, 1.79842, 1.79858
1.80065, 1.80731, 1.79816, 1.80092
1.79983, 1.80229, 1.79214, 1.79689
1.79493, 1.79982, 1.79044, 1.79301
1.79365, 1.80129, 1.78930, 1.79233
1.79212, 1.79454, 1.78715, 1.79379
1.79327, 1.80224, 1.78650, 1.78948
1.78976, 1.79574, 1.78123, 1.79479
1.79442, 1.79924, 1.78636, 1.78947
1.79200, 1.79599, 1.78495, 1.78919
1.78901, 1.80403, 1.78859, 1.80121
1.80149, 1.80716, 1.79756, 1.80385
1.80394, 1.81462, 1.79907, 1.81103
1.81118, 1.81205, 1.80377, 1.80460
1.80434, 1.81192, 1.80185, 1.80291
1.80230, 1.80863, 1.79780, 1.80863
1.80796, 1.81582, 1.80372, 1.81479
1.81334, 1.82638, 1.81202, 1.81587
1.81502, 1.82027, 1.81162, 1.81639
1.81730, 1.81937, 1.81409, 1.81710
1.81601, 1.82066, 1.80206, 1.80412
1.80308, 1.81389, 1.80031, 1.80435
1.80322, 1.80703, 1.79346, 1.79424
1.79462, 1.80280, 1.79253, 1.79823
1.79813, 1.80511, 1.79562, 1.80301
1.80159, 1.80866, 1.79810, 1.79868
1.79829, 1.80076, 1.78266, 1.78360
1.78291, 1.78642, 1.77624, 1.77745
1.77707, 1.79016, 1.77389, 1.78930
1.78848, 1.80446, 1.78277, 1.80273
1.80235, 1.80646, 1.79095, 1.80414
1.80250, 1.80693, 1.79532, 1.79661
1.79503, 1.79946, 1.78955, 1.79568
1.79435, 1.79683, 1.78851, 1.79141
1.79081, 1.79157, 1.77806, 1.78195
1.78164, 1.79147, 1.77952, 1.78992
1.79050, 1.79633, 1.78732, 1.78889
1.78835, 1.79995, 1.78670, 1.79536
1.79433, 1.79513, 1.78685, 1.79090
1.78865, 1.79649, 1.78732, 1.79142
1.79125, 1.80603, 1.78988, 1.80037
1.80121, 1.80372, 1.79373, 1.79484
1.79400, 1.80288, 1.78394, 1.78416
1.78416, 1.79283, 1.78030, 1.78285
1.78199, 1.80391, 1.78186, 1.80324
1.80112, 1.80739, 1.79958, 1.80329
1.80120, 1.82217, 1.80103, 1.81847
1.81845, 1.82344, 1.81307, 1.81760
1.81662, 1.81960, 1.81053, 1.81099
1.81282, 1.82136, 1.81050, 1.81935
1.81937, 1.82428, 1.81673, 1.82085
1.81991, 1.83004, 1.81629, 1.82691
1.82485, 1.82780, 1.81906, 1.82494
1.82470, 1.83263, 1.82432, 1.83006
1.82968, 1.83313, 1.82496, 1.82528
1.82450, 1.82867, 1.81942, 1.82433
1.82365, 1.82625, 1.81670, 1.82370
1.82208, 1.83602, 1.82069, 1.83412
1.83361, 1.84218, 1.83116, 1.84039
1.83875, 1.84064, 1.83049, 1.83664
1.83663, 1.83874, 1.82357, 1.82488
1.82468, 1.83207, 1.82137, 1.82762
1.82668, 1.84316, 1.82643, 1.84127
1.84128, 1.84472, 1.82809, 1.82907
1.82858, 1.83044, 1.82347, 1.82745
1.82660, 1.82950, 1.82428, 1.82842
1.82840, 1.83116, 1.82297, 1.82500
1.82551, 1.82867, 1.81934, 1.82844
1.82531, 1.83485, 1.82206, 1.83192
1.82922, 1.83344, 1.82495, 1.82869
1.82829, 1.83471, 1.82484, 1.83200
1.83118, 1.84002, 1.82921, 1.83736
1.83779, 1.84469, 1.82939, 1.84384
1.84230, 1.85009, 1.83962, 1.84423
1.84360, 1.84939, 1.83661, 1.84683
1.84690, 1.85222, 1.84522, 1.84569
1.84683, 1.85184, 1.84003, 1.84254
1.84144, 1.84539, 1.83304, 1.83596
1.83400, 1.83594, 1.82596, 1.82786
1.83073, 1.83957, 1.82441, 1.83417
1.83399, 1.84379, 1.83224, 1.84276
1.84099, 1.84837, 1.83810, 1.84423
1.84439, 1.84702, 1.83918, 1.84183
1.84135, 1.84692, 1.83684, 1.83744
1.83687, 1.84059, 1.83466, 1.83751
1.83645, 1.84268, 1.82543, 1.84137
1.84027, 1.84474, 1.83565, 1.84405
1.84133, 1.85636, 1.84121, 1.85549
1.85369, 1.85860, 1.84701, 1.85523
1.85481, 1.86089, 1.85271, 1.85567
1.85453, 1.85903, 1.85043, 1.85520
1.85428, 1.86184, 1.85061, 1.85231
1.85130, 1.86447, 1.84966, 1.86269
1.86041, 1.86498, 1.85703, 1.86104
1.85887, 1.86927, 1.85542, 1.86144
1.86138, 1.86705, 1.85603, 1.85893
1.85782, 1.86556, 1.85667, 1.86341
1.86221, 1.86847, 1.85982, 1.86457
1.86182, 1.86873, 1.85808, 1.86650
1.86394, 1.87517, 1.86372, 1.87209
1.87158, 1.88709, 1.87032, 1.88572
1.88373, 1.89253, 1.88240, 1.88517
1.88477, 1.89318, 1.88400, 1.88775
1.88766, 1.89702, 1.88586, 1.89257
1.89296, 1.89469, 1.88367, 1.88577
1.88240, 1.88728, 1.87552, 1.88159
1.88149, 1.88609, 1.87640, 1.88133
1.88137, 1.88214, 1.87693, 1.88138
1.88110, 1.88763, 1.87992, 1.88618
1.88568, 1.89216, 1.88378, 1.88898
1.88856, 1.89130, 1.88209, 1.88293
1.88266, 1.88645, 1.87673, 1.88016
1.87995, 1.88638, 1.87896, 1.88132
1.88122, 1.88313, 1.87665, 1.88167
1.87923, 1.89299, 1.87793, 1.88663
1.88642, 1.89517, 1.88522, 1.89360
1.89327, 1.90171, 1.89099, 1.90091
1.90086, 1.91324, 1.89718, 1.90696
1.90696, 1.91529, 1.90528, 1.90735
1.90726, 1.90962, 1.90207, 1.90252
1.90235, 1.90463, 1.88849, 1.89134
1.89127, 1.89490, 1.88853, 1.89123
1.89119, 1.89520, 1.88920, 1.89268
1.89251, 1.89514, 1.88108, 1.88139
1.88142, 1.88864, 1.87953, 1.88520
1.88511, 1.88799, 1.87722, 1.87995
1.87977, 1.88052, 1.86771, 1.86855
1.86839, 1.87209, 1.86307, 1.86881
1.86852, 1.87130, 1.85275, 1.85988
1.85704, 1.86386, 1.85572, 1.85926
1.85895, 1.86722, 1.85456, 1.86555
1.86534, 1.87115, 1.86235, 1.86950
1.86948, 1.87896, 1.86838, 1.87748
1.87738, 1.88179, 1.87269, 1.88073
1.87912, 1.88333, 1.87603, 1.87728
1.87729, 1.89168, 1.87590, 1.88572
1.88575, 1.89024, 1.88394, 1.88713
1.88695, 1.89322, 1.88405, 1.89087
1.89063, 1.89296, 1.88470, 1.88925
1.89090, 1.89593, 1.88058, 1.88266
1.88237, 1.88970, 1.87895, 1.88813
1.88811, 1.89005, 1.87462, 1.88086
1.88044, 1.88616, 1.87499, 1.88013
1.88006, 1.88804, 1.87706, 1.88243
1.88194, 1.88857, 1.87512, 1.88022
1.87984, 1.88426, 1.86727, 1.86909
1.86908, 1.87196, 1.86223, 1.87069
1.87046, 1.87233, 1.86193, 1.86394
1.86367, 1.86956, 1.86040, 1.86460
1.86440, 1.87059, 1.86217, 1.86654
1.86646, 1.87582, 1.86485, 1.86884
1.86893, 1.87693, 1.86643, 1.86760
1.86742, 1.86773, 1.86036, 1.86175
1.86146, 1.86770, 1.85936, 1.86301
1.86229, 1.86682, 1.84855, 1.85009
1.85004, 1.85349, 1.84393, 1.84808
1.84795, 1.85587, 1.84660, 1.85083
1.85073, 1.85294, 1.84271, 1.84350
1.84347, 1.85698, 1.84143, 1.85206
1.85209, 1.86074, 1.84937, 1.85164
1.85156, 1.85324, 1.84230, 1.84479
1.84480, 1.84716, 1.83615, 1.83896
1.83860, 1.84770, 1.83228, 1.84749
1.84716, 1.84967, 1.83596, 1.84235
1.83997, 1.84359, 1.83584, 1.83759
1.83742, 1.84141, 1.83034, 1.83463
1.83432, 1.83500, 1.82547, 1.82715
1.82715, 1.83448, 1.82531, 1.82840
1.82834, 1.83253, 1.81839, 1.82036
1.82020, 1.82374, 1.81382, 1.81614
1.81624, 1.83414, 1.81250, 1.83101
1.83167, 1.84239, 1.82713, 1.83615
1.83626, 1.84007, 1.82234, 1.82333
1.82327, 1.82793, 1.82014, 1.82287
1.82274, 1.82913, 1.81710, 1.82705
1.82683, 1.83949, 1.82516, 1.83721
1.83706, 1.84273, 1.82722, 1.82932
1.82925, 1.83687, 1.82784, 1.83327
1.83330, 1.83687, 1.82868, 1.82899
1.82988, 1.83143, 1.82091, 1.82533
1.82533, 1.84043, 1.82268, 1.83853
1.83847, 1.85730, 1.83748, 1.85687
1.85643, 1.85982, 1.84973, 1.85513
1.85471, 1.85913, 1.84827, 1.85754
1.85945, 1.85955, 1.84708, 1.85382
1.85364, 1.85570, 1.84914, 1.85098
1.85080, 1.85722, 1.84943, 1.85229
1.85201, 1.85639, 1.85014, 1.85227
1.85215, 1.87634, 1.84931, 1.87080
1.86871, 1.87255, 1.86234, 1.86389
1.86370, 1.87854, 1.86225, 1.86579
1.86566, 1.86937, 1.85741, 1.86776
1.86750, 1.87883, 1.86612, 1.87498
1.87488, 1.89152, 1.87208, 1.88976
1.88950, 1.89163, 1.87705, 1.88047
1.87996, 1.88421, 1.85814, 1.85986
1.85885, 1.86126, 1.83894, 1.84067
1.84021, 1.84959, 1.83855, 1.84933
1.84911, 1.85265, 1.84170, 1.84909
1.84973, 1.86276, 1.84582, 1.85166
1.85152, 1.86220, 1.85013, 1.86120
1.86092, 1.86279, 1.84808, 1.84846
1.84835, 1.85605, 1.84159, 1.85430
1.85427, 1.86210, 1.85318, 1.85640
1.85596, 1.86446, 1.85442, 1.85742
1.85713, 1.86059, 1.85325, 1.85472
1.85396, 1.86058, 1.84877, 1.85080
1.85039, 1.85749, 1.84756, 1.85175
1.85087, 1.85520, 1.84970, 1.85467
1.85100, 1.86054, 1.85099, 1.85635
1.85613, 1.85965, 1.85166, 1.85778
1.85746, 1.86173, 1.85432, 1.86028
1.85981, 1.86216, 1.85396, 1.86189
1.86117, 1.86568, 1.85666, 1.86011
1.86156, 1.87575, 1.85861, 1.87420
1.87386, 1.87630, 1.86651, 1.86832
1.86828, 1.87776, 1.86386, 1.87673
1.87670, 1.89092, 1.87602, 1.88938
1.88899, 1.89785, 1.88604, 1.89212
1.89045, 1.89591, 1.88627, 1.89257
1.89203, 1.89604, 1.88849, 1.89087
1.89064, 1.89284, 1.87981, 1.88091
1.88090, 1.88444, 1.87821, 1.88275
1.88239, 1.89802, 1.88084, 1.89524
1.89330, 1.89908, 1.88957, 1.89194
1.89167, 1.89851, 1.88784, 1.89198
1.89188, 1.89384, 1.88410, 1.88744
1.88743, 1.88774, 1.87589, 1.88155
1.88147, 1.89194, 1.87965, 1.88806
1.88799, 1.89688, 1.88555, 1.88783
1.88787, 1.89099, 1.87846, 1.88806
1.88775, 1.89501, 1.88147, 1.89190
1.89167, 1.90440, 1.88919, 1.90201
1.90205, 1.92195, 1.90104, 1.91410
1.91420, 1.91728, 1.89847, 1.90205
1.90202, 1.91016, 1.89672, 1.89684
1.89670, 1.90519, 1.89260, 1.90155
1.90152, 1.91452, 1.89856, 1.90461
1.90443, 1.91773, 1.90215, 1.91085
1.91067, 1.91363, 1.89813, 1.89998
1.89977, 1.90491, 1.89487, 1.89540
1.89505, 1.89671, 1.88346, 1.88448
1.88434, 1.89468, 1.88004, 1.89148
1.89119, 1.90361, 1.89025, 1.89942
1.89939, 1.90558, 1.89495, 1.89848
1.89807, 1.90481, 1.89190, 1.89318
1.89283, 1.89518, 1.88678, 1.88724
1.88728, 1.89611, 1.88334, 1.89376
1.89371, 1.89559, 1.88644, 1.89294
1.89344, 1.89627, 1.88546, 1.89161
1.89141, 1.89433, 1.87530, 1.88200
1.88137, 1.88253, 1.86645, 1.87265
1.87247, 1.88267, 1.86429, 1.86682
1.86644, 1.87332, 1.85070, 1.85382
1.85533, 1.86267, 1.84578, 1.84721
1.84700, 1.84992, 1.83470, 1.83670
1.83648, 1.83815, 1.82950, 1.83705
1.83680, 1.83855, 1.81861, 1.82130
1.82110, 1.82480, 1.79316, 1.79431
1.79152, 1.79760, 1.77307, 1.79117
1.79103, 1.80712, 1.78553, 1.80107
1.80104, 1.80372, 1.79220, 1.80054
1.80035, 1.80522, 1.77724, 1.77736
1.77745, 1.79173, 1.77669, 1.78685
1.78758, 1.80949, 1.78686, 1.80741
1.80759, 1.81747, 1.80489, 1.81097
1.81092, 1.81591, 1.80022, 1.80287
1.80322, 1.80360, 1.77950, 1.78195
1.78155, 1.78470, 1.77508, 1.77726
1.77783, 1.78414, 1.77358, 1.77859
1.77873, 1.78315, 1.77446, 1.77573
1.77572, 1.78185, 1.75890, 1.76042
1.76043, 1.76605, 1.75265, 1.75422
1.75430, 1.75923, 1.75189, 1.75368
1.75381, 1.75451, 1.74276, 1.74741
1.74725, 1.76189, 1.74195, 1.74342
1.74316, 1.75308, 1.73948, 1.74845
1.74836, 1.75856, 1.74566, 1.75609
1.75581, 1.75749, 1.74315, 1.74882
1.74753, 1.75079, 1.73610, 1.73790
1.73772, 1.74025, 1.71727, 1.72498
1.72483, 1.74354, 1.72032, 1.73974
1.73959, 1.75096, 1.73759, 1.74787
1.74781, 1.74958, 1.74321, 1.74700
1.74547, 1.75673, 1.74478, 1.75581
1.75589, 1.75802, 1.73980, 1.74397
1.74374, 1.76086, 1.74029, 1.75953
1.75905, 1.76633, 1.75599, 1.76314
1.76288, 1.76640, 1.75963, 1.76594
1.76405, 1.77187, 1.76276, 1.76964
1.76957, 1.77041, 1.75941, 1.76216
1.76191, 1.76492, 1.74899, 1.75327
1.75288, 1.76969, 1.75088, 1.76724
1.76706, 1.77589, 1.76009, 1.77206
1.76910, 1.78858, 1.76760, 1.77400
1.77397, 1.77550, 1.75991, 1.76498
1.76489, 1.76551, 1.75123, 1.76016
1.76011, 1.76722, 1.75339, 1.75502
1.75415, 1.78154, 1.74577, 1.78104
1.77782, 1.78558, 1.77012, 1.77122
1.77109, 1.77313, 1.75421, 1.76099
1.76090, 1.76183, 1.73531, 1.74081
1.74030, 1.74281, 1.71780, 1.73669
1.73665, 1.74486, 1.73196, 1.74433
1.74360, 1.77551, 1.74281, 1.77378
1.77350, 1.78466, 1.76605, 1.77485
1.77463, 1.77568, 1.75663, 1.76413
1.76433, 1.78324, 1.76090, 1.77917
1.77895, 1.77920, 1.76345, 1.76614
1.76611, 1.77976, 1.76334, 1.76779
1.76752, 1.78205, 1.76012, 1.77681
1.77621, 1.78194, 1.76586, 1.77479
1.77442, 1.77670, 1.76411, 1.77008
1.76917, 1.77824, 1.76483, 1.77252
1.76831, 1.77189, 1.76319, 1.77032
1.76994, 1.77733, 1.76210, 1.76331
1.76284, 1.77735, 1.76057, 1.77486
1.77408, 1.78027, 1.77050, 1.77569
1.77497, 1.77915, 1.76185, 1.76389
1.76138, 1.76534, 1.75616, 1.75798
1.75779, 1.75916, 1.75102, 1.75582
1.75557, 1.75687, 1.73628, 1.73898
1.73904, 1.74601, 1.72972, 1.73046
1.73021, 1.73620, 1.72835, 1.73193
1.72917, 1.74360, 1.72915, 1.74092
1.74091, 1.74719, 1.72706, 1.74040
1.74028, 1.74743, 1.73663, 1.74291
1.74235, 1.76291, 1.73971, 1.76047
1.76023, 1.76179, 1.74382, 1.74750
1.74914, 1.75495, 1.74314, 1.75180
1.75158, 1.75696, 1.74133, 1.74526
1.74517, 1.74523, 1.73283, 1.73775
1.73781, 1.76599, 1.73079, 1.75237
1.75214, 1.76571, 1.74893, 1.76052
1.76390, 1.76403, 1.74962, 1.76111
1.76087, 1.76768, 1.75539, 1.76050
1.76029, 1.77801, 1.75895, 1.77030
1.77021, 1.77889, 1.76856, 1.77809
1.77744, 1.78135, 1.76526, 1.76745
1.76478, 1.77646, 1.76413, 1.77180
1.77130, 1.77387, 1.75901, 1.76401
1.76382, 1.77253, 1.75859, 1.76215
1.76201, 1.76700, 1.75737, 1.76372
1.76375, 1.78173, 1.76114, 1.77406
1.77449, 1.77973, 1.76051, 1.76193
1.76187, 1.77456, 1.75668, 1.75846
1.75734, 1.76037, 1.74367, 1.75788
1.75777, 1.76066, 1.74813, 1.75702
1.75711, 1.76349, 1.74927, 1.75557
1.75221, 1.76919, 1.75221, 1.76492
1.76488, 1.76801, 1.75562, 1.75841
1.75841, 1.76443, 1.75128, 1.75930
1.75931, 1.76288, 1.74659, 1.75211
1.75164, 1.76018, 1.74361, 1.74616
1.74710, 1.75669, 1.74383, 1.75414
1.75394, 1.75572, 1.73751, 1.73881
1.73885, 1.74234, 1.73264, 1.73889
1.73860, 1.74101, 1.72897, 1.72957
1.72936, 1.73489, 1.72069, 1.73315
1.73070, 1.73901, 1.72993, 1.73145
1.73104, 1.73552, 1.72649, 1.73381
1.73355, 1.74148, 1.73049, 1.73781
1.73713, 1.74341, 1.73433, 1.74167
1.74134, 1.74621, 1.73709, 1.74174
1.74096, 1.74704, 1.73537, 1.74373
1.74344, 1.76514, 1.74080, 1.75751
1.75736, 1.76278, 1.74672, 1.74748
1.74714, 1.75022, 1.73160, 1.74472
1.74418, 1.75033, 1.74155, 1.74674
1.74519, 1.74780, 1.72840, 1.72969
1.72965, 1.73807, 1.72772, 1.73388
1.73347, 1.73816, 1.72274, 1.72520
1.72462, 1.72546, 1.71427, 1.71622
1.71619, 1.71819, 1.70264, 1.70375
1.70342, 1.72382, 1.70067, 1.71610
1.71600, 1.72686, 1.71159, 1.72175
1.72165, 1.74327, 1.71949, 1.73742
1.73721, 1.73967, 1.72369, 1.72539
1.72433, 1.72878, 1.71421, 1.72004
1.71912, 1.72104, 1.70555, 1.71032
1.71024, 1.71325, 1.70413, 1.70743
1.70732, 1.71196, 1.70462, 1.70727
1.70680, 1.70764, 1.69441, 1.69543
1.69529, 1.70449, 1.69212, 1.70300
1.70417, 1.70506, 1.69503, 1.69575
1.69557, 1.70126, 1.68718, 1.70028
1.70007, 1.70215, 1.69120, 1.69801
1.69793, 1.70316, 1.69095, 1.69993
1.70005, 1.70266, 1.68834, 1.69073
1.69173, 1.69686, 1.68708, 1.69406
1.69375, 1.71314, 1.69295, 1.70984
1.70968, 1.71259, 1.69932, 1.70416
1.70371, 1.71219, 1.70094, 1.70357
1.70341, 1.70468, 1.68951, 1.69221
1.69973, 1.70110, 1.69404, 1.69608
1.69582, 1.70916, 1.69433, 1.70705
1.70708, 1.72141, 1.70072, 1.71029
1.70996, 1.71299, 1.70340, 1.71144
1.71081, 1.71331, 1.69882, 1.69997
1.69677, 1.70465, 1.69659, 1.69956
1.69927, 1.70741, 1.69735, 1.70149
1.70111, 1.70575, 1.69198, 1.69936
1.69899, 1.71034, 1.69280, 1.69430
1.69416, 1.70215, 1.66088, 1.66088
1.65557, 1.67780, 1.59133, 1.65556
1.65529, 1.67046, 1.64998, 1.66754
1.66744, 1.68868, 1.64702, 1.66910
1.66893, 1.71008, 1.66267, 1.70895
1.70909, 1.74597, 1.70502, 1.74255
1.74202, 1.74797, 1.72441, 1.73705
1.73689, 1.77077, 1.73459, 1.76433
1.76423, 1.76599, 1.74047, 1.74512
1.74449, 1.74597, 1.73360, 1.74108
1.74058, 1.74765, 1.73564, 1.74255
1.74111, 1.75939, 1.73944, 1.75563
1.75511, 1.76669, 1.74647, 1.74907
1.74878, 1.76991, 1.74754, 1.76814
1.76772, 1.81064, 1.76322, 1.79887
1.79832, 1.80424, 1.77939, 1.80128
1.80494, 1.81979, 1.80089, 1.80530
1.80521, 1.80659, 1.78753, 1.79340
1.79328, 1.79680, 1.78515, 1.78892
1.78862, 1.79734, 1.77646, 1.78757
1.78736, 1.78974, 1.76726, 1.76941
1.77854, 1.80258, 1.77491, 1.78726
1.78678, 1.79985, 1.78073, 1.79419
1.79403, 1.79710, 1.78283, 1.78958
1.78889, 1.80023, 1.78291, 1.79159
1.79146, 1.81248, 1.78698, 1.81082
1.80984, 1.81247, 1.79129, 1.79237
1.79232, 1.79881, 1.78471, 1.79471
1.79505, 1.80057, 1.78072, 1.79263
1.79223, 1.79859, 1.77017, 1.77318
1.77360, 1.77852, 1.74776, 1.75680
1.75882, 1.78112, 1.75769, 1.77665
1.77660, 1.78116, 1.76527, 1.77483
1.77431, 1.77818, 1.75915, 1.76542
1.76528, 1.78191, 1.76492, 1.76924
1.76888, 1.77231, 1.75588, 1.76358
1.75931, 1.76649, 1.74584, 1.75380
1.75334, 1.77542, 1.74742, 1.75544
1.75499, 1.76833, 1.75010, 1.76757
1.76737, 1.77864, 1.76528, 1.77329
1.77146, 1.78358, 1.77059, 1.78139
1.78172, 1.79074, 1.77779, 1.78976
1.78961, 1.79328, 1.78361, 1.78742
1.78753, 1.80000, 1.78355, 1.78987
1.78994, 1.79748, 1.78731, 1.78993
1.78984, 1.79504, 1.78781, 1.79243
1.79425, 1.80671, 1.79212, 1.79751
1.79734, 1.80049, 1.77966, 1.78646
1.78669, 1.79199, 1.77333, 1.77646
1.77588, 1.80478, 1.77032, 1.79830
1.79836, 1.80914, 1.79246, 1.80845
1.80533, 1.82093, 1.79880, 1.82025
1.81958, 1.82604, 1.81015, 1.81360
1.81351, 1.82402, 1.80847, 1.81569
1.81508, 1.81908, 1.80420, 1.80728
1.80697, 1.81295, 1.80265, 1.80336
1.80190, 1.82383, 1.79991, 1.81739
1.81716, 1.81937, 1.79897, 1.80394
1.80362, 1.81331, 1.79830, 1.81063
1.81007, 1.82607, 1.80775, 1.81752
1.81720, 1.82397, 1.81271, 1.81667
1.81021, 1.81966, 1.80809, 1.81310
1.81238, 1.82747, 1.80875, 1.82413
1.82383, 1.82704, 1.79982, 1.80097
1.80056, 1.80684, 1.78833, 1.80500
1.80455, 1.80567, 1.79111, 1.79388
1.79300, 1.79688, 1.79174, 1.79251
1.79159, 1.79422, 1.78101, 1.78637
1.78553, 1.78762, 1.77639, 1.78308
1.78293, 1.79223, 1.77705, 1.77827
1.77823, 1.78525, 1.76911, 1.77325
1.77377, 1.77494, 1.76478, 1.77012
1.76920, 1.78483, 1.76661, 1.77847
1.77792, 1.78130, 1.75032, 1.76309
1.76309, 1.77001, 1.75412, 1.76370
1.76318, 1.76439, 1.75560, 1.75836
1.75499, 1.76296, 1.75013, 1.76251
1.76200, 1.76821, 1.75732, 1.76230
1.76236, 1.76403, 1.75422, 1.75894
1.75857, 1.76389, 1.75009, 1.75259
1.75170, 1.75876, 1.74876, 1.75378
1.75023, 1.75547, 1.74849, 1.75368
1.75350, 1.76476, 1.74712, 1.75769
1.75738, 1.77905, 1.75238, 1.77818
1.77794, 1.79596, 1.77662, 1.79308
1.79211, 1.79295, 1.77744, 1.77883
1.77968, 1.78101, 1.75802, 1.76120
1.76116, 1.76486, 1.74481, 1.75093
1.75057, 1.75326, 1.73148, 1.74529
1.74516, 1.74773, 1.73831, 1.74447
1.74349, 1.74489, 1.73768, 1.74356
1.74306, 1.75194, 1.73982, 1.74919
1.74889, 1.76257, 1.74465, 1.74599
1.74585, 1.74855, 1.73324, 1.73326
1.73329, 1.73678, 1.72211, 1.72700
1.72708, 1.74196, 1.72523, 1.74068
1.74357, 1.75461, 1.73570, 1.74619
1.74585, 1.74666, 1.72873, 1.73115
1.73053, 1.74369, 1.72715, 1.74315
1.74273, 1.74818, 1.73519, 1.74713
1.74716, 1.74946, 1.74134, 1.74222
1.74227, 1.74665, 1.73750, 1.74232
1.74196, 1.75350, 1.74019, 1.74239
1.74159, 1.75506, 1.73990, 1.74259
1.74209, 1.74991, 1.73883, 1.74249
1.74259, 1.75208, 1.74130, 1.75010
1.74928, 1.75138, 1.73874, 1.74237
1.74187, 1.76733, 1.73958, 1.76653
1.76634, 1.77488, 1.76356, 1.76922
1.76878, 1.77079, 1.76028, 1.76491
1.76484, 1.77811, 1.76180, 1.77491
1.77435, 1.79072, 1.77264, 1.78958
1.78896, 1.80286, 1.78634, 1.78639
1.78559, 1.79483, 1.77398, 1.77907
1.77863, 1.78352, 1.77276, 1.77524
1.77481, 1.77934, 1.77131, 1.77918
1.77957, 1.78903, 1.77705, 1.78636
1.78608, 1.80227, 1.78416, 1.79493
1.79508, 1.79794, 1.78664, 1.79723
1.79677, 1.81054, 1.79108, 1.80897
1.80877, 1.82946, 1.80706, 1.82769
1.83024, 1.83159, 1.81121, 1.82702
1.82715, 1.83188, 1.81753, 1.81878
1.81876, 1.82548, 1.81434, 1.82107
1.82121, 1.82428, 1.81046, 1.81878
1.81894, 1.82011, 1.80772, 1.81713
1.81602, 1.82888, 1.81195, 1.82673
1.82671, 1.83623, 1.82568, 1.83036
1.83057, 1.83758, 1.82410, 1.83474
1.83466, 1.83985, 1.82584, 1.83649
1.83647, 1.84254, 1.83414, 1.84033
1.83657, 1.84917, 1.83657, 1.84774
1.84742, 1.84799, 1.83912, 1.83967
1.83952, 1.85075, 1.83762, 1.84246
1.84202, 1.84903, 1.83706, 1.84540
1.84515, 1.85348, 1.84204, 1.84392
1.84048, 1.84660, 1.82475, 1.82945
1.82908, 1.85608, 1.82742, 1.85107
1.85087, 1.86779, 1.84291, 1.85346
1.85338, 1.86676, 1.85214, 1.86405
1.86395, 1.86600, 1.85828, 1.86454
1.86296, 1.86667, 1.86099, 1.86390
1.86312, 1.86993, 1.85826, 1.86728
1.86705, 1.86896, 1.85348, 1.86495
1.86353, 1.86784, 1.84351, 1.84583
1.84558, 1.85430, 1.83951, 1.84988
1.85039, 1.85470, 1.84564, 1.84655
1.84597, 1.84989, 1.83981, 1.84665
1.84657, 1.85644, 1.84387, 1.85239
1.85121, 1.85506, 1.84017, 1.84538
1.84478, 1.86043, 1.84231, 1.85889
1.85641, 1.86587, 1.85562, 1.86445
1.86420, 1.87487, 1.86295, 1.87302
1.87250, 1.89303, 1.86861, 1.88800
1.88715, 1.88860, 1.88025, 1.88496
1.88438, 1.90344, 1.88154, 1.89953
1.89715, 1.90110, 1.88080, 1.88401
1.88361, 1.88670, 1.86032, 1.87097
1.87067, 1.88277, 1.86924, 1.88209
1.88131, 1.89239, 1.87642, 1.87816
1.87799, 1.87906, 1.86972, 1.87003
1.87019, 1.87357, 1.85890, 1.86083
1.86068, 1.86926, 1.85889, 1.86640
1.86617, 1.86994, 1.85860, 1.86238
1.86206, 1.87238, 1.85887, 1.86686
1.86655, 1.87728, 1.86534, 1.87388
1.87173, 1.87415, 1.86438, 1.86950
1.86910, 1.87762, 1.86697, 1.87573
1.87516, 1.87811, 1.87020, 1.87473
1.87440, 1.88190, 1.87052, 1.87325
1.87226, 1.87364, 1.86392, 1.87128
1.87158, 1.87721, 1.86793, 1.86954
1.86920, 1.87884, 1.86605, 1.87806
1.87766, 1.89332, 1.87628, 1.88958
1.88905, 1.89756, 1.88718, 1.89398
1.89339, 1.89674, 1.89152, 1.89441
1.89168, 1.89305, 1.88571, 1.88913
1.88883, 1.90727, 1.88692, 1.90398
1.90359, 1.91825, 1.89865, 1.91303
1.91288, 1.91667, 1.90409, 1.90556
1.90542, 1.90572, 1.88248, 1.88461
1.88165, 1.88680, 1.87179, 1.87874
1.87796, 1.88119, 1.85983, 1.86181
1.86177, 1.87100, 1.85698, 1.86962
1.86897, 1.87138, 1.86287, 1.87011
1.86994, 1.87444, 1.86404, 1.86527
1.86340, 1.86681, 1.84983, 1.85329
1.85305, 1.86415, 1.84855, 1.86347
1.86221, 1.86996, 1.85699, 1.86228
1.86157, 1.86791, 1.85330, 1.85706
1.85647, 1.86912, 1.85437, 1.86451
1.86009, 1.87492, 1.86009, 1.86643
1.86613, 1.88342, 1.86449, 1.88012
1.87997, 1.88951, 1.87457, 1.87801
1.87705, 1.88956, 1.87514, 1.88615
1.88619, 1.90947, 1.88338, 1.90434
1.90033, 1.90988, 1.89998, 1.90437
1.90326, 1.90890, 1.89392, 1.90640
1.90620, 1.92381, 1.90431, 1.91396
1.91324, 1.91562, 1.90090, 1.90557
1.90511, 1.91128, 1.90208, 1.90566
1.90411, 1.91238, 1.89772, 1.90203
1.90095, 1.90978, 1.89751, 1.89969
1.89894, 1.90904, 1.89673, 1.90887
1.90845, 1.92319, 1.90063, 1.92263
1.92250, 1.92793, 1.91643, 1.91861
1.91765, 1.92999, 1.91637, 1.92624
1.92602, 1.93911, 1.92296, 1.93389
1.93365, 1.93590, 1.91135, 1.91304
1.91281, 1.91437, 1.90134, 1.90647
1.90601, 1.91726, 1.90391, 1.91426
1.91362, 1.92321, 1.91201, 1.91761
1.91712, 1.92711, 1.91309, 1.91354
1.91340, 1.92073, 1.90060, 1.91089
1.91009, 1.91159, 1.88499, 1.89797
1.89780, 1.91095, 1.89647, 1.90939
1.90673, 1.91373, 1.89882, 1.90195
1.90153, 1.90467, 1.89319, 1.89941
1.89920, 1.91825, 1.89723, 1.91432
1.91367, 1.91510, 1.90116, 1.90731
1.90681, 1.93372, 1.90569, 1.93238
1.92839, 1.93183, 1.90755, 1.91056
1.90992, 1.93432, 1.90764, 1.93173
1.93117, 1.94522, 1.92866, 1.94389
1.94318, 1.94694, 1.93399, 1.93967
1.93870, 1.94144, 1.93301, 1.94058
1.93768, 1.94638, 1.93317, 1.94411
1.94419, 1.95618, 1.94258, 1.94807
1.94750, 1.95137, 1.94336, 1.94791
1.94745, 1.94832, 1.93688, 1.94513
1.94462, 1.95596, 1.94154, 1.95457
1.95216, 1.96189, 1.95042, 1.95480
1.95442, 1.96811, 1.94893, 1.96771
1.96715, 1.98180, 1.96454, 1.98126
1.98013, 1.99684, 1.97606, 1.99033
1.98578, 1.98578, 1.98578, 1.98578