2.66720, 2.67470, 2.59380, 2.60720
2.60920, 2.62950, 2.56130, 2.56620
2.56640, 2.58560, 2.55220, 2.57510
2.57180, 2.57310, 2.55420, 2.55750
2.55720, 2.59470, 2.53410, 2.58260
2.58460, 2.61700, 2.57660, 2.58890
2.58950, 2.60580, 2.57650, 2.58050
2.57790, 2.58670, 2.54870, 2.57010
2.57620, 2.57620, 2.50850, 2.51450
2.51530, 2.56090, 2.51130, 2.54760
2.55310, 2.57910, 2.54300, 2.57020
2.57120, 2.60060, 2.55110, 2.58300
2.58080, 2.58590, 2.55000, 2.56950
2.56780, 2.56990, 2.51240, 2.52740
2.52750, 2.54300, 2.47440, 2.47660
2.48460, 2.48970, 2.43770, 2.44220
2.44340, 2.48380, 2.43010, 2.46670
2.46850, 2.48740, 2.45100, 2.46980
2.46380, 2.47430, 2.44160, 2.45360
2.45340, 2.47060, 2.42360, 2.43160
2.43170, 2.45460, 2.40270, 2.41340
2.41630, 2.41630, 2.36260, 2.36900
2.36970, 2.40570, 2.36430, 2.39550
2.39990, 2.49870, 2.39340, 2.48650
2.48940, 2.56330, 2.48250, 2.54930
2.56050, 2.56730, 2.52480, 2.54730
2.54740, 2.55800, 2.49100, 2.50050
2.49920, 2.50270, 2.44370, 2.45790
2.45980, 2.47630, 2.43950, 2.47030
2.47080, 2.48120, 2.45130, 2.46490
2.46190, 2.48300, 2.43010, 2.43900
2.44140, 2.44690, 2.42180, 2.43640
2.43510, 2.44990, 2.42150, 2.43500
2.43770, 2.44330, 2.37310, 2.37730
2.37910, 2.42320, 2.37240, 2.40310
2.40020, 2.44390, 2.39780, 2.44040
2.43740, 2.45850, 2.42180, 2.43170
2.43580, 2.44450, 2.41180, 2.42860
2.42970, 2.44030, 2.41420, 2.41760
2.41880, 2.42780, 2.39690, 2.42400
2.42190, 2.44860, 2.41490, 2.44040
2.44160, 2.46360, 2.43190, 2.44320
2.44300, 2.46460, 2.42700, 2.46350
2.46260, 2.49820, 2.44630, 2.45030
2.45060, 2.45860, 2.43930, 2.44290
2.44440, 2.45010, 2.42680, 2.43800
2.43900, 2.44440, 2.41430, 2.43030
2.42880, 2.44650, 2.41420, 2.41660
2.41660, 2.41980, 2.38790, 2.39050
2.39560, 2.42420, 2.39030, 2.39990
2.39940, 2.40100, 2.36880, 2.38070
2.38070, 2.38120, 2.34460, 2.35360
2.35300, 2.37540, 2.33630, 2.37120
2.37120, 2.38390, 2.33770, 2.35080
2.35120, 2.37990, 2.33720, 2.34280
2.34100, 2.35540, 2.33400, 2.33790
2.34050, 2.34220, 2.26770, 2.27780
2.27820, 2.32340, 2.27530, 2.32310
2.32330, 2.32740, 2.29890, 2.31570
2.31650, 2.35300, 2.30960, 2.35100
2.35130, 2.39380, 2.34320, 2.38860
2.39020, 2.39170, 2.36820, 2.38080
2.38140, 2.41170, 2.38100, 2.40750
2.40740, 2.40890, 2.37210, 2.37330
2.37180, 2.37920, 2.34600, 2.35520
2.36090, 2.36280, 2.33860, 2.34520
2.34500, 2.35360, 2.30950, 2.31500
2.31330, 2.34890, 2.29600, 2.32690
2.32670, 2.35540, 2.30700, 2.35040
2.35070, 2.37070, 2.33300, 2.36120
2.36020, 2.37410, 2.34780, 2.36760
2.36680, 2.39960, 2.36260, 2.38680
2.38910, 2.39270, 2.36290, 2.37710
2.37720, 2.39050, 2.33930, 2.34260
2.34490, 2.34530, 2.32630, 2.33000
2.33220, 2.34550, 2.31400, 2.31670
2.31840, 2.34070, 2.30110, 2.33850
2.33790, 2.38760, 2.33290, 2.38380
2.37560, 2.39830, 2.36770, 2.37840
2.37850, 2.39020, 2.33990, 2.35160
2.34970, 2.36540, 2.31980, 2.34640
2.34330, 2.35820, 2.33000, 2.35160
2.35160, 2.36910, 2.33350, 2.36620
2.36620, 2.38390, 2.35030, 2.35690
2.35680, 2.36430, 2.34290, 2.35230
2.35130, 2.36860, 2.34460, 2.36350
2.36350, 2.36660, 2.32870, 2.35460
2.35460, 2.37350, 2.34930, 2.35980
2.35970, 2.36390, 2.33520, 2.35450
2.35450, 2.37190, 2.35110, 2.35750
2.35670, 2.41760, 2.35110, 2.41400
2.41400, 2.46070, 2.40930, 2.45720
2.45760, 2.48410, 2.42230, 2.42450
2.42450, 2.44360, 2.37340, 2.39890
2.39880, 2.41470, 2.37510, 2.40390
2.40390, 2.41770, 2.38720, 2.39460
2.39450, 2.40440, 2.36700, 2.40330
2.40340, 2.41960, 2.36970, 2.40620
2.40620, 2.45400, 2.39720, 2.45040
2.45040, 2.48650, 2.44750, 2.47810
2.47750, 2.51250, 2.44610, 2.45170
2.45080, 2.51360, 2.44590, 2.50130
2.50130, 2.51670, 2.44220, 2.45840
2.45830, 2.50850, 2.45500, 2.50420
2.50420, 2.51150, 2.47940, 2.48310
2.48310, 2.49880, 2.46300, 2.48510
2.48440, 2.48840, 2.45010, 2.46120
2.46120, 2.46720, 2.42720, 2.43930
2.43930, 2.47270, 2.42390, 2.46930
2.46930, 2.47280, 2.42450, 2.42770
2.42770, 2.49680, 2.42590, 2.49140
2.49180, 2.51350, 2.45180, 2.46620
2.46620, 2.49080, 2.45960, 2.47700
2.47700, 2.49880, 2.46720, 2.49170
2.49170, 2.50310, 2.48110, 2.48290
2.48290, 2.48560, 2.45230, 2.47130
2.47330, 2.50720, 2.47070, 2.49630
2.49720, 2.53590, 2.48520, 2.53200
2.53170, 2.53690, 2.49750, 2.50830
2.49980, 2.54150, 2.49980, 2.51610
2.51470, 2.52160, 2.46930, 2.47050
2.47070, 2.48640, 2.46540, 2.48130
2.48130, 2.48210, 2.45980, 2.46970
2.46900, 2.47690, 2.45900, 2.46800
2.46800, 2.49580, 2.45720, 2.48970
2.48960, 2.49860, 2.45500, 2.46270
2.46240, 2.48690, 2.45950, 2.48050
2.47970, 2.51260, 2.47820, 2.51000
2.50810, 2.51880, 2.47990, 2.48710
2.48710, 2.51250, 2.48420, 2.49700
2.49700, 2.52010, 2.48830, 2.49700
2.49700, 2.50130, 2.47610, 2.48210
2.48210, 2.48560, 2.45720, 2.47530
2.47520, 2.50750, 2.46890, 2.49840
2.49880, 2.51300, 2.49260, 2.49790
2.49790, 2.54300, 2.49640, 2.53180
2.53080, 2.54840, 2.52480, 2.53560
2.53520, 2.54370, 2.49720, 2.51150
2.51150, 2.52540, 2.47660, 2.47660
2.47660, 2.49130, 2.46610, 2.47910
2.47900, 2.50070, 2.46970, 2.48310
2.48260, 2.49810, 2.47130, 2.47540
2.47410, 2.48020, 2.43700, 2.43900
2.44250, 2.45290, 2.42020, 2.43580
2.43360, 2.44340, 2.41900, 2.43210
2.42860, 2.44590, 2.40010, 2.40630
2.40690, 2.40980, 2.37790, 2.38170
2.38160, 2.41460, 2.37770, 2.38900
2.39310, 2.42440, 2.38860, 2.40600
2.40860, 2.43110, 2.40100, 2.42400
2.42620, 2.42900, 2.37950, 2.38170
2.38230, 2.40590, 2.37310, 2.39860
2.39400, 2.42820, 2.39150, 2.42440
2.42220, 2.42830, 2.37810, 2.37810
2.37940, 2.39140, 2.32820, 2.33090
2.33060, 2.35990, 2.32890, 2.34540
2.34980, 2.36370, 2.34400, 2.35860
2.35700, 2.39090, 2.35040, 2.36430
2.36440, 2.36530, 2.34140, 2.34230
2.34220, 2.36200, 2.33360, 2.33470
2.33430, 2.34750, 2.32390, 2.33490
2.33480, 2.38030, 2.31080, 2.37460
2.37530, 2.39370, 2.35540, 2.38450
2.39010, 2.40210, 2.35090, 2.39490
2.39490, 2.56270, 2.38040, 2.48130
2.48140, 2.50460, 2.43210, 2.43380
2.42910, 2.48450, 2.42030, 2.46420
2.47190, 2.47230, 2.43160, 2.45330
2.45330, 2.48100, 2.37980, 2.38300
2.38230, 2.40170, 2.31040, 2.32980
2.33160, 2.34170, 2.28830, 2.30530
2.30180, 2.31580, 2.26830, 2.27440
2.27010, 2.28260, 2.24400, 2.25050
2.24910, 2.30430, 2.24250, 2.30360
2.30980, 2.31980, 2.23350, 2.23350
2.23460, 2.28220, 2.21860, 2.26210
2.26670, 2.30250, 2.23120, 2.29180
2.30280, 2.35100, 2.27940, 2.29980
2.29130, 2.38230, 2.28340, 2.34870
2.33910, 2.38700, 2.31780, 2.32380
2.32590, 2.36800, 2.30100, 2.31580
2.32230, 2.35010, 2.29250, 2.34340
2.33510, 2.36060, 2.28080, 2.28620
2.28590, 2.28910, 2.26450, 2.27710
2.27400, 2.28740, 2.23000, 2.26240
2.26400, 2.27400, 2.17460, 2.19530
2.20080, 2.26330, 2.16930, 2.22260
2.22650, 2.28030, 2.21870, 2.25270
2.25270, 2.25870, 2.17150, 2.17180
2.17550, 2.20020, 2.16320, 2.17110
2.17140, 2.19840, 2.14740, 2.15660
2.15450, 2.15740, 2.11050, 2.12780
2.13100, 2.13720, 2.09470, 2.13620
2.13080, 2.17480, 2.10630, 2.17150
2.17350, 2.20060, 2.14540, 2.15310
2.15060, 2.21310, 2.13260, 2.19540
2.19790, 2.20220, 2.15800, 2.17210
2.17750, 2.19070, 2.15750, 2.15940
2.16350, 2.16700, 2.10990, 2.11990
2.12010, 2.15330, 2.09570, 2.13680
2.14040, 2.14250, 2.08310, 2.12650
2.12530, 2.13610, 2.09530, 2.10780
2.10720, 2.11230, 2.06420, 2.07020
2.07360, 2.09250, 2.04590, 2.04700
2.04500, 2.07320, 2.03200, 2.06320
2.06340, 2.07450, 2.04980, 2.07270
2.06690, 2.07310, 2.02950, 2.04620
2.04730, 2.08770, 2.04330, 2.07310
2.07520, 2.09320, 2.06510, 2.07230
2.06950, 2.08250, 2.05490, 2.07540
2.07570, 2.09660, 2.05510, 2.05640
2.05870, 2.07760, 2.04880, 2.05750
2.05000, 2.06360, 2.03930, 2.05930
2.05260, 2.08590, 2.04010, 2.08200
2.08520, 2.12650, 2.07000, 2.12540
2.12490, 2.16390, 2.10610, 2.16160
2.15990, 2.20480, 2.13000, 2.15430
2.15270, 2.15650, 2.12430, 2.13790
2.13810, 2.15900, 2.11300, 2.11970
2.11010, 2.19190, 2.09760, 2.16440
2.14970, 2.21360, 2.13430, 2.17770
2.19990, 2.31300, 2.17280, 2.19440
2.19110, 2.23230, 2.18100, 2.21840
2.21530, 2.30190, 2.19520, 2.28880
2.29110, 2.70430, 2.27870, 2.64520
2.54960, 2.63970, 2.43030, 2.50670
2.49090, 2.57550, 2.39640, 2.55350
2.55630, 2.59300, 2.40520, 2.40720
2.40530, 2.40860, 2.27680, 2.31940
2.30540, 2.37720, 2.21820, 2.27080
2.30020, 2.43120, 2.26230, 2.35720
2.35350, 2.40700, 2.31590, 2.34670
2.35110, 2.37570, 2.24500, 2.26610
2.27230, 2.30000, 2.20330, 2.24830
2.25380, 2.30360, 2.14030, 2.19160
2.19370, 2.19750, 2.12470, 2.12600
2.13610, 2.14440, 2.03560, 2.04390
2.04290, 2.17990, 2.02330, 2.15470
2.15520, 2.22960, 2.14400, 2.18540
2.19190, 2.20230, 2.08800, 2.10820
2.09280, 2.28490, 2.07410, 2.28210
2.27310, 2.28160, 2.17710, 2.18710
2.19450, 2.23220, 2.17360, 2.18380
2.18070, 2.24630, 2.17580, 2.23490
2.23510, 2.26420, 2.18700, 2.23840
2.23840, 2.25560, 2.16890, 2.19810
2.19910, 2.20860, 2.11140, 2.12540
2.12500, 2.14930, 2.08670, 2.10380
2.10050, 2.11700, 2.05280, 2.06140
2.06590, 2.10010, 2.04220, 2.07340
2.07280, 2.09470, 2.03160, 2.03740
2.00980, 2.08350, 2.00690, 2.04730
2.04180, 2.09010, 2.02570, 2.02730
2.03150, 2.08660, 2.00860, 2.04040
2.03650, 2.04430, 1.96890, 1.98070
1.98010, 2.02690, 1.97240, 2.02500
2.02430, 2.04450, 1.99310, 2.03420
2.03670, 2.05980, 2.01070, 2.01970
2.01340, 2.04790, 1.98780, 2.01360
2.00530, 2.04170, 1.99510, 2.02260
2.03120, 2.07690, 2.02280, 2.04490
2.05020, 2.08700, 2.03120, 2.04450
2.04540, 2.06830, 2.03280, 2.04750
2.05240, 2.09750, 2.01990, 2.08060
2.08070, 2.08510, 2.03310, 2.03580
2.03810, 2.03890, 2.00220, 2.00930
2.01040, 2.01460, 1.98270, 1.99880
2.00010, 2.02650, 1.98810, 1.99200
1.99820, 2.00610, 1.95810, 1.98640
1.99170, 2.00980, 1.97390, 1.97680
1.97290, 1.97690, 1.92850, 1.93120
1.93100, 1.95780, 1.92170, 1.92540
1.92440, 1.94220, 1.90640, 1.92890
1.93370, 1.94150, 1.87000, 1.87470
1.87120, 1.88590, 1.83440, 1.83640
1.83750, 1.84670, 1.80560, 1.84250
1.83870, 1.84180, 1.75130, 1.75190
1.75080, 1.78740, 1.73320, 1.78360
1.78390, 1.80170, 1.76180, 1.76690
1.76920, 1.83010, 1.75770, 1.82650
1.82890, 1.83570, 1.80050, 1.80740
1.80420, 1.81430, 1.76970, 1.78620
1.78640, 1.81920, 1.78590, 1.80340
1.80210, 1.82490, 1.79100, 1.81930
1.81150, 1.81230, 1.78330, 1.79990
1.79740, 1.80540, 1.77020, 1.78090
1.78060, 1.83000, 1.77700, 1.81390
1.81380, 1.82990, 1.80060, 1.80500
1.80660, 1.80800, 1.77090, 1.80170
1.79220, 1.80030, 1.73080, 1.73220
1.72770, 1.76690, 1.72420, 1.76190
1.76180, 1.80060, 1.75820, 1.78860
1.78590, 1.81380, 1.77540, 1.80780
1.80570, 1.82780, 1.78810, 1.80000
1.79400, 1.80700, 1.75140, 1.76780
1.76780, 1.76780, 1.71940, 1.72000
1.71690, 1.74150, 1.69860, 1.70000
1.69080, 1.70010, 1.64940, 1.66550
1.66560, 1.66750, 1.62460, 1.66070
1.65230, 1.66690, 1.63710, 1.63910
1.64060, 1.65350, 1.62770, 1.64660
1.64720, 1.66230, 1.63060, 1.65320
1.66060, 1.66310, 1.63450, 1.64650
1.64670, 1.66650, 1.64460, 1.66020
1.65730, 1.67400, 1.64600, 1.65640
1.66130, 1.67150, 1.63720, 1.65180
1.65890, 1.69090, 1.62790, 1.66430
1.65120, 1.67870, 1.62200, 1.64080
1.63920, 1.77730, 1.63120, 1.73650
1.73830, 1.77150, 1.69990, 1.70640
1.70500, 1.77590, 1.69960, 1.75490
1.75670, 1.78900, 1.70740, 1.71050
1.70820, 1.72990, 1.69690, 1.69930
1.68460, 1.73780, 1.67470, 1.72120
1.72370, 1.81250, 1.71670, 1.80470
1.80490, 1.81430, 1.71390, 1.71570
1.71580, 1.76330, 1.71130, 1.75920
1.76300, 1.77150, 1.70530, 1.72150
1.72040, 1.75230, 1.70880, 1.73440
1.73450, 1.75420, 1.72580, 1.73570
1.73640, 1.75420, 1.72770, 1.74570
1.74690, 1.75370, 1.71590, 1.73710
1.75170, 1.76060, 1.72420, 1.72690
1.72120, 1.73730, 1.68240, 1.68530
1.68490, 1.69110, 1.65610, 1.65700
1.65100, 1.67390, 1.64400, 1.66990
1.66830, 1.67070, 1.63120, 1.64900
1.64540, 1.65280, 1.62020, 1.62460
1.62380, 1.65730, 1.60380, 1.61980
1.61140, 1.62540, 1.59590, 1.61370
1.60860, 1.62480, 1.59320, 1.59570
1.58720, 1.64170, 1.57650, 1.63030
1.62790, 1.63130, 1.59110, 1.59270
1.59460, 1.64040, 1.58340, 1.63580
1.63230, 1.64230, 1.61050, 1.61940
1.61770, 1.63190, 1.60240, 1.61530
1.60990, 1.63240, 1.58630, 1.58760
1.59110, 1.61660, 1.58330, 1.60250
1.60450, 1.60640, 1.56780, 1.57090
1.56840, 1.57270, 1.53010, 1.53500
1.54190, 1.54260, 1.51430, 1.52440
1.52330, 1.56670, 1.51380, 1.56040
1.56190, 1.60830, 1.55820, 1.60420
1.60040, 1.61840, 1.58910, 1.61560
1.61820, 1.62050, 1.58100, 1.59470
1.60020, 1.61080, 1.57590, 1.58820
1.58650, 1.61090, 1.57790, 1.59620
1.60040, 1.62230, 1.59440, 1.60090
1.60260, 1.62570, 1.57810, 1.58280
1.58620, 1.61180, 1.58230, 1.60370
1.60310, 1.61390, 1.58250, 1.58530
1.58500, 1.64880, 1.58370, 1.62880
1.63000, 1.63250, 1.56020, 1.56270
1.56270, 1.56540, 1.54440, 1.54980
1.54810, 1.57990, 1.54710, 1.54930
1.54930, 1.56690, 1.54180, 1.54360
1.54350, 1.55460, 1.52650, 1.53660
1.53740, 1.54250, 1.51900, 1.52210
1.52410, 1.55260, 1.51190, 1.52900
1.52380, 1.54520, 1.50400, 1.53110
1.53180, 1.54130, 1.51410, 1.52140
1.52360, 1.54990, 1.52180, 1.54090
1.53840, 1.55050, 1.52450, 1.53220
1.53270, 1.55520, 1.51850, 1.53910
1.54010, 1.54770, 1.52080, 1.52340
1.52370, 1.53900, 1.51080, 1.52040
1.52220, 1.53330, 1.48850, 1.49150
1.49040, 1.50730, 1.47820, 1.49260
1.49450, 1.51770, 1.48550, 1.51550
1.51500, 1.52070, 1.49610, 1.50140
1.50710, 1.50870, 1.47580, 1.49260
1.48850, 1.57670, 1.47920, 1.56890
1.57790, 1.63860, 1.56110, 1.57140
1.56940, 1.59670, 1.55640, 1.58160
1.58540, 1.59020, 1.53810, 1.54720
1.54400, 1.54770, 1.50290, 1.52300
1.52210, 1.53250, 1.49830, 1.51640
1.51730, 1.54900, 1.51550, 1.52350
1.52650, 1.59140, 1.52400, 1.57920
1.57760, 1.61330, 1.56990, 1.61220
1.60960, 1.63570, 1.57110, 1.59230
1.59470, 1.59510, 1.52800, 1.52930
1.53220, 1.55660, 1.52410, 1.53640
1.54120, 1.54690, 1.49930, 1.50650
1.50630, 1.55670, 1.50390, 1.54500
1.54360, 1.58110, 1.53820, 1.56160
1.55530, 1.58240, 1.55000, 1.57860
1.58010, 1.60550, 1.57600, 1.58930
1.57710, 1.58250, 1.52050, 1.52640
1.52360, 1.55220, 1.51650, 1.53280
1.53300, 1.56620, 1.52980, 1.55690
1.55580, 1.56770, 1.53280, 1.53620
1.53470, 1.54640, 1.51150, 1.52360
1.51580, 1.52120, 1.50300, 1.50780
1.51140, 1.51820, 1.47970, 1.48330
1.48440, 1.49160, 1.47110, 1.48510
1.48420, 1.49440, 1.46830, 1.47560
1.47860, 1.48880, 1.46480, 1.46760
1.46890, 1.48360, 1.46170, 1.47570
1.47540, 1.47950, 1.45550, 1.47720
1.47090, 1.48690, 1.46450, 1.48400
1.48330, 1.48910, 1.46830, 1.47490
1.47420, 1.49570, 1.47340, 1.48170
1.48330, 1.50240, 1.48140, 1.49520
1.49480, 1.52930, 1.49230, 1.51570
1.51700, 1.54740, 1.50980, 1.54620
1.53300, 1.54990, 1.53100, 1.53890
1.54250, 1.55010, 1.52590, 1.52720
1.52750, 1.56040, 1.52650, 1.55260
1.55440, 1.57280, 1.55210, 1.55270
1.55510, 1.58860, 1.55380, 1.58650
1.58870, 1.60780, 1.58360, 1.60320
1.60410, 1.61750, 1.58930, 1.60670
1.60550, 1.61840, 1.59250, 1.60490
1.59790, 1.60060, 1.57870, 1.58380
1.58320, 1.59400, 1.55220, 1.55950
1.55240, 1.57070, 1.54440, 1.55760
1.55200, 1.56010, 1.53670, 1.54830
1.54900, 1.56030, 1.52840, 1.53320
1.52870, 1.53420, 1.50680, 1.51600
1.51710, 1.52760, 1.51140, 1.52270
1.51940, 1.52870, 1.50270, 1.50450
1.50790, 1.52200, 1.49620, 1.50090
1.50180, 1.50420, 1.47490, 1.47970
1.47810, 1.48720, 1.47060, 1.48270
1.48410, 1.50690, 1.48300, 1.50580
1.50450, 1.52670, 1.49670, 1.51900
1.51720, 1.53940, 1.51660, 1.53660
1.54210, 1.56310, 1.53770, 1.54100
1.54400, 1.54960, 1.52740, 1.53640
1.53700, 1.55970, 1.53680, 1.55150
1.55380, 1.56370, 1.54930, 1.55710
1.55760, 1.58790, 1.55340, 1.58360
1.58650, 1.58760, 1.55660, 1.57000
1.56780, 1.57170, 1.54610, 1.54870
1.55080, 1.56260, 1.54460, 1.55180
1.55360, 1.55950, 1.54150, 1.54930
1.54840, 1.54950, 1.52870, 1.53010
1.52980, 1.53990, 1.51780, 1.53560
1.53460, 1.54100, 1.52460, 1.53160
1.53140, 1.54050, 1.52690, 1.53520
1.53590, 1.54540, 1.52630, 1.52920
1.52800, 1.53580, 1.52690, 1.53030
1.53210, 1.55980, 1.52970, 1.55420
1.55230, 1.56040, 1.54880, 1.55790
1.55790, 1.56720, 1.53200, 1.53270
1.52930, 1.53730, 1.51520, 1.53050
1.53110, 1.53250, 1.50850, 1.50890
1.50880, 1.51820, 1.49590, 1.51520
1.51310, 1.53080, 1.50070, 1.50770
1.50670, 1.53400, 1.50170, 1.53000
1.53100, 1.53500, 1.49270, 1.50530
1.50620, 1.50730, 1.46800, 1.46870
1.46670, 1.48780, 1.46250, 1.47350
1.47320, 1.48550, 1.45320, 1.45780
1.46040, 1.46240, 1.43760, 1.45170
1.45830, 1.46210, 1.44770, 1.45790
1.45790, 1.46180, 1.44190, 1.45800
1.45930, 1.47960, 1.44060, 1.47640
1.47780, 1.48240, 1.45080, 1.45950
1.46000, 1.48650, 1.45900, 1.48160
1.48220, 1.50700, 1.47770, 1.50480
1.50450, 1.52330, 1.49240, 1.50900
1.50990, 1.54170, 1.50950, 1.53130
1.53350, 1.56560, 1.53110, 1.55820
1.55640, 1.56870, 1.54110, 1.56690
1.56710, 1.58850, 1.55830, 1.58720
1.58190, 1.64780, 1.56670, 1.63770
1.65210, 1.66710, 1.62310, 1.64040
1.64130, 1.68720, 1.62740, 1.67310
1.66620, 1.67800, 1.63410, 1.66390
1.66470, 1.69150, 1.62660, 1.64150
1.64310, 1.67690, 1.61380, 1.66910
1.66360, 1.66760, 1.63280, 1.66390
1.66270, 1.68110, 1.64970, 1.65960
1.66140, 1.71910, 1.65790, 1.71640
1.71480, 1.73380, 1.68290, 1.68560
1.68810, 1.71440, 1.67980, 1.70070
1.70080, 1.74790, 1.69290, 1.72410
1.72510, 1.74490, 1.71960, 1.74030
1.73660, 1.73840, 1.69540, 1.70140
1.69800, 1.71800, 1.68740, 1.71650
1.70570, 1.71130, 1.68690, 1.70270
1.70590, 1.73290, 1.69540, 1.73190
1.73380, 1.74180, 1.69640, 1.69740
1.69880, 1.71060, 1.68070, 1.68440
1.69230, 1.69250, 1.66750, 1.67000
1.67310, 1.69310, 1.66410, 1.68590
1.68650, 1.69700, 1.68190, 1.68650
1.68550, 1.70970, 1.67570, 1.70630
1.70580, 1.72970, 1.69900, 1.71950
1.71950, 1.77210, 1.70510, 1.76860
1.77050, 1.80570, 1.75610, 1.79610
1.79520, 1.81880, 1.78940, 1.79560
1.79290, 1.83370, 1.78890, 1.81750
1.82150, 1.85520, 1.81700, 1.83080
1.83010, 1.86020, 1.82650, 1.85780
1.86340, 1.86930, 1.82250, 1.83440
1.83360, 1.85870, 1.82240, 1.83180
1.83370, 1.87470, 1.80110, 1.86940
1.87060, 1.91820, 1.85100, 1.89740
1.89480, 1.90080, 1.86870, 1.87720
1.87450, 1.87920, 1.81280, 1.83090
1.83260, 1.86070, 1.81150, 1.85400
1.85130, 1.86520, 1.84080, 1.85080
1.85350, 1.87800, 1.83920, 1.87400
1.87940, 1.88220, 1.83410, 1.84270
1.84620, 1.85970, 1.83020, 1.84290
1.84470, 1.84520, 1.81180, 1.81490
1.81180, 1.82120, 1.78700, 1.79860
1.79900, 1.80700, 1.78050, 1.78340
1.78450, 1.79500, 1.77320, 1.78020
1.78170, 1.80150, 1.77360, 1.79870
1.79980, 1.81540, 1.79280, 1.81010
1.81150, 1.82930, 1.80460, 1.81820
1.81740, 1.82390, 1.79580, 1.79990
1.80030, 1.80710, 1.78270, 1.79550
1.79550, 1.83290, 1.79480, 1.82310
1.82250, 1.82400, 1.79340, 1.79900
1.79990, 1.81390, 1.79600, 1.79930
1.79940, 1.80800, 1.78180, 1.80390
1.80480, 1.82030, 1.80310, 1.81210
1.81450, 1.81480, 1.80110, 1.80680
1.80730, 1.83690, 1.80490, 1.83200
1.83300, 1.83430, 1.81490, 1.82290
1.82420, 1.83600, 1.81470, 1.81810
1.81730, 1.82330, 1.79780, 1.80620
1.80600, 1.81820, 1.80250, 1.80560
1.80670, 1.81880, 1.79760, 1.80780
1.80750, 1.81410, 1.78730, 1.79030
1.79320, 1.79640, 1.77720, 1.77860
1.77970, 1.78640, 1.76940, 1.77720
1.77910, 1.78560, 1.73560, 1.74050
1.72690, 1.79950, 1.72100, 1.79940
1.80540, 1.84730, 1.78550, 1.82410
1.82530, 1.86260, 1.82300, 1.85270
1.85340, 1.86800, 1.82980, 1.83960
1.83900, 1.85090, 1.81950, 1.84970
1.84800, 1.85880, 1.81060, 1.83830
1.83830, 1.84400, 1.81830, 1.82770
1.82670, 1.83420, 1.80740, 1.81760
1.82310, 1.86480, 1.82250, 1.83750
1.83570, 1.84360, 1.78730, 1.79040
1.78670, 1.82680, 1.78570, 1.80470
1.80210, 1.85610, 1.79910, 1.83960
1.84630, 1.87890, 1.84060, 1.87140
1.87420, 1.91010, 1.87090, 1.90660
1.90600, 1.93040, 1.89380, 1.91820
1.91840, 1.92620, 1.90730, 1.91570
1.91560, 1.91820, 1.88930, 1.89390
1.88980, 1.90100, 1.84680, 1.84710
1.84740, 1.87810, 1.83730, 1.84090
1.84030, 1.89940, 1.83380, 1.89400
1.90420, 1.94960, 1.89160, 1.93750
1.94580, 1.96760, 1.91890, 1.95530
1.96090, 2.00300, 1.94190, 1.98430
1.98330, 1.99070, 1.95660, 1.96310
1.96170, 1.99470, 1.95860, 1.97570
1.97520, 1.98460, 1.93560, 1.94820
1.95030, 1.98520, 1.92470, 1.93020
1.93190, 1.94670, 1.91390, 1.92370
1.91940, 1.92330, 1.88270, 1.91910
1.92480, 1.96500, 1.91860, 1.95460
1.95460, 1.96440, 1.90310, 1.90500
1.90580, 1.94590, 1.90500, 1.92200
1.91090, 1.94520, 1.91000, 1.94100
1.94010, 1.95240, 1.90980, 1.92870
1.92870, 1.96630, 1.89760, 1.94550
1.94940, 1.97640, 1.92880, 1.95640
1.95680, 1.99090, 1.94160, 1.97710
1.97710, 2.00520, 1.97070, 1.99990
2.00170, 2.00630, 1.96010, 2.00340
2.00200, 2.01600, 1.98440, 2.01170
2.00610, 2.05460, 1.99660, 2.04230
2.04360, 2.06110, 2.02420, 2.05610
2.05900, 2.08090, 2.02830, 2.07110
2.07860, 2.09280, 2.05340, 2.08370
2.09070, 2.12470, 2.07790, 2.11650
2.11360, 2.13390, 2.08840, 2.12920
2.13210, 2.15240, 2.12280, 2.13840
2.13770, 2.14650, 2.08690, 2.08780
2.08920, 2.15240, 2.08880, 2.12070
2.12160, 2.15190, 2.10910, 2.14550
2.14660, 2.23820, 2.13960, 2.14630
2.15230, 2.20020, 2.15000, 2.19430
2.19250, 2.21050, 2.16710, 2.17520
2.17850, 2.18680, 2.13500, 2.15800
2.16030, 2.20050, 2.15510, 2.16010
2.16140, 2.18600, 2.13730, 2.15260
2.15350, 2.15670, 2.08490, 2.08910
2.09140, 2.13020, 2.07860, 2.12390
2.12740, 2.14820, 2.10910, 2.12160
2.12270, 2.16880, 2.10970, 2.16150
2.16820, 2.17060, 2.11240, 2.13630
2.14110, 2.15680, 2.12360, 2.13660
2.13860, 2.15100, 2.09650, 2.09860
2.09930, 2.11670, 2.07300, 2.08950
2.09020, 2.09550, 2.03370, 2.05860
2.05850, 2.11950, 2.05650, 2.11720
2.11350, 2.12130, 2.06870, 2.07560
2.07700, 2.08380, 2.04380, 2.05390
2.04670, 2.05630, 2.02460, 2.02510
2.02210, 2.09020, 2.01770, 2.08830
2.08350, 2.09760, 2.04760, 2.07770
2.08370, 2.08370, 2.02190, 2.03580
2.03610, 2.05300, 1.99920, 2.01030
2.01120, 2.05640, 2.01010, 2.05210
2.04930, 2.06590, 2.02720, 2.04060
2.03990, 2.04160, 1.98810, 2.01460
1.99580, 2.00310, 1.92590, 1.94600
1.94610, 1.96000, 1.90520, 1.91320
1.91980, 1.92440, 1.88810, 1.90150
1.90380, 1.91030, 1.86500, 1.90310
1.90360, 1.90840, 1.85850, 1.88230
1.87980, 1.90000, 1.84840, 1.85230
1.85350, 1.88860, 1.85050, 1.86990
1.86980, 1.88520, 1.83020, 1.83790
1.85210, 1.87060, 1.82950, 1.86740
1.87780, 1.92430, 1.86740, 1.92040
1.92070, 1.97230, 1.90200, 1.95780
1.95870, 1.98010, 1.95260, 1.97480
1.97780, 2.03490, 1.96560, 2.00720
2.00730, 2.05310, 1.99980, 2.03400
2.03460, 2.04330, 1.96910, 1.97040
1.96270, 1.98760, 1.92310, 1.93320
1.93350, 1.94420, 1.90320, 1.94060
1.94610, 1.97330, 1.80120, 1.82840
1.80830, 1.81880, 1.76950, 1.77030
1.78090, 1.78110, 1.70970, 1.71110
1.71100, 1.76320, 1.70410, 1.73940
1.73670, 1.77840, 1.73510, 1.75580
1.76120, 1.76760, 1.73650, 1.73940
1.74300, 1.76230, 1.70650, 1.71500
1.71660, 1.72200, 1.67720, 1.68820
1.68810, 1.72560, 1.67160, 1.71410
1.71680, 1.74130, 1.71350, 1.73590
1.73650, 1.76650, 1.72570, 1.75540
1.75670, 1.76100, 1.72620, 1.75980
1.75930, 1.77980, 1.73400, 1.73460
1.73780, 1.73800, 1.69390, 1.70020
1.70170, 1.70690, 1.68670, 1.69410
1.69410, 1.69410, 1.56064, 1.63783
1.63011, 1.63815, 1.59571, 1.59900
1.59408, 1.61078, 1.58797, 1.60671
1.60510, 1.61135, 1.57880, 1.60332
1.60400, 1.63805, 1.58964, 1.63036
1.62083, 1.67532, 1.58984, 1.66902
1.66471, 1.68533, 1.64026, 1.68267
1.68295, 1.69778, 1.66456, 1.67813
1.67682, 1.71544, 1.65462, 1.70820
1.70217, 1.71727, 1.68090, 1.68781
1.68845, 1.71413, 1.68100, 1.70895
1.71321, 1.71528, 1.69831, 1.71128
1.70889, 1.71465, 1.69333, 1.71272
1.71568, 1.72024, 1.67866, 1.68259
1.67803, 1.68082, 1.62003, 1.62508
1.60304, 1.64304, 1.60131, 1.63660
1.63695, 1.67668, 1.63529, 1.66175
1.66384, 1.67404, 1.62251, 1.62390
1.62484, 1.64839, 1.62010, 1.62578
1.62328, 1.63968, 1.61257, 1.61744
1.61680, 1.63604, 1.61469, 1.62432
1.62275, 1.62697, 1.59926, 1.61782
1.61861, 1.62353, 1.60153, 1.61207
1.61161, 1.61690, 1.59032, 1.60767
1.60840, 1.64263, 1.59595, 1.63537
1.63487, 1.65677, 1.61807, 1.64444
1.64225, 1.65833, 1.63820, 1.64849
1.65160, 1.67226, 1.64756, 1.65182
1.65302, 1.71107, 1.65066, 1.69682
1.69256, 1.73640, 1.68798, 1.72809
1.73018, 1.75345, 1.70674, 1.74856
1.75118, 1.76503, 1.73554, 1.74341
1.74219, 1.75736, 1.73351, 1.74755
1.74291, 1.74826, 1.71690, 1.71878
1.72056, 1.74913, 1.71385, 1.73110
1.73190, 1.73320, 1.67690, 1.69165
1.68733, 1.69592, 1.66838, 1.67629
1.67458, 1.68650, 1.66112, 1.67984
1.68301, 1.70422, 1.67057, 1.69337
1.69129, 1.71216, 1.68467, 1.69336
1.69386, 1.69843, 1.66196, 1.67374
1.67231, 1.67751, 1.62673, 1.64161
1.64276, 1.65269, 1.63013, 1.64425
1.64349, 1.67345, 1.64190, 1.64326
1.64615, 1.65657, 1.63887, 1.64776
1.64797, 1.65492, 1.61843, 1.62358
1.62172, 1.62745, 1.61605, 1.62282
1.63014, 1.63779, 1.61655, 1.62498
1.63013, 1.63953, 1.61669, 1.63792
1.63587, 1.70010, 1.63513, 1.69734
1.69409, 1.71662, 1.67847, 1.69408
1.69599, 1.71806, 1.69288, 1.70996
1.70628, 1.70992, 1.67800, 1.67998
1.68471, 1.70041, 1.67946, 1.68337
1.68639, 1.69169, 1.66836, 1.68681
1.68508, 1.72392, 1.68357, 1.70929
1.71041, 1.73664, 1.68947, 1.70871
1.70767, 1.72594, 1.70361, 1.72129
1.71920, 1.75652, 1.70777, 1.74633
1.74596, 1.75975, 1.74157, 1.75133
1.74796, 1.79080, 1.73618, 1.76971
1.76915, 1.79951, 1.74874, 1.78120
1.78085, 1.78440, 1.73541, 1.74295
1.74071, 1.75098, 1.72982, 1.73077
1.73217, 1.73306, 1.72132, 1.73049
1.72718, 1.74150, 1.72127, 1.72483
1.72329, 1.74312, 1.70972, 1.73355
1.73614, 1.73972, 1.72691, 1.73412
1.73527, 1.77175, 1.73357, 1.74547
1.74446, 1.78464, 1.73506, 1.78202
1.78169, 1.79971, 1.76100, 1.76867
1.76646, 1.78086, 1.75747, 1.77385
1.77138, 1.79107, 1.76041, 1.78155
1.78365, 1.79045, 1.76676, 1.77751
1.77636, 1.79050, 1.76343, 1.76464
1.76384, 1.80865, 1.75983, 1.80776
1.80733, 1.83916, 1.80539, 1.83563
1.83446, 1.85075, 1.82144, 1.82525
1.82244, 1.83692, 1.81771, 1.83492
1.83332, 1.84576, 1.82350, 1.83438
1.83310, 1.84760, 1.81717, 1.82539
1.82381, 1.84729, 1.81615, 1.81745
1.81683, 1.82940, 1.79344, 1.79362
1.79387, 1.82396, 1.79040, 1.79449
1.79478, 1.81082, 1.79142, 1.79292
1.78874, 1.79236, 1.75828, 1.76053
1.76090, 1.77225, 1.75174, 1.76320
1.76294, 1.77340, 1.73915, 1.76453
1.76481, 1.78517, 1.75326, 1.78380
1.78136, 1.79800, 1.77533, 1.78155
1.78042, 1.79575, 1.77359, 1.78260
1.77884, 1.79570, 1.77844, 1.78749
1.78997, 1.79406, 1.76658, 1.78279
1.78190, 1.78784, 1.75670, 1.76942
1.76700, 1.78038, 1.76590, 1.76926
1.77091, 1.78230, 1.75609, 1.75759
1.75775, 1.75862, 1.72822, 1.74972
1.75065, 1.76553, 1.74160, 1.74254
1.74135, 1.76929, 1.74101, 1.75325
1.75320, 1.80538, 1.75012, 1.80077
1.79418, 1.82221, 1.77790, 1.81798
1.81819, 1.83748, 1.81099, 1.82651
1.82575, 1.83993, 1.79346, 1.79441
1.79918, 1.82172, 1.79653, 1.80407
1.80354, 1.86084, 1.80101, 1.86021
1.85872, 1.87313, 1.84336, 1.84798
1.83899, 1.85634, 1.82362, 1.83443
1.83641, 1.84588, 1.80661, 1.80930
1.80765, 1.81563, 1.78614, 1.79964
1.81020, 1.81482, 1.79312, 1.79461
1.78819, 1.80649, 1.74735, 1.74824
1.75698, 1.78176, 1.75226, 1.77032
1.77301, 1.77565, 1.73901, 1.74300
1.72950, 1.77440, 1.72088, 1.76832
1.76719, 1.77228, 1.72905, 1.75376
1.75543, 1.79608, 1.75112, 1.79474
1.79555, 1.80486, 1.78603, 1.80332
1.80198, 1.87325, 1.78663, 1.78693
1.78744, 1.79432, 1.76118, 1.77853
1.78089, 1.81014, 1.76406, 1.79672
1.79584, 1.85216, 1.79153, 1.83794
1.83667, 1.84419, 1.79362, 1.80384
1.80274, 1.83441, 1.78675, 1.82582
1.82431, 1.82582, 1.79896, 1.80452
1.80805, 1.84488, 1.80333, 1.83060
1.83071, 1.87242, 1.81949, 1.86509
1.86247, 1.87734, 1.84321, 1.84693
1.84474, 1.88618, 1.83907, 1.87577
1.87605, 1.87843, 1.83374, 1.86526
1.86524, 1.87318, 1.82970, 1.83551
1.83090, 1.86101, 1.82736, 1.83356
1.83443, 1.84326, 1.82131, 1.82204
1.82150, 1.83274, 1.80966, 1.81383
1.81459, 1.84492, 1.81459, 1.83384
1.83389, 1.87694, 1.83009, 1.87547
1.87501, 1.88814, 1.85328, 1.85769
1.85731, 1.87162, 1.85043, 1.85126
1.85106, 1.86168, 1.82985, 1.83482
1.83494, 1.83845, 1.81697, 1.82118
1.82074, 1.82683, 1.81174, 1.81924
1.81756, 1.83853, 1.81620, 1.83181
1.82965, 1.84226, 1.82190, 1.84003
1.83961, 1.83961, 1.80555, 1.80763
1.80717, 1.81712, 1.78535, 1.79379
1.79442, 1.80406, 1.78911, 1.79070
1.79042, 1.79196, 1.76296, 1.77422
1.77295, 1.79845, 1.76695, 1.79141
1.79170, 1.79269, 1.75597, 1.78799
1.78562, 1.82050, 1.77093, 1.77150
1.77575, 1.79555, 1.77042, 1.79189
1.79167, 1.82042, 1.78000, 1.81796
1.81982, 1.83371, 1.80153, 1.80532
1.80608, 1.81112, 1.77920, 1.79313
1.79303, 1.81714, 1.78430, 1.81635
1.81798, 1.84965, 1.80528, 1.84328
1.84070, 1.84460, 1.81505, 1.81642
1.81815, 1.84286, 1.81360, 1.82259
1.82200, 1.86822, 1.80755, 1.86185
1.85982, 1.90930, 1.85180, 1.89259
1.88951, 1.89332, 1.87482, 1.88123
1.87850, 1.88561, 1.86479, 1.87071
1.86910, 1.87350, 1.85460, 1.86226
1.86476, 1.90220, 1.86420, 1.89089
1.89479, 1.90795, 1.88933, 1.89090
1.89237, 1.91523, 1.88923, 1.91084
1.90681, 1.92779, 1.88969, 1.91928
1.92226, 1.95149, 1.89455, 1.93784
1.93681, 1.95222, 1.88141, 1.88330
1.88544, 1.88647, 1.86516, 1.87254
1.87331, 1.89097, 1.86960, 1.88268
1.88452, 1.91561, 1.88020, 1.89282
1.88891, 1.90030, 1.87659, 1.89200
1.89087, 1.92237, 1.88520, 1.91470
1.91874, 1.97508, 1.91657, 1.97434
1.96977, 1.97212, 1.91636, 1.93009
1.93173, 1.94427, 1.92108, 1.94326
1.93878, 1.96236, 1.93066, 1.95490
1.96328, 1.98327, 1.95200, 1.96986
1.97658, 1.97790, 1.92897, 1.96344
1.98174, 2.07730, 1.96328, 1.98860
1.98459, 2.08526, 1.96691, 1.99867
2.01009, 2.03545, 1.95148, 2.02218
2.01988, 2.05945, 1.98653, 2.04586
2.03375, 2.04313, 1.95744, 1.95928
1.96093, 1.98979, 1.95128, 1.96519
1.96279, 1.97306, 1.93250, 1.93293
1.93646, 1.94968, 1.89769, 1.94533
1.94731, 1.95346, 1.89457, 1.90005
1.90040, 1.91267, 1.88481, 1.88593
1.88179, 1.88447, 1.85257, 1.86135
1.86243, 1.86670, 1.84525, 1.85211
1.84999, 1.85521, 1.80560, 1.81838
1.81953, 1.84522, 1.80979, 1.82633
1.82852, 1.84243, 1.79432, 1.80623
1.81037, 1.81316, 1.79150, 1.79776
1.79793, 1.80899, 1.78672, 1.79652
1.79855, 1.82003, 1.78827, 1.81617
1.81539, 1.81912, 1.79305, 1.79580
1.79536, 1.80674, 1.76934, 1.80022
1.80361, 1.83587, 1.79484, 1.83131
1.83329, 1.84055, 1.81373, 1.82268
1.82307, 1.83535, 1.81742, 1.82486
1.82648, 1.84105, 1.81247, 1.82787
1.82836, 1.83191, 1.80803, 1.81224
1.81238, 1.82868, 1.80678, 1.82195
1.81824, 1.82073, 1.74920, 1.75686
1.75481, 1.78376, 1.75368, 1.77243
1.77004, 1.81783, 1.76307, 1.81186
1.81458, 1.82814, 1.78445, 1.80534
1.80331, 1.81692, 1.79569, 1.80181
1.80177, 1.83306, 1.79634, 1.82366
1.82134, 1.85246, 1.81946, 1.82721
1.82739, 1.84920, 1.82152, 1.84224
1.83829, 1.84691, 1.80005, 1.81048
1.80722, 1.82655, 1.79350, 1.81498
1.81229, 1.82402, 1.79873, 1.81858
1.81923, 1.83157, 1.79809, 1.80082
1.80395, 1.82470, 1.80001, 1.80822
1.80322, 1.80837, 1.74243, 1.75458
1.76675, 1.79062, 1.76285, 1.77396
1.76708, 1.79257, 1.75890, 1.78259
1.78131, 1.78444, 1.76245, 1.77310
1.77167, 1.77909, 1.74143, 1.74510
1.74776, 1.76920, 1.74578, 1.76288
1.76223, 1.77447, 1.75823, 1.77286
1.77369, 1.79691, 1.76840, 1.79152
1.79703, 1.80217, 1.77892, 1.78848
1.78809, 1.79252, 1.77895, 1.78456
1.78354, 1.80225, 1.77812, 1.77862
1.77967, 1.81098, 1.76878, 1.80594
1.80616, 1.80826, 1.78073, 1.79983
1.79413, 1.81120, 1.79044, 1.79301
1.79365, 1.80224, 1.78123, 1.78947
1.79200, 1.81462, 1.78495, 1.80460
1.80434, 1.82638, 1.79780, 1.81639
1.81730, 1.82066, 1.79253, 1.79823
1.79813, 1.80866, 1.77389, 1.78930
1.78848, 1.80693, 1.78277, 1.79141
1.79081, 1.79995, 1.77806, 1.79090
1.78865, 1.80603, 1.78030, 1.78285
1.78199, 1.82344, 1.78186, 1.81099
1.81282, 1.83263, 1.81050, 1.83006
1.82968, 1.84218, 1.81670, 1.84039
1.83875, 1.84472, 1.82137, 1.82907
1.82858, 1.83485, 1.81934, 1.83192
1.82922, 1.85009, 1.82484, 1.84423
1.84360, 1.85222, 1.82596, 1.82786
1.83073, 1.84837, 1.82441, 1.83744
1.83687, 1.85860, 1.82543, 1.85523
1.85481, 1.86498, 1.84966, 1.86104
1.85887, 1.86927, 1.85542, 1.86650
1.86394, 1.89702, 1.86372, 1.89257
1.89296, 1.89469, 1.87552, 1.88618
1.88568, 1.89216, 1.87665, 1.88167
1.87923, 1.91529, 1.87793, 1.90735
1.90726, 1.90962, 1.88108, 1.88139
1.88142, 1.88864, 1.85275, 1.85988
1.85704, 1.88179, 1.85456, 1.88073
1.87912, 1.89322, 1.87590, 1.88925
1.89090, 1.89593, 1.87462, 1.88243
1.88194, 1.88857, 1.86040, 1.86460
1.86440, 1.87693, 1.85936, 1.86301
1.86229, 1.86682, 1.84143, 1.85206
1.85209, 1.86074, 1.83228, 1.84235
1.83997, 1.84359, 1.81839, 1.82036
1.82020, 1.84239, 1.81250, 1.82287
1.82274, 1.84273, 1.81710, 1.82899
1.82988, 1.85982, 1.82091, 1.85754
1.85945, 1.87634, 1.84708, 1.87080
1.86871, 1.89152, 1.85741, 1.88976
1.88950, 1.89163, 1.83855, 1.84909
1.84973, 1.86279, 1.84159, 1.85640
1.85596, 1.86446, 1.84756, 1.85467
1.85100, 1.86568, 1.85099, 1.86011
1.86156, 1.89785, 1.85861, 1.89212
1.89045, 1.89802, 1.87821, 1.89524
1.89330, 1.89908, 1.87589, 1.88806
1.88799, 1.92195, 1.87846, 1.91410
1.91420, 1.91773, 1.89260, 1.91085
1.91067, 1.91363, 1.88004, 1.89942
1.89939, 1.90558, 1.88334, 1.89294
1.89344, 1.89627, 1.85070, 1.85382
1.85533, 1.86267, 1.79316, 1.79431
1.79152, 1.80712, 1.77307, 1.78685
1.78758, 1.81747, 1.77508, 1.77726
1.77783, 1.78414, 1.75189, 1.75368
1.75381, 1.76189, 1.73948, 1.74882
1.74753, 1.75096, 1.71727, 1.74700
1.74547, 1.76640, 1.73980, 1.76594
1.76405, 1.77589, 1.74899, 1.77206
1.76910, 1.78858, 1.74577, 1.78104
1.77782, 1.78558, 1.71780, 1.74433
1.74360, 1.78466, 1.74281, 1.76614
1.76611, 1.78205, 1.76012, 1.77252
1.76831, 1.78027, 1.76057, 1.76389
1.76138, 1.76534, 1.72835, 1.73193
1.72917, 1.76291, 1.72706, 1.74750
1.74914, 1.76599, 1.73079, 1.76052
1.76390, 1.78135, 1.74962, 1.76745
1.76478, 1.78173, 1.75737, 1.77406
1.77449, 1.77973, 1.74367, 1.75557
1.75221, 1.76919, 1.74361, 1.74616
1.74710, 1.75669, 1.72069, 1.73315
1.73070, 1.74621, 1.72649, 1.74174
1.74096, 1.76514, 1.73160, 1.74674
1.74519, 1.74780, 1.70264, 1.70375
1.70342, 1.74327, 1.70067, 1.72004
1.71912, 1.72104, 1.69212, 1.70300
1.70417, 1.70506, 1.68718, 1.69073
1.69173, 1.71314, 1.68708, 1.69221
1.69973, 1.72141, 1.69404, 1.69997
1.69677, 1.71034, 1.66088, 1.66088
1.65557, 1.74597, 1.59133, 1.74255
1.74202, 1.77077, 1.72441, 1.74255
1.74111, 1.81064, 1.73944, 1.80128
1.80494, 1.81979, 1.76726, 1.76941
1.77854, 1.81248, 1.77491, 1.81082
1.80984, 1.81247, 1.74776, 1.75680
1.75882, 1.78191, 1.75588, 1.76358
1.75931, 1.78358, 1.74584, 1.78139
1.78172, 1.80000, 1.77779, 1.79243
1.79425, 1.80914, 1.77032, 1.80845
1.80533, 1.82604, 1.79880, 1.80336
1.80190, 1.82607, 1.79830, 1.81667
1.81021, 1.82747, 1.78833, 1.79388
1.79300, 1.79688, 1.76911, 1.77325
1.77377, 1.78483, 1.75032, 1.75836
1.75499, 1.76821, 1.74876, 1.75378
1.75023, 1.79596, 1.74712, 1.77883
1.77968, 1.78101, 1.73148, 1.74356
1.74306, 1.76257, 1.72211, 1.74068
1.74357, 1.75461, 1.72715, 1.74222
1.74227, 1.75506, 1.73750, 1.75010
1.74928, 1.77811, 1.73874, 1.77491
1.77435, 1.80286, 1.77131, 1.77918
1.77957, 1.82946, 1.77705, 1.82769
1.83024, 1.83188, 1.80772, 1.81713
1.81602, 1.84254, 1.81195, 1.84033
1.83657, 1.85348, 1.83657, 1.84392
1.84048, 1.86779, 1.82475, 1.86454
1.86296, 1.86993, 1.83951, 1.84988
1.85039, 1.86043, 1.83981, 1.85889
1.85641, 1.90344, 1.85562, 1.89953
1.89715, 1.90110, 1.86032, 1.87003
1.87019, 1.87728, 1.85860, 1.87388
1.87173, 1.88190, 1.86392, 1.87128
1.87158, 1.89756, 1.86605, 1.89441
1.89168, 1.91825, 1.88248, 1.88461
1.88165, 1.88680, 1.85698, 1.86527
1.86340, 1.86996, 1.84855, 1.86451
1.86009, 1.90947, 1.86009, 1.90434
1.90033, 1.92381, 1.89392, 1.90566
1.90411, 1.92793, 1.89673, 1.91861
1.91765, 1.93911, 1.90134, 1.91426
1.91362, 1.92711, 1.88499, 1.90939
1.90673, 1.93372, 1.89319, 1.93238
1.92839, 1.94694, 1.90755, 1.94058
1.93768, 1.95618, 1.93317, 1.95457
1.95216, 1.95216, 1.95216, 1.95216