2.50680, 2.51060, 2.43970, 2.46600
2.46430, 2.46890, 2.40920, 2.42370
2.42220, 2.45710, 2.41930, 2.45100
2.45060, 2.46790, 2.43900, 2.45690
2.45180, 2.45570, 2.41490, 2.41970
2.42190, 2.45620, 2.39660, 2.42300
2.42180, 2.43590, 2.39290, 2.41630
2.41590, 2.43180, 2.40620, 2.41290
2.41240, 2.42150, 2.35700, 2.36280
2.36330, 2.37310, 2.33540, 2.35090
2.35170, 2.37700, 2.30410, 2.31070
2.31130, 2.32090, 2.27980, 2.31950
2.32210, 2.34330, 2.30120, 2.32650
2.32730, 2.32880, 2.29450, 2.30040
2.30080, 2.31330, 2.26430, 2.26840
2.26950, 2.27720, 2.23200, 2.24650
2.24720, 2.27090, 2.24220, 2.26030
2.26160, 2.28380, 2.25130, 2.25550
2.25370, 2.25750, 2.22610, 2.23680
2.23900, 2.25780, 2.21540, 2.22130
2.21660, 2.23030, 2.19620, 2.21390
2.21460, 2.23820, 2.20660, 2.21760
2.21760, 2.23670, 2.19550, 2.22990
2.23090, 2.32660, 2.22150, 2.31420
2.31620, 2.37020, 2.31300, 2.34670
2.33920, 2.40640, 2.33890, 2.38600
2.38690, 2.39870, 2.35190, 2.36670
2.36600, 2.37130, 2.29770, 2.30510
2.30630, 2.32270, 2.29310, 2.30490
2.30420, 2.30850, 2.25760, 2.27720
2.27570, 2.31380, 2.25810, 2.29370
2.29310, 2.34520, 2.28490, 2.33930
2.33800, 2.35680, 2.31910, 2.34380
2.34140, 2.34850, 2.30730, 2.31020
2.31100, 2.33760, 2.30870, 2.33240
2.33130, 2.38420, 2.32670, 2.37690
2.37630, 2.38880, 2.36180, 2.36770
2.36930, 2.37190, 2.30930, 2.32320
2.32170, 2.32470, 2.30220, 2.31130
2.31320, 2.31320, 2.26750, 2.27830
2.27850, 2.29510, 2.26560, 2.28510
2.28490, 2.31720, 2.28120, 2.31670
2.31760, 2.36020, 2.30900, 2.35940
2.35720, 2.38710, 2.35460, 2.36360
2.36120, 2.40720, 2.35980, 2.40130
2.40150, 2.40750, 2.34450, 2.34820
2.34890, 2.35050, 2.32260, 2.34110
2.34160, 2.34410, 2.30350, 2.31320
2.31300, 2.31780, 2.28330, 2.28790
2.29300, 2.29970, 2.25530, 2.26270
2.26200, 2.29480, 2.26100, 2.26800
2.26870, 2.27570, 2.24770, 2.25070
2.24940, 2.26060, 2.23420, 2.25080
2.25080, 2.26610, 2.17890, 2.19570
2.19570, 2.19870, 2.11390, 2.11880
2.11910, 2.14560, 2.11400, 2.13840
2.13880, 2.14480, 2.10720, 2.11980
2.12030, 2.16980, 2.10990, 2.14980
2.15040, 2.17350, 2.14020, 2.16410
2.16410, 2.18140, 2.15740, 2.17240
2.17250, 2.19600, 2.16260, 2.17420
2.17510, 2.18480, 2.13810, 2.15970
2.15950, 2.19110, 2.12140, 2.18900
2.18870, 2.20160, 2.15870, 2.16710
2.16590, 2.16830, 2.12980, 2.13230
2.13240, 2.13320, 2.07610, 2.07780
2.07750, 2.09120, 2.04620, 2.05250
2.05160, 2.10440, 2.03920, 2.06810
2.06770, 2.10050, 2.04300, 2.09860
2.09850, 2.10240, 2.05580, 2.10070
2.09980, 2.10820, 2.07480, 2.08790
2.08880, 2.10030, 2.05800, 2.07110
2.07140, 2.08010, 2.06050, 2.07250
2.07250, 2.08690, 2.03340, 2.04220
2.04160, 2.04900, 2.00100, 2.00540
2.00430, 2.02800, 1.99410, 2.01410
2.01420, 2.03530, 1.99920, 2.03030
2.03230, 2.05630, 2.02580, 2.05470
2.05150, 2.07000, 2.01760, 2.02100
2.02090, 2.03580, 1.99490, 2.00170
2.00030, 2.06570, 1.99580, 2.06240
2.05970, 2.07420, 2.03710, 2.06090
2.06090, 2.07160, 2.03050, 2.03960
2.03960, 2.06850, 2.02800, 2.03070
2.03080, 2.04200, 2.01580, 2.01620
2.01530, 2.02020, 1.98940, 2.00950
2.00940, 2.01850, 1.99610, 2.00340
2.00340, 2.02150, 1.99460, 2.00440
2.00420, 2.00620, 1.97520, 1.99070
1.99070, 2.02120, 1.98220, 2.00200
2.00140, 2.03820, 1.99770, 2.03400
2.03400, 2.05020, 2.01890, 2.03360
2.03360, 2.05010, 2.01560, 2.02920
2.02910, 2.05660, 1.99460, 2.00270
2.00270, 2.02070, 1.99140, 2.01620
2.01630, 2.03750, 2.01090, 2.02620
2.02620, 2.04360, 2.00870, 2.03830
2.03830, 2.06320, 2.02150, 2.05420
2.05420, 2.10260, 2.04450, 2.10200
2.10200, 2.12280, 2.08580, 2.10020
2.10020, 2.11570, 2.05080, 2.05770
2.05690, 2.07420, 2.04760, 2.07190
2.07190, 2.08040, 2.03390, 2.03390
2.03390, 2.08150, 2.01830, 2.07650
2.07660, 2.08040, 2.02960, 2.04030
2.04020, 2.06480, 2.01600, 2.06170
2.06110, 2.06650, 2.03360, 2.06050
2.06050, 2.09670, 2.05850, 2.07370
2.07360, 2.11760, 2.04870, 2.11370
2.11370, 2.12270, 2.08880, 2.10860
2.10860, 2.15800, 2.09370, 2.15040
2.15060, 2.15060, 2.11610, 2.12600
2.12600, 2.14050, 2.10820, 2.11700
2.11380, 2.12640, 2.08650, 2.09270
2.09290, 2.11720, 2.09090, 2.10360
2.10360, 2.11150, 2.06950, 2.08990
2.08980, 2.11380, 2.08500, 2.10490
2.10250, 2.13400, 2.09410, 2.12280
2.12250, 2.12930, 2.07810, 2.09260
2.07900, 2.12860, 2.07900, 2.10360
2.10300, 2.11460, 2.09040, 2.11120
2.11140, 2.13690, 2.10680, 2.11910
2.11910, 2.13250, 2.10540, 2.12450
2.12470, 2.17040, 2.12080, 2.14600
2.14600, 2.16730, 2.14100, 2.16240
2.16230, 2.17480, 2.14600, 2.17200
2.17220, 2.19810, 2.16600, 2.19150
2.19110, 2.26910, 2.18930, 2.26750
2.26580, 2.27010, 2.24180, 2.24620
2.24620, 2.27770, 2.23710, 2.25970
2.25970, 2.27570, 2.24840, 2.26700
2.26710, 2.28550, 2.26530, 2.28150
2.28160, 2.30170, 2.26160, 2.26240
2.26310, 2.30110, 2.26030, 2.29220
2.35350, 2.35350, 2.28760, 2.31330
2.31330, 2.35650, 2.30570, 2.31100
2.30980, 2.33450, 2.30220, 2.32780
2.32750, 2.33800, 2.28420, 2.28630
2.28630, 2.29320, 2.26480, 2.26610
2.26610, 2.29320, 2.26010, 2.27660
2.27660, 2.30610, 2.27200, 2.28760
2.34120, 2.34120, 2.25890, 2.26470
2.26490, 2.28980, 2.25080, 2.28360
2.28460, 2.30140, 2.26520, 2.27630
2.27580, 2.29130, 2.25270, 2.27050
2.26590, 2.29120, 2.25890, 2.26220
2.26110, 2.27170, 2.24180, 2.25870
2.25670, 2.27800, 2.24660, 2.24950
2.25090, 2.25260, 2.22490, 2.22950
2.22700, 2.23320, 2.19370, 2.20640
2.20670, 2.21140, 2.19290, 2.19990
2.20020, 2.20630, 2.14890, 2.14920
2.15120, 2.15770, 2.13340, 2.14270
2.14090, 2.15240, 2.09860, 2.10250
2.10230, 2.12030, 2.08360, 2.08920
2.08880, 2.11370, 2.08460, 2.10960
2.10620, 2.14360, 2.10580, 2.13530
2.13610, 2.14530, 2.09880, 2.13970
2.13960, 2.14410, 2.10590, 2.10950
2.10930, 2.15470, 2.10180, 2.13060
2.13080, 2.15710, 2.12250, 2.15580
2.15570, 2.16500, 2.12860, 2.15290
2.15330, 2.17040, 2.13630, 2.15530
2.15630, 2.16340, 2.12510, 2.12950
2.13020, 2.15280, 2.09820, 2.09830
2.09820, 2.12000, 2.09330, 2.11850
2.11880, 2.14670, 2.11040, 2.12860
2.12880, 2.14300, 2.11000, 2.13980
2.13870, 2.14890, 2.06480, 2.06680
2.06680, 2.06940, 1.99860, 2.02070
2.02120, 2.03660, 2.01580, 2.03100
2.03040, 2.04280, 1.99870, 2.00180
2.00210, 2.01140, 1.97710, 1.97840
1.97840, 2.00160, 1.97180, 1.98310
1.98530, 1.99720, 1.96990, 1.97330
1.97570, 1.98210, 1.94200, 1.95180
1.95340, 1.98000, 1.90130, 1.97350
1.97270, 2.02040, 1.96530, 1.99890
2.00700, 2.04200, 1.98760, 2.03730
2.03330, 2.06800, 2.02730, 2.05240
2.05270, 2.09090, 2.03440, 2.03940
2.03880, 2.08590, 2.03830, 2.05090
2.05020, 2.05680, 1.96470, 1.96600
1.96650, 1.97010, 1.94030, 1.95900
1.95620, 1.98400, 1.93990, 1.97860
1.97800, 2.00100, 1.96590, 1.99300
1.99630, 2.03490, 1.98550, 2.00720
2.00880, 2.02460, 1.97860, 1.99770
1.99930, 2.00480, 1.94880, 1.95480
1.95480, 1.98050, 1.93500, 1.94280
1.94560, 1.97990, 1.93450, 1.97250
1.97550, 2.00010, 1.95480, 1.99150
1.99460, 1.99510, 1.93080, 1.96390
1.96030, 1.99930, 1.94910, 1.99390
1.99480, 2.02060, 1.98290, 1.99680
1.99490, 2.04010, 1.97990, 2.02710
2.03170, 2.06040, 2.01320, 2.03790
2.04060, 2.04860, 1.99800, 2.00960
2.01320, 2.02430, 1.99150, 2.01430
2.01840, 2.03470, 1.97110, 2.00550
2.00730, 2.02390, 1.98670, 2.01190
2.01260, 2.03010, 1.97990, 2.00910
2.01140, 2.01430, 1.95370, 1.96400
1.96200, 1.97680, 1.93600, 1.95490
1.95640, 1.96040, 1.92870, 1.95920
1.95790, 1.97040, 1.94360, 1.96860
1.96360, 2.00940, 1.95020, 2.00860
2.00560, 2.02440, 1.98460, 2.00420
2.00500, 2.02150, 1.98500, 2.00810
2.00790, 2.02060, 1.98900, 2.01570
2.01610, 2.04100, 2.00730, 2.01860
2.01850, 2.02080, 1.99210, 2.00650
2.00690, 2.01630, 1.99780, 2.00930
2.00800, 2.03190, 1.99960, 2.03040
2.03100, 2.04420, 2.01930, 2.02840
2.02760, 2.05620, 2.02290, 2.04880
2.04160, 2.05190, 1.97140, 1.97610
1.97500, 1.98580, 1.93490, 1.93960
1.94200, 1.94940, 1.91450, 1.93750
1.93120, 1.93120, 1.87020, 1.87430
1.88230, 1.90730, 1.86710, 1.90110
1.91530, 1.95430, 1.89390, 1.91660
1.91950, 1.93660, 1.89450, 1.90620
1.89720, 1.92160, 1.86610, 1.91780
1.91490, 2.04290, 1.90490, 1.99810
2.00260, 2.06820, 1.98200, 2.04310
2.04750, 2.06760, 1.94150, 2.03090
2.01940, 2.07200, 1.92970, 1.94800
1.94360, 1.95710, 1.82690, 1.85980
1.86240, 1.88000, 1.79040, 1.82140
1.81430, 1.92430, 1.81120, 1.88900
1.89140, 1.91250, 1.85300, 1.90380
1.90050, 1.90830, 1.82500, 1.86590
1.87320, 1.88520, 1.81930, 1.86450
1.86380, 1.90060, 1.78620, 1.81340
1.81570, 1.82170, 1.77400, 1.77850
1.78870, 1.80620, 1.74550, 1.75190
1.75340, 1.83770, 1.71690, 1.79610
1.79790, 1.85940, 1.76800, 1.83030
1.84390, 1.84770, 1.69020, 1.69740
1.69220, 1.78830, 1.67190, 1.78650
1.77790, 1.84000, 1.74120, 1.80170
1.80730, 1.83540, 1.76010, 1.77160
1.76320, 1.81170, 1.75890, 1.80620
1.80580, 1.82920, 1.77540, 1.82420
1.82420, 1.83280, 1.79890, 1.81180
1.80980, 1.81780, 1.75540, 1.77940
1.77610, 1.80240, 1.75830, 1.79370
1.79120, 1.80970, 1.76100, 1.77700
1.76540, 1.84060, 1.76300, 1.82370
1.82260, 1.84230, 1.78960, 1.79790
1.79370, 1.82290, 1.78720, 1.79450
1.79680, 1.82430, 1.77160, 1.77500
1.77700, 1.79510, 1.75380, 1.76730
1.76990, 1.78100, 1.74000, 1.75150
1.75160, 1.79100, 1.73810, 1.78650
1.78520, 1.80870, 1.77370, 1.78190
1.78390, 1.79480, 1.76120, 1.76490
1.76590, 1.81910, 1.76040, 1.78720
1.78730, 1.84800, 1.77570, 1.83850
1.83970, 1.87380, 1.83420, 1.87130
1.87380, 1.90770, 1.86600, 1.90330
1.90360, 1.93000, 1.87850, 1.89520
1.89580, 1.90120, 1.86510, 1.88600
1.88390, 1.88610, 1.81710, 1.81860
1.82210, 1.83190, 1.77350, 1.78460
1.78660, 1.80550, 1.77270, 1.80070
1.79990, 1.83180, 1.79510, 1.80360
1.80540, 1.81980, 1.78500, 1.81570
1.81490, 1.83030, 1.78120, 1.78430
1.78520, 1.78540, 1.76070, 1.77510
1.77540, 1.80880, 1.77120, 1.78300
1.78090, 1.80840, 1.75710, 1.79300
1.79690, 1.80700, 1.73560, 1.73880
1.73490, 1.76320, 1.73230, 1.73920
1.74140, 1.74510, 1.70550, 1.72130
1.72060, 1.72470, 1.65020, 1.65020
1.65260, 1.70200, 1.62360, 1.69530
1.69540, 1.75510, 1.68200, 1.71770
1.71390, 1.78750, 1.71050, 1.78390
1.77830, 1.78930, 1.74830, 1.78530
1.78580, 1.78930, 1.72650, 1.75300
1.75330, 1.78240, 1.74500, 1.76560
1.76550, 1.76590, 1.73780, 1.75090
1.75230, 1.75750, 1.72550, 1.74250
1.73930, 1.74190, 1.70590, 1.72270
1.72370, 1.73880, 1.71350, 1.72220
1.72150, 1.72490, 1.66910, 1.67540
1.67610, 1.70710, 1.65220, 1.70100
1.69480, 1.69990, 1.64000, 1.64950
1.64980, 1.68910, 1.64890, 1.67300
1.67290, 1.70900, 1.67200, 1.70400
1.70400, 1.72840, 1.69870, 1.71040
1.70810, 1.70880, 1.66890, 1.67510
1.66930, 1.67970, 1.64020, 1.64840
1.64850, 1.65050, 1.60580, 1.60620
1.60710, 1.63500, 1.60040, 1.60040
1.59810, 1.60040, 1.53880, 1.55520
1.55590, 1.56140, 1.52710, 1.54890
1.54410, 1.55540, 1.52090, 1.52610
1.52630, 1.54090, 1.51150, 1.52820
1.52960, 1.54540, 1.52340, 1.53670
1.54150, 1.55010, 1.51330, 1.53990
1.54910, 1.56370, 1.53570, 1.55420
1.54980, 1.56120, 1.52660, 1.53540
1.53850, 1.55650, 1.52670, 1.55370
1.55900, 1.58930, 1.52020, 1.54110
1.53930, 1.54360, 1.48320, 1.50450
1.49980, 1.54360, 1.48320, 1.53020
1.53380, 1.55240, 1.51690, 1.52430
1.51740, 1.55590, 1.51150, 1.53560
1.53060, 1.54110, 1.50060, 1.50190
1.50380, 1.53010, 1.50130, 1.51420
1.51370, 1.56700, 1.50030, 1.55760
1.55720, 1.62090, 1.55260, 1.61260
1.61350, 1.61690, 1.55390, 1.55650
1.55620, 1.61900, 1.54210, 1.61750
1.61350, 1.61830, 1.57940, 1.59670
1.59950, 1.62070, 1.59230, 1.61450
1.61600, 1.64520, 1.60360, 1.63750
1.63910, 1.64450, 1.61470, 1.62380
1.62490, 1.63860, 1.59630, 1.62660
1.62940, 1.64730, 1.62460, 1.63130
1.62910, 1.64200, 1.60420, 1.60470
1.60390, 1.62230, 1.58670, 1.59210
1.58730, 1.61840, 1.57940, 1.61410
1.61530, 1.62750, 1.59430, 1.61960
1.62020, 1.64180, 1.61230, 1.61240
1.60990, 1.62500, 1.60050, 1.61330
1.61120, 1.62180, 1.58380, 1.61510
1.61690, 1.62870, 1.60340, 1.60850
1.60740, 1.63740, 1.59670, 1.63430
1.63470, 1.63900, 1.61250, 1.61780
1.61980, 1.63500, 1.60070, 1.63010
1.63180, 1.63930, 1.61500, 1.62400
1.62400, 1.62920, 1.58740, 1.59120
1.58440, 1.60140, 1.56200, 1.58310
1.58100, 1.60250, 1.57500, 1.59360
1.59530, 1.60290, 1.55650, 1.57410
1.56980, 1.58300, 1.55100, 1.55460
1.55620, 1.55790, 1.53300, 1.55700
1.54610, 1.56420, 1.52870, 1.54350
1.54100, 1.58200, 1.53670, 1.57130
1.56710, 1.59910, 1.56470, 1.58750
1.58910, 1.59290, 1.56760, 1.58700
1.58670, 1.61200, 1.58120, 1.58940
1.59010, 1.60730, 1.57820, 1.58020
1.58100, 1.60480, 1.57600, 1.60280
1.60190, 1.61760, 1.57290, 1.57480
1.57600, 1.59240, 1.57070, 1.58270
1.58330, 1.58580, 1.55690, 1.56420
1.56560, 1.60000, 1.55860, 1.59700
1.59910, 1.60820, 1.56610, 1.57380
1.56860, 1.57250, 1.54250, 1.55140
1.55240, 1.57350, 1.55130, 1.56440
1.56450, 1.57970, 1.55330, 1.56460
1.56370, 1.57880, 1.55240, 1.57500
1.57330, 1.58880, 1.56350, 1.57850
1.58040, 1.59520, 1.56560, 1.58150
1.58080, 1.58330, 1.56070, 1.56720
1.57040, 1.58730, 1.56150, 1.57990
1.58030, 1.61320, 1.57000, 1.61040
1.61330, 1.61400, 1.58670, 1.60450
1.60580, 1.61240, 1.57950, 1.58930
1.58880, 1.60170, 1.57390, 1.58470
1.58670, 1.59310, 1.55510, 1.57670
1.57530, 1.58150, 1.53910, 1.53980
1.54050, 1.55240, 1.52560, 1.54270
1.53950, 1.55260, 1.52820, 1.53800
1.53750, 1.55110, 1.52470, 1.54460
1.54930, 1.57460, 1.53790, 1.56860
1.56630, 1.61290, 1.55420, 1.60910
1.61630, 1.63610, 1.58800, 1.60610
1.60650, 1.63860, 1.60280, 1.62990
1.63100, 1.63560, 1.60150, 1.60580
1.60220, 1.60670, 1.57410, 1.59730
1.59370, 1.59960, 1.56700, 1.58270
1.57890, 1.59130, 1.54280, 1.54400
1.54310, 1.59650, 1.54110, 1.58760
1.59140, 1.63680, 1.58760, 1.63600
1.63120, 1.63890, 1.58990, 1.61710
1.61650, 1.61740, 1.59580, 1.59710
1.60060, 1.61570, 1.58750, 1.60500
1.60870, 1.63180, 1.58930, 1.59890
1.59860, 1.63460, 1.59350, 1.63260
1.63320, 1.63530, 1.61890, 1.62220
1.62190, 1.63210, 1.60590, 1.62380
1.62200, 1.63040, 1.61490, 1.61590
1.61520, 1.61830, 1.58160, 1.58960
1.58830, 1.60800, 1.57230, 1.59300
1.59490, 1.61480, 1.59050, 1.61340
1.61130, 1.61690, 1.58750, 1.59040
1.59240, 1.60210, 1.56970, 1.58750
1.58250, 1.58730, 1.57290, 1.58590
1.58490, 1.59100, 1.55640, 1.56680
1.56520, 1.57880, 1.55420, 1.57780
1.57720, 1.58110, 1.56590, 1.57510
1.57480, 1.58690, 1.56870, 1.57020
1.57180, 1.58400, 1.56690, 1.57750
1.57880, 1.58040, 1.55890, 1.57800
1.57310, 1.58930, 1.56310, 1.58640
1.58650, 1.59410, 1.56350, 1.56580
1.56670, 1.58010, 1.54910, 1.55230
1.55280, 1.57380, 1.54630, 1.57050
1.56990, 1.58990, 1.56650, 1.58310
1.58440, 1.59950, 1.57790, 1.59860
1.59570, 1.60310, 1.56880, 1.58240
1.58490, 1.59780, 1.57720, 1.58350
1.58390, 1.60220, 1.57200, 1.59900
1.59940, 1.60640, 1.58380, 1.59440
1.59610, 1.60860, 1.58980, 1.60810
1.60650, 1.62030, 1.60130, 1.60750
1.60680, 1.61720, 1.60010, 1.61660
1.61490, 1.61780, 1.60270, 1.61240
1.61040, 1.61090, 1.58640, 1.59910
1.59640, 1.60460, 1.58720, 1.58800
1.58550, 1.60720, 1.58400, 1.60410
1.60260, 1.60810, 1.59470, 1.59610
1.59890, 1.60620, 1.59300, 1.59620
1.59500, 1.60020, 1.57130, 1.57790
1.57970, 1.58830, 1.56830, 1.57920
1.57820, 1.58870, 1.57520, 1.58130
1.58410, 1.58690, 1.56930, 1.57930
1.57990, 1.58090, 1.55340, 1.56570
1.56350, 1.56640, 1.54780, 1.55450
1.55400, 1.56050, 1.54650, 1.55220
1.55290, 1.57790, 1.54930, 1.56850
1.56990, 1.57330, 1.55630, 1.56370
1.56830, 1.57940, 1.56170, 1.56640
1.56550, 1.57730, 1.55630, 1.57550
1.57370, 1.58870, 1.57260, 1.58410
1.58510, 1.59890, 1.58320, 1.59040
1.58870, 1.59220, 1.57790, 1.57870
1.57700, 1.57880, 1.56140, 1.57390
1.57360, 1.59460, 1.56890, 1.58960
1.59230, 1.60810, 1.57950, 1.60530
1.60710, 1.61800, 1.59180, 1.59520
1.59400, 1.60020, 1.58150, 1.59190
1.58870, 1.59420, 1.58450, 1.58950
1.58920, 1.59270, 1.58340, 1.59050
1.59080, 1.59520, 1.58680, 1.59150
1.59040, 1.60530, 1.58100, 1.58440
1.58240, 1.59520, 1.58060, 1.59350
1.59390, 1.61150, 1.59260, 1.60530
1.60410, 1.61200, 1.59620, 1.60840
1.61100, 1.62120, 1.57960, 1.58540
1.58500, 1.59270, 1.57690, 1.58720
1.58680, 1.58920, 1.57160, 1.57270
1.56990, 1.59640, 1.56610, 1.58780
1.58560, 1.59040, 1.56290, 1.56310
1.56330, 1.58790, 1.55660, 1.58130
1.58190, 1.58830, 1.54900, 1.56120
1.56130, 1.56860, 1.54110, 1.54860
1.54090, 1.56510, 1.54050, 1.54260
1.54520, 1.55950, 1.52440, 1.53380
1.53410, 1.54850, 1.52410, 1.54010
1.54640, 1.56000, 1.54100, 1.55760
1.55840, 1.56020, 1.53290, 1.54450
1.54500, 1.56810, 1.52650, 1.56010
1.55650, 1.56300, 1.55020, 1.55450
1.55610, 1.57490, 1.55450, 1.56300
1.56170, 1.58230, 1.55940, 1.57200
1.57400, 1.57730, 1.56170, 1.56870
1.56770, 1.57150, 1.54840, 1.54950
1.55350, 1.56790, 1.54340, 1.55840
1.56150, 1.56660, 1.54970, 1.55900
1.55970, 1.57640, 1.55730, 1.57580
1.57740, 1.60570, 1.57340, 1.58550
1.58580, 1.60410, 1.57830, 1.59620
1.59980, 1.61870, 1.58740, 1.61150
1.61150, 1.62700, 1.59230, 1.59930
1.60020, 1.61160, 1.56920, 1.57420
1.57420, 1.58130, 1.56040, 1.56930
1.56970, 1.58720, 1.56520, 1.58080
1.58240, 1.59210, 1.57230, 1.58030
1.58130, 1.59070, 1.55710, 1.58750
1.58830, 1.61820, 1.58470, 1.59500
1.59470, 1.61910, 1.59190, 1.61520
1.61520, 1.65110, 1.61230, 1.63380
1.63550, 1.64070, 1.61680, 1.63250
1.63540, 1.64460, 1.62130, 1.62660
1.62620, 1.64420, 1.62030, 1.64290
1.64490, 1.65220, 1.63330, 1.64910
1.64950, 1.66440, 1.63890, 1.66240
1.66500, 1.68090, 1.64700, 1.64820
1.64900, 1.66980, 1.64790, 1.65090
1.65570, 1.66890, 1.64410, 1.66320
1.66360, 1.69620, 1.65900, 1.68930
1.68930, 1.69260, 1.65840, 1.65840
1.65880, 1.68420, 1.65750, 1.67790
1.67730, 1.69220, 1.66300, 1.68170
1.68240, 1.71190, 1.67620, 1.70610
1.70800, 1.73920, 1.69840, 1.73690
1.73860, 1.75430, 1.73230, 1.73860
1.73980, 1.75050, 1.72360, 1.72460
1.72640, 1.75680, 1.71900, 1.73760
1.73800, 1.76680, 1.72920, 1.76410
1.76370, 1.76770, 1.73770, 1.74570
1.74420, 1.80320, 1.73520, 1.79610
1.79700, 1.80480, 1.77640, 1.80010
1.80020, 1.85530, 1.79370, 1.82670
1.82630, 1.85580, 1.82220, 1.82950
1.82570, 1.82900, 1.79530, 1.81020
1.81020, 1.84050, 1.80330, 1.83950
1.84170, 1.86650, 1.81810, 1.84650
1.84780, 1.86480, 1.83640, 1.85220
1.85140, 1.85850, 1.83120, 1.85250
1.85360, 1.86110, 1.83570, 1.84820
1.84640, 1.86470, 1.82760, 1.84970
1.84930, 1.85580, 1.82760, 1.83960
1.84180, 1.84530, 1.81610, 1.81920
1.81950, 1.83780, 1.81710, 1.83650
1.83610, 1.85330, 1.83000, 1.85050
1.85110, 1.85720, 1.84800, 1.85370
1.85480, 1.85840, 1.83920, 1.85150
1.85370, 1.85650, 1.82320, 1.83570
1.83590, 1.84270, 1.81680, 1.82610
1.82610, 1.84700, 1.82380, 1.82930
1.83010, 1.83110, 1.80950, 1.81690
1.81760, 1.84090, 1.81520, 1.83590
1.83590, 1.84460, 1.82190, 1.84090
1.84240, 1.84710, 1.82810, 1.82990
1.83040, 1.83080, 1.81400, 1.81630
1.81680, 1.83120, 1.81520, 1.82720
1.82720, 1.83780, 1.81890, 1.83760
1.83780, 1.85000, 1.82760, 1.83340
1.83390, 1.83640, 1.82100, 1.83600
1.83630, 1.84540, 1.83120, 1.83730
1.83620, 1.85150, 1.83280, 1.84050
1.84010, 1.84240, 1.81250, 1.81900
1.81990, 1.82560, 1.81190, 1.81350
1.81500, 1.82170, 1.79460, 1.80510
1.80420, 1.80810, 1.76940, 1.77640
1.75990, 1.80390, 1.75320, 1.80360
1.80340, 1.81150, 1.78120, 1.78460
1.78750, 1.81980, 1.78450, 1.81170
1.81000, 1.81890, 1.79390, 1.79490
1.79580, 1.80550, 1.78670, 1.79910
1.79810, 1.81660, 1.78620, 1.81460
1.81730, 1.82560, 1.79350, 1.80760
1.80750, 1.81430, 1.78530, 1.80120
1.80140, 1.82840, 1.79380, 1.79790
1.79810, 1.80730, 1.76610, 1.76870
1.76960, 1.78010, 1.75360, 1.75810
1.75650, 1.79290, 1.75630, 1.78680
1.78820, 1.79420, 1.77780, 1.78150
1.78090, 1.82240, 1.77930, 1.81990
1.82210, 1.83950, 1.80890, 1.81280
1.81330, 1.81930, 1.79960, 1.80860
1.80820, 1.81200, 1.79840, 1.80580
1.79660, 1.80660, 1.77600, 1.79730
1.79890, 1.82750, 1.79190, 1.81500
1.81270, 1.87950, 1.80080, 1.86220
1.86730, 1.92720, 1.86500, 1.91580
1.91690, 1.92460, 1.87590, 1.90850
1.90840, 1.93580, 1.89140, 1.91640
1.91940, 1.93810, 1.89830, 1.93040
1.92900, 1.95520, 1.91850, 1.92940
1.92830, 1.93190, 1.88990, 1.89760
1.89760, 1.91390, 1.87890, 1.88510
1.88520, 1.89610, 1.86630, 1.87700
1.87800, 1.88290, 1.84740, 1.87570
1.87620, 1.89130, 1.85320, 1.86310
1.86310, 1.87190, 1.83880, 1.83880
1.83840, 1.85740, 1.81440, 1.83110
1.82650, 1.85050, 1.81600, 1.85010
1.85010, 1.86490, 1.83340, 1.84080
1.84080, 1.87870, 1.82230, 1.86490
1.86610, 1.89900, 1.86500, 1.88890
1.88950, 1.91820, 1.88330, 1.90200
1.90120, 1.91820, 1.89510, 1.90310
1.90230, 1.92160, 1.89520, 1.89810
1.89860, 1.91830, 1.88430, 1.91520
1.91480, 1.95230, 1.91270, 1.94790
1.94610, 1.95050, 1.93330, 1.93910
1.93710, 1.97190, 1.93160, 1.95650
1.95740, 1.97830, 1.94790, 1.96280
1.96810, 2.03210, 1.96730, 2.02450
2.02420, 2.03860, 2.00870, 2.02340
2.02230, 2.04520, 2.01230, 2.04440
2.04580, 2.06260, 2.02040, 2.03480
2.03230, 2.04970, 2.02290, 2.04850
2.04940, 2.07030, 2.03560, 2.06990
2.06670, 2.09700, 2.02820, 2.03150
2.03610, 2.05250, 2.00260, 2.01380
2.01230, 2.05130, 2.01060, 2.04570
2.04540, 2.05570, 2.02570, 2.05290
2.05370, 2.05560, 2.01680, 2.02340
2.02620, 2.03950, 1.99510, 1.99660
1.99760, 2.00260, 1.97730, 1.98250
1.98430, 2.00820, 1.97290, 1.99410
1.99260, 2.03300, 1.99200, 2.01600
2.01560, 2.03210, 2.00590, 2.01610
2.02000, 2.03020, 1.98950, 2.00130
2.00200, 2.03030, 1.99830, 2.02940
2.02630, 2.03580, 2.01960, 2.02760
2.02520, 2.03380, 2.00090, 2.00980
2.00900, 2.02800, 1.98470, 2.01820
2.02010, 2.09490, 2.01820, 2.09370
2.08930, 2.09150, 2.05980, 2.07800
2.07610, 2.08590, 2.05700, 2.06770
2.06260, 2.07270, 2.04560, 2.05730
2.03570, 2.06720, 2.03570, 2.05750
2.05770, 2.09190, 2.04350, 2.07180
2.08140, 2.08190, 2.01410, 2.01440
2.01760, 2.03690, 1.98680, 1.98960
1.99040, 2.03100, 1.98800, 2.01750
2.01420, 2.02850, 1.98850, 2.00810
2.00880, 2.01290, 1.95000, 1.98290
1.96640, 1.97180, 1.87280, 1.87440
1.87400, 1.90740, 1.86700, 1.89440
1.89590, 1.91590, 1.87480, 1.90070
1.90180, 1.90700, 1.85060, 1.88280
1.88310, 1.88850, 1.85030, 1.87560
1.87500, 1.88480, 1.84710, 1.85110
1.85240, 1.87340, 1.82820, 1.83450
1.83250, 1.84990, 1.81080, 1.82000
1.83700, 1.84050, 1.81040, 1.82420
1.83080, 1.85010, 1.82350, 1.83340
1.83220, 1.87160, 1.82910, 1.86200
1.86620, 1.87440, 1.84760, 1.85750
1.85720, 1.92040, 1.85120, 1.90120
1.90230, 1.92980, 1.89840, 1.90400
1.90260, 1.91670, 1.87480, 1.87800
1.87370, 1.87950, 1.81170, 1.82190
1.82410, 1.85140, 1.80290, 1.85090
1.85870, 1.91260, 1.72480, 1.77560
1.75030, 1.75890, 1.70890, 1.71360
1.71310, 1.71570, 1.66900, 1.68870
1.68850, 1.74200, 1.68240, 1.70910
1.70870, 1.74510, 1.70240, 1.72110
1.72560, 1.74430, 1.72200, 1.72460
1.72510, 1.75410, 1.70410, 1.72140
1.72340, 1.72500, 1.67080, 1.67330
1.67150, 1.68780, 1.66020, 1.68190
1.68260, 1.71530, 1.68210, 1.70750
1.70600, 1.74510, 1.69950, 1.72620
1.72780, 1.73100, 1.71290, 1.73100
1.73080, 1.75210, 1.71680, 1.71720
1.71880, 1.72370, 1.68870, 1.70680
1.70620, 1.72330, 1.69720, 1.70330
1.70330, 1.70330, 1.56575, 1.65235
1.64275, 1.64950, 1.59893, 1.60059
1.59590, 1.63253, 1.59377, 1.63015
1.62793, 1.63972, 1.61244, 1.63188
1.63386, 1.68522, 1.62677, 1.67692
1.66104, 1.71187, 1.63955, 1.70566
1.69670, 1.70413, 1.66325, 1.66754
1.66565, 1.68885, 1.65677, 1.68714
1.68423, 1.69801, 1.66138, 1.69132
1.68465, 1.69844, 1.65333, 1.65647
1.65223, 1.67704, 1.64939, 1.66472
1.66445, 1.66918, 1.64855, 1.66205
1.65316, 1.66884, 1.64761, 1.65722
1.65881, 1.65970, 1.62309, 1.62534
1.62180, 1.62517, 1.59457, 1.59903
1.57546, 1.64874, 1.57349, 1.64689
1.64778, 1.66273, 1.64074, 1.64992
1.65272, 1.65595, 1.62198, 1.62534
1.62517, 1.65183, 1.62156, 1.63308
1.63179, 1.64164, 1.62074, 1.62379
1.62502, 1.64700, 1.62422, 1.63183
1.63297, 1.65124, 1.62367, 1.64358
1.64340, 1.64844, 1.63140, 1.63756
1.63675, 1.65469, 1.62901, 1.65350
1.65293, 1.67307, 1.64765, 1.66814
1.66830, 1.68886, 1.65361, 1.67104
1.66933, 1.68003, 1.65506, 1.65801
1.65811, 1.66953, 1.65148, 1.66814
1.66779, 1.73398, 1.66619, 1.72773
1.72857, 1.77165, 1.71686, 1.76719
1.76614, 1.78527, 1.75762, 1.77115
1.77222, 1.78159, 1.76021, 1.76620
1.76438, 1.78190, 1.75285, 1.76034
1.75540, 1.76018, 1.71928, 1.72123
1.72153, 1.74492, 1.71722, 1.73722
1.73510, 1.75341, 1.70775, 1.71508
1.71034, 1.71689, 1.67847, 1.68715
1.68596, 1.69628, 1.67218, 1.68695
1.68822, 1.69752, 1.67648, 1.68807
1.68593, 1.69060, 1.65639, 1.65849
1.65851, 1.66920, 1.63527, 1.65706
1.65548, 1.66111, 1.62372, 1.62945
1.62888, 1.64421, 1.62686, 1.63276
1.63346, 1.67246, 1.63223, 1.64875
1.64969, 1.65627, 1.64096, 1.64914
1.64745, 1.65170, 1.61330, 1.61967
1.61664, 1.62521, 1.60050, 1.60678
1.61214, 1.63544, 1.60277, 1.60549
1.60947, 1.62044, 1.58319, 1.60292
1.60251, 1.65761, 1.59345, 1.65673
1.65237, 1.67587, 1.64793, 1.66462
1.66314, 1.67959, 1.65281, 1.66959
1.66966, 1.67157, 1.63501, 1.63718
1.64059, 1.66505, 1.63611, 1.65582
1.65836, 1.66860, 1.63826, 1.66488
1.66345, 1.69998, 1.66075, 1.68103
1.68282, 1.71626, 1.66475, 1.66844
1.66882, 1.68347, 1.66236, 1.67325
1.66983, 1.69280, 1.65887, 1.68671
1.68703, 1.70088, 1.68425, 1.69439
1.69229, 1.74652, 1.69157, 1.70888
1.70770, 1.73805, 1.69146, 1.71890
1.71934, 1.72955, 1.70056, 1.71393
1.71261, 1.72744, 1.69769, 1.69858
1.70003, 1.70045, 1.68685, 1.69988
1.69514, 1.70302, 1.67584, 1.68345
1.68224, 1.71796, 1.67772, 1.71012
1.71029, 1.73396, 1.70574, 1.73058
1.73304, 1.76375, 1.73015, 1.74381
1.74053, 1.75580, 1.73015, 1.75425
1.75302, 1.76624, 1.73569, 1.73884
1.73805, 1.76350, 1.73739, 1.76207
1.75974, 1.77811, 1.75469, 1.76370
1.76734, 1.78036, 1.76161, 1.77756
1.77563, 1.80484, 1.77323, 1.77390
1.77485, 1.82914, 1.77405, 1.82611
1.82505, 1.84149, 1.81392, 1.82183
1.82164, 1.83810, 1.80540, 1.80803
1.80790, 1.81789, 1.78448, 1.80048
1.79771, 1.80935, 1.78083, 1.79600
1.79431, 1.80566, 1.77437, 1.78681
1.78479, 1.79830, 1.76630, 1.76741
1.76731, 1.77084, 1.73691, 1.73755
1.73828, 1.75665, 1.72226, 1.73211
1.73074, 1.74044, 1.72180, 1.73503
1.73279, 1.73660, 1.71124, 1.72412
1.72558, 1.73315, 1.70540, 1.72914
1.72774, 1.74799, 1.72007, 1.73276
1.74306, 1.75483, 1.73070, 1.75309
1.74857, 1.77728, 1.74225, 1.75890
1.75808, 1.76895, 1.73139, 1.73421
1.73284, 1.74420, 1.72859, 1.73889
1.74177, 1.74779, 1.72931, 1.74083
1.74039, 1.74683, 1.71668, 1.72515
1.72269, 1.73163, 1.70733, 1.71051
1.71101, 1.71739, 1.68656, 1.68898
1.68950, 1.69252, 1.66345, 1.67719
1.67698, 1.68057, 1.65947, 1.66500
1.66385, 1.68504, 1.66316, 1.67330
1.67125, 1.69857, 1.65950, 1.68936
1.68852, 1.71200, 1.67945, 1.69996
1.70076, 1.71884, 1.69198, 1.70290
1.70278, 1.71756, 1.68615, 1.68904
1.69000, 1.72028, 1.68160, 1.68166
1.67539, 1.69876, 1.65960, 1.69723
1.69803, 1.72847, 1.69246, 1.71239
1.70347, 1.71892, 1.69639, 1.71140
1.71107, 1.71342, 1.67195, 1.68018
1.67951, 1.70558, 1.66395, 1.69905
1.70435, 1.72560, 1.69802, 1.71381
1.70503, 1.72842, 1.67838, 1.68546
1.68918, 1.70936, 1.68508, 1.69550
1.69521, 1.70637, 1.68677, 1.69319
1.68797, 1.71759, 1.67208, 1.69573
1.69363, 1.69718, 1.67005, 1.68422
1.68579, 1.72108, 1.68169, 1.71719
1.71836, 1.73453, 1.71364, 1.73100
1.73077, 1.74957, 1.69277, 1.70074
1.70180, 1.70667, 1.67565, 1.70280
1.70377, 1.72729, 1.68356, 1.70744
1.70776, 1.75279, 1.70463, 1.74427
1.74234, 1.74967, 1.70826, 1.71309
1.71070, 1.72733, 1.69702, 1.71815
1.71704, 1.71922, 1.69721, 1.70676
1.70913, 1.72949, 1.70557, 1.71430
1.71670, 1.75802, 1.71387, 1.75590
1.75831, 1.77226, 1.74219, 1.74597
1.74175, 1.77941, 1.73887, 1.77196
1.77273, 1.77459, 1.74192, 1.77293
1.77307, 1.77893, 1.73418, 1.73911
1.73970, 1.76151, 1.73271, 1.74397
1.74470, 1.75200, 1.73366, 1.74151
1.74140, 1.75491, 1.73139, 1.73835
1.73875, 1.75071, 1.73164, 1.73763
1.73738, 1.76890, 1.73702, 1.76803
1.76756, 1.77278, 1.74269, 1.74421
1.74419, 1.75189, 1.71001, 1.71211
1.71212, 1.71807, 1.69023, 1.70846
1.70957, 1.71352, 1.69819, 1.70719
1.70696, 1.71131, 1.68937, 1.68992
1.68941, 1.69629, 1.67942, 1.68820
1.68806, 1.69039, 1.66741, 1.68513
1.68481, 1.68576, 1.65747, 1.66174
1.66174, 1.66415, 1.63662, 1.63806
1.63801, 1.64259, 1.63167, 1.63818
1.63804, 1.64102, 1.61453, 1.63200
1.63050, 1.64421, 1.62562, 1.63012
1.62932, 1.63052, 1.59594, 1.60526
1.60323, 1.62291, 1.58735, 1.58843
1.59029, 1.61942, 1.58811, 1.61164
1.61270, 1.63571, 1.60445, 1.63152
1.63117, 1.63489, 1.61340, 1.61874
1.61826, 1.63336, 1.59567, 1.61729
1.61607, 1.66091, 1.61051, 1.66022
1.64993, 1.66908, 1.64156, 1.65415
1.65323, 1.65792, 1.62592, 1.62652
1.62748, 1.65535, 1.61917, 1.64195
1.64072, 1.68206, 1.62326, 1.66936
1.66712, 1.70940, 1.65361, 1.70367
1.70068, 1.70639, 1.67293, 1.67589
1.67404, 1.70815, 1.67250, 1.69963
1.69821, 1.70065, 1.68498, 1.68959
1.69026, 1.70952, 1.69015, 1.70579
1.70815, 1.72700, 1.70377, 1.70669
1.70870, 1.72135, 1.70231, 1.71742
1.71354, 1.74282, 1.71293, 1.74014
1.74073, 1.77907, 1.72097, 1.75493
1.75727, 1.76519, 1.70558, 1.70927
1.70906, 1.71652, 1.69831, 1.71140
1.71089, 1.72222, 1.69631, 1.70039
1.69871, 1.71264, 1.69623, 1.70465
1.70080, 1.71073, 1.69184, 1.69949
1.69767, 1.73059, 1.69406, 1.71821
1.71951, 1.74797, 1.71019, 1.74764
1.74340, 1.74587, 1.71362, 1.71414
1.71389, 1.73239, 1.71132, 1.72869
1.72796, 1.73061, 1.70207, 1.71324
1.71502, 1.73766, 1.70938, 1.71669
1.72069, 1.75267, 1.69732, 1.75122
1.77670, 1.80507, 1.69114, 1.69732
1.70544, 1.72618, 1.65421, 1.67039
1.67589, 1.74870, 1.66109, 1.73993
1.74227, 1.77979, 1.72649, 1.74159
1.73973, 1.74813, 1.71775, 1.73657
1.73479, 1.76973, 1.73339, 1.74981
1.75102, 1.76271, 1.73323, 1.74268
1.74289, 1.77048, 1.72607, 1.75959
1.75749, 1.76232, 1.72077, 1.72704
1.72822, 1.73311, 1.70525, 1.70697
1.70433, 1.71231, 1.69715, 1.70340
1.70262, 1.71206, 1.68451, 1.69992
1.69709, 1.70861, 1.68795, 1.69977
1.70034, 1.71753, 1.69255, 1.70307
1.70226, 1.71748, 1.67499, 1.67987
1.68127, 1.70055, 1.67967, 1.68788
1.68756, 1.70249, 1.67687, 1.68982
1.69082, 1.72068, 1.68832, 1.71521
1.71532, 1.71798, 1.69397, 1.70633
1.70354, 1.71799, 1.69783, 1.71644
1.71706, 1.76743, 1.71508, 1.75442
1.75224, 1.75902, 1.73485, 1.74623
1.74788, 1.75040, 1.72461, 1.73573
1.73345, 1.74550, 1.72250, 1.72412
1.72355, 1.74983, 1.72154, 1.74824
1.74723, 1.75536, 1.72964, 1.73366
1.73112, 1.73414, 1.68092, 1.68600
1.68391, 1.71567, 1.68362, 1.70522
1.70604, 1.71157, 1.69000, 1.70525
1.70801, 1.72940, 1.70456, 1.72084
1.71935, 1.72458, 1.70162, 1.71092
1.70946, 1.71625, 1.69048, 1.70479
1.70096, 1.73021, 1.69587, 1.71155
1.71333, 1.73502, 1.71165, 1.72381
1.72034, 1.72811, 1.69775, 1.71707
1.71625, 1.73592, 1.70254, 1.73285
1.73034, 1.74129, 1.72111, 1.73906
1.73876, 1.74958, 1.72470, 1.72687
1.73189, 1.74083, 1.71452, 1.71686
1.71303, 1.72214, 1.67675, 1.68761
1.70213, 1.73369, 1.69450, 1.72787
1.71770, 1.74813, 1.70470, 1.73771
1.74100, 1.74439, 1.72549, 1.74239
1.73661, 1.74107, 1.71869, 1.72090
1.72166, 1.74336, 1.71955, 1.72988
1.73082, 1.74310, 1.71978, 1.74146
1.73982, 1.76398, 1.73674, 1.74941
1.75160, 1.75739, 1.73486, 1.75237
1.74979, 1.76145, 1.74740, 1.75760
1.75641, 1.77497, 1.75612, 1.76612
1.76750, 1.78872, 1.75510, 1.77362
1.77296, 1.77777, 1.74744, 1.74986
1.74719, 1.76029, 1.73432, 1.73606
1.73719, 1.74344, 1.72344, 1.73252
1.73203, 1.73794, 1.71776, 1.73368
1.73388, 1.74484, 1.72944, 1.73878
1.73760, 1.74432, 1.71596, 1.71623
1.71878, 1.73340, 1.71572, 1.73066
1.72977, 1.75865, 1.72701, 1.73150
1.73114, 1.73601, 1.69528, 1.69709
1.69662, 1.71213, 1.68658, 1.69571
1.69624, 1.71490, 1.69618, 1.70558
1.70728, 1.71527, 1.70303, 1.70681
1.70725, 1.71672, 1.70268, 1.71266
1.71134, 1.71753, 1.70141, 1.70972
1.70862, 1.71721, 1.70512, 1.71593
1.71486, 1.72220, 1.71063, 1.72040
1.72156, 1.72590, 1.70543, 1.70630
1.70675, 1.71920, 1.70234, 1.70508
1.70347, 1.73392, 1.70323, 1.72949
1.73017, 1.74268, 1.72483, 1.73613
1.73614, 1.75673, 1.71487, 1.72710
1.72646, 1.74948, 1.72616, 1.73308
1.73468, 1.75059, 1.73097, 1.74169
1.74158, 1.74499, 1.72609, 1.73543
1.73364, 1.76246, 1.73173, 1.74660
1.74590, 1.74799, 1.72747, 1.73525
1.73594, 1.74176, 1.72909, 1.73613
1.73527, 1.75638, 1.73163, 1.75478
1.75518, 1.75681, 1.74312, 1.75291
1.75329, 1.76017, 1.72831, 1.73001
1.72711, 1.73679, 1.70492, 1.71171
1.71328, 1.71692, 1.69682, 1.69854
1.69846, 1.70568, 1.68909, 1.69887
1.70029, 1.70855, 1.69557, 1.70154
1.69975, 1.70868, 1.69031, 1.69545
1.69322, 1.69882, 1.67325, 1.68087
1.67832, 1.69117, 1.67166, 1.68232
1.68229, 1.70469, 1.67711, 1.69907
1.70065, 1.70780, 1.68395, 1.70679
1.70078, 1.71121, 1.68966, 1.69952
1.69790, 1.69987, 1.66369, 1.68753
1.68693, 1.70934, 1.68329, 1.70648
1.70567, 1.72295, 1.70249, 1.71603
1.71475, 1.72898, 1.70899, 1.71188
1.70944, 1.73110, 1.70839, 1.71802
1.71666, 1.72209, 1.70798, 1.71582
1.71449, 1.71613, 1.69642, 1.70525
1.70387, 1.71459, 1.69473, 1.70950
1.70963, 1.73064, 1.70383, 1.72610
1.72509, 1.72747, 1.71275, 1.72604
1.72531, 1.73492, 1.71517, 1.73322
1.73269, 1.73765, 1.70187, 1.70282
1.70184, 1.71026, 1.68279, 1.68535
1.68299, 1.69193, 1.65666, 1.66177
1.65970, 1.67866, 1.65357, 1.66061
1.66103, 1.67207, 1.64385, 1.64441
1.64445, 1.64653, 1.63150, 1.64080
1.63870, 1.64693, 1.62936, 1.63869
1.63651, 1.65026, 1.63635, 1.64660
1.64515, 1.64822, 1.62668, 1.63202
1.63230, 1.63291, 1.59227, 1.61660
1.61399, 1.61991, 1.57766, 1.59187
1.59154, 1.60901, 1.57743, 1.58236
1.58130, 1.60430, 1.57953, 1.60260
1.60065, 1.61810, 1.59537, 1.60635
1.60591, 1.60784, 1.57157, 1.57229
1.57198, 1.58817, 1.56798, 1.57329
1.57290, 1.60007, 1.54817, 1.59104
1.59097, 1.59595, 1.57901, 1.58214
1.57971, 1.58663, 1.54949, 1.55790
1.55679, 1.56486, 1.54730, 1.55661
1.55534, 1.55840, 1.53597, 1.54534
1.54465, 1.55784, 1.53496, 1.55026
1.54901, 1.56665, 1.54091, 1.55890
1.55785, 1.57672, 1.54973, 1.56168
1.55954, 1.57133, 1.54761, 1.54984
1.54850, 1.56445, 1.53349, 1.53634
1.53448, 1.53832, 1.52543, 1.53079
1.52825, 1.53023, 1.51036, 1.51089
1.50667, 1.52385, 1.50198, 1.50859
1.51612, 1.52505, 1.50812, 1.51538
1.51301, 1.52972, 1.47382, 1.47418
1.46828, 1.54397, 1.40422, 1.54285
1.54209, 1.55521, 1.51889, 1.52316
1.52179, 1.56348, 1.51016, 1.55129
1.55517, 1.57066, 1.53129, 1.54080
1.55145, 1.58128, 1.54408, 1.58010
1.57788, 1.58114, 1.51670, 1.53282
1.52949, 1.57053, 1.52837, 1.56770
1.56616, 1.59746, 1.55459, 1.59104
1.58847, 1.61994, 1.58330, 1.61749
1.61564, 1.65555, 1.60920, 1.65433
1.65079, 1.67705, 1.64345, 1.67309
1.66936, 1.68462, 1.65592, 1.66402
1.66021, 1.66877, 1.63523, 1.63735
1.63928, 1.64151, 1.62068, 1.63814
1.63469, 1.64339, 1.61014, 1.62552
1.62300, 1.63892, 1.62139, 1.63852
1.63389, 1.66917, 1.63059, 1.65908
1.65909, 1.66390, 1.64071, 1.64972
1.64903, 1.65868, 1.61358, 1.61516
1.61384, 1.63395, 1.60762, 1.60864
1.60977, 1.62979, 1.60805, 1.62205
1.62046, 1.64177, 1.61684, 1.62450
1.62477, 1.65211, 1.62253, 1.63729
1.63486, 1.67053, 1.62482, 1.66351
1.66857, 1.67410, 1.65355, 1.67209
1.67230, 1.68644, 1.66861, 1.68014
1.67885, 1.68411, 1.66592, 1.66605
1.66270, 1.68344, 1.65792, 1.67712
1.67777, 1.68079, 1.65799, 1.65824
1.65824, 1.68511, 1.65370, 1.68474
1.68295, 1.70653, 1.68228, 1.70183
1.69920, 1.71442, 1.68887, 1.68900
1.68963, 1.69192, 1.68373, 1.68717
1.68553, 1.69169, 1.67144, 1.67978
1.67993, 1.68685, 1.67139, 1.68133
1.67907, 1.69296, 1.67079, 1.67172
1.66916, 1.68009, 1.66098, 1.67788
1.67490, 1.69765, 1.67018, 1.69175
1.69001, 1.69510, 1.67355, 1.67577
1.67449, 1.68459, 1.66917, 1.68133
1.68027, 1.70680, 1.67756, 1.70429
1.70173, 1.73338, 1.69553, 1.73020
1.72908, 1.73291, 1.68943, 1.69933
1.69774, 1.71080, 1.68579, 1.70149
1.69916, 1.70710, 1.68726, 1.70614
1.70264, 1.71460, 1.70122, 1.70701
1.70486, 1.70486, 1.70486, 1.70486