2.19870, 2.20150, 2.16290, 2.18270
2.18040, 2.20940, 2.17470, 2.18810
2.18920, 2.23850, 2.18780, 2.23160
2.23070, 2.23630, 2.20310, 2.20840
2.20680, 2.23710, 2.19450, 2.19480
2.19520, 2.22580, 2.18500, 2.20970
2.20980, 2.24880, 2.20150, 2.23590
2.23720, 2.24780, 2.22430, 2.23100
2.22710, 2.23460, 2.17690, 2.22340
2.22370, 2.22710, 2.17120, 2.18480
2.18440, 2.24480, 2.17980, 2.22860
2.22900, 2.23890, 2.20770, 2.22480
2.22560, 2.27420, 2.22470, 2.27210
2.27170, 2.30290, 2.26690, 2.28530
2.28420, 2.29470, 2.23580, 2.24000
2.23770, 2.24370, 2.19620, 2.21230
2.21400, 2.24130, 2.20930, 2.22220
2.22640, 2.24140, 2.20030, 2.20490
2.20250, 2.22890, 2.18990, 2.20540
2.22110, 2.22380, 2.19520, 2.21930
2.21820, 2.22400, 2.20040, 2.22070
2.22150, 2.23450, 2.19700, 2.22170
2.22130, 2.26430, 2.20850, 2.25800
2.25070, 2.28310, 2.24830, 2.27330
2.27410, 2.28210, 2.25590, 2.26940
2.27040, 2.29700, 2.26070, 2.29120
2.29200, 2.30170, 2.27250, 2.27910
2.28970, 2.33590, 2.27490, 2.33400
2.33100, 2.35450, 2.32340, 2.34380
2.34910, 2.36650, 2.33250, 2.35720
2.35670, 2.39130, 2.34070, 2.35710
2.35460, 2.37160, 2.28390, 2.31440
2.30380, 2.32950, 2.29100, 2.32740
2.32770, 2.33800, 2.29930, 2.33150
2.32960, 2.36640, 2.32170, 2.35860
2.35860, 2.39040, 2.34270, 2.35120
2.35000, 2.36860, 2.30950, 2.32770
2.32800, 2.34880, 2.30880, 2.32810
2.33500, 2.34860, 2.28510, 2.30290
2.30400, 2.32710, 2.28090, 2.32630
2.32530, 2.32950, 2.27450, 2.28070
2.28140, 2.29470, 2.24900, 2.29300
2.29230, 2.31360, 2.28340, 2.29420
2.29370, 2.30560, 2.27670, 2.28130
2.28230, 2.30160, 2.26880, 2.29140
2.29060, 2.31970, 2.27110, 2.28750
2.28710, 2.29230, 2.25700, 2.27770
2.27750, 2.29410, 2.24940, 2.25740
2.25580, 2.27930, 2.24760, 2.27360
2.27500, 2.30260, 2.27150, 2.29450
2.29500, 2.32270, 2.28410, 2.32110
2.32140, 2.33500, 2.31290, 2.33200
2.33120, 2.33900, 2.30020, 2.30220
2.30380, 2.31470, 2.28000, 2.28160
2.28270, 2.29440, 2.26420, 2.27520
2.27770, 2.30070, 2.27130, 2.29570
2.29860, 2.29890, 2.25050, 2.25820
2.25890, 2.26760, 2.24470, 2.26040
2.26170, 2.27860, 2.24730, 2.27330
2.27370, 2.28050, 2.24840, 2.27730
2.27840, 2.28780, 2.23900, 2.24630
2.24730, 2.26240, 2.23800, 2.24460
2.24380, 2.25920, 2.22200, 2.22560
2.22410, 2.23160, 2.20600, 2.21260
2.21150, 2.21150, 2.18980, 2.19330
2.19330, 2.22510, 2.18300, 2.18340
2.18410, 2.19890, 2.16590, 2.17470
2.17280, 2.18290, 2.15120, 2.15600
2.15600, 2.17120, 2.15130, 2.16310
2.16310, 2.29260, 2.16310, 2.28490
2.28490, 2.28850, 2.26420, 2.26980
2.26980, 2.29020, 2.25770, 2.28610
2.28610, 2.29130, 2.27590, 2.28410
2.28410, 2.29410, 2.25660, 2.25700
2.25700, 2.27100, 2.25140, 2.26040
2.26040, 2.28700, 2.25220, 2.28170
2.28170, 2.28800, 2.26410, 2.28520
2.28520, 2.29390, 2.26630, 2.28710
2.28710, 2.30180, 2.26990, 2.27380
2.27380, 2.28090, 2.25640, 2.26330
2.26330, 2.26810, 2.23660, 2.24840
2.24840, 2.27490, 2.24340, 2.26830
2.26830, 2.26830, 2.25010, 2.25950
2.25950, 2.27150, 2.24450, 2.26960
2.26960, 2.29270, 2.26450, 2.28200
2.28200, 2.28200, 2.25720, 2.27930
2.27930, 2.28580, 2.26670, 2.28180
2.28180, 2.29940, 2.27660, 2.29650
2.29650, 2.30520, 2.27440, 2.27610
2.27670, 2.28560, 2.26920, 2.27280
2.27280, 2.27790, 2.26140, 2.26520
2.26520, 2.28920, 2.25880, 2.28350
2.28350, 2.28950, 2.26230, 2.26490
2.26490, 2.27250, 2.24550, 2.26760
2.26760, 2.27850, 2.26250, 2.27320
2.27320, 2.27840, 2.25840, 2.27270
2.27270, 2.27650, 2.25770, 2.26130
2.26130, 2.28400, 2.25630, 2.27980
2.27980, 2.29270, 2.26610, 2.26890
2.26890, 2.29190, 2.26490, 2.28630
2.28630, 2.28630, 2.26730, 2.27810
2.27810, 2.28510, 2.27050, 2.27380
2.27380, 2.27420, 2.25500, 2.26580
2.26580, 2.28140, 2.26580, 2.27850
2.27850, 2.28800, 2.26850, 2.27060
2.27060, 2.27200, 2.25590, 2.25960
2.25960, 2.26500, 2.25160, 2.26380
2.26380, 2.27180, 2.25840, 2.26860
2.26860, 2.30300, 2.26560, 2.29820
2.29820, 2.31180, 2.29560, 2.29650
2.29480, 2.33600, 2.29350, 2.33390
2.33390, 2.34970, 2.32420, 2.34910
2.34910, 2.34910, 2.31650, 2.31950
2.31950, 2.34180, 2.31190, 2.33890
2.33890, 2.34950, 2.32980, 2.34480
2.34480, 2.34570, 2.32320, 2.32700
2.32650, 2.37090, 2.31510, 2.36120
2.36080, 2.37750, 2.34540, 2.34840
2.36310, 2.36310, 2.33660, 2.34000
2.33950, 2.36540, 2.33550, 2.35430
2.35430, 2.36850, 2.34920, 2.36270
2.36270, 2.37830, 2.35720, 2.37110
2.37110, 2.37650, 2.36650, 2.36970
2.37020, 2.38690, 2.36720, 2.38250
2.38250, 2.38570, 2.36230, 2.37190
2.37190, 2.37190, 2.35180, 2.35580
2.35580, 2.36260, 2.33450, 2.33600
2.33600, 2.36670, 2.33270, 2.36350
2.36270, 2.36970, 2.34120, 2.35520
2.35520, 2.38700, 2.34910, 2.38410
2.38420, 2.39520, 2.37850, 2.38850
2.38850, 2.40120, 2.38370, 2.38740
2.38740, 2.39980, 2.38170, 2.38300
2.38300, 2.44550, 2.38190, 2.44290
2.44280, 2.46940, 2.44130, 2.46340
2.46340, 2.47590, 2.44840, 2.45600
2.45510, 2.46690, 2.43880, 2.45310
2.45310, 2.46000, 2.43100, 2.43440
2.43440, 2.44230, 2.40580, 2.40700
2.40700, 2.43080, 2.39760, 2.42020
2.42020, 2.42190, 2.36330, 2.36380
2.36380, 2.38780, 2.32900, 2.38530
2.38360, 2.39100, 2.33520, 2.34420
2.34090, 2.39200, 2.33630, 2.39070
2.39080, 2.40050, 2.37540, 2.39170
2.38900, 2.41460, 2.38660, 2.40150
2.40080, 2.41590, 2.39620, 2.41200
2.41210, 2.42710, 2.40420, 2.41920
2.42150, 2.42460, 2.40050, 2.40830
2.40510, 2.43070, 2.40070, 2.41260
2.41290, 2.43100, 2.40910, 2.41470
2.41340, 2.42460, 2.40610, 2.42330
2.42220, 2.44400, 2.41920, 2.43620
2.43490, 2.43920, 2.41760, 2.43760
2.43730, 2.44000, 2.41520, 2.43290
2.43270, 2.45890, 2.42960, 2.45260
2.45330, 2.47540, 2.45200, 2.45760
2.45580, 2.46920, 2.44870, 2.45340
2.45270, 2.45670, 2.43210, 2.44860
2.44910, 2.45550, 2.43060, 2.44620
2.44350, 2.47580, 2.44040, 2.46890
2.46890, 2.49660, 2.44360, 2.44630
2.44630, 2.45770, 2.42050, 2.42950
2.41860, 2.43810, 2.40580, 2.42450
2.42340, 2.43320, 2.37590, 2.39300
2.39280, 2.42880, 2.37860, 2.41780
2.41770, 2.43910, 2.40080, 2.43710
2.43760, 2.44270, 2.40410, 2.41080
2.40780, 2.41850, 2.38380, 2.38750
2.38480, 2.38750, 2.34880, 2.36830
2.36820, 2.38470, 2.35050, 2.38210
2.37730, 2.40740, 2.37690, 2.40600
2.40280, 2.42080, 2.39210, 2.41170
2.41180, 2.41330, 2.38470, 2.39160
2.38840, 2.40890, 2.37890, 2.38850
2.38860, 2.41980, 2.38630, 2.41060
2.40930, 2.41120, 2.34400, 2.34580
2.34100, 2.34600, 2.28260, 2.29570
2.29420, 2.29670, 2.25970, 2.27310
2.27330, 2.32960, 2.26820, 2.32650
2.32240, 2.33610, 2.27690, 2.28890
2.28970, 2.33470, 2.28890, 2.32630
2.32860, 2.33140, 2.28900, 2.29020
2.29230, 2.29870, 2.24320, 2.24700
2.25020, 2.26260, 2.17960, 2.18670
2.18670, 2.21400, 2.14230, 2.15390
2.15510, 2.18110, 2.12340, 2.14700
2.15250, 2.17810, 2.11820, 2.17400
2.17340, 2.17850, 2.12530, 2.14040
2.13950, 2.17610, 2.12920, 2.14640
2.14420, 2.18440, 2.12550, 2.14410
2.13990, 2.15810, 2.12490, 2.13320
2.13650, 2.14650, 2.06790, 2.06940
2.06750, 2.07430, 2.04500, 2.06400
2.06140, 2.07690, 2.01520, 2.01520
2.01120, 2.01980, 1.93690, 1.99940
1.99940, 2.03300, 1.98070, 1.98370
1.98330, 2.02580, 1.96490, 2.00480
2.00630, 2.01920, 1.95810, 1.96990
1.97660, 2.04960, 1.96060, 2.03300
2.03260, 2.06270, 1.99180, 2.05340
2.05450, 2.09670, 2.03010, 2.08370
2.08130, 2.08550, 2.02380, 2.03280
2.03230, 2.05960, 2.02960, 2.04940
2.04640, 2.05750, 2.01780, 2.02600
2.02810, 2.07850, 2.02440, 2.06550
2.05450, 2.06550, 2.00650, 2.00700
2.00500, 2.04960, 2.00110, 2.03690
2.03700, 2.06600, 2.02330, 2.04710
2.04220, 2.05700, 2.02000, 2.03160
2.03180, 2.04340, 2.01070, 2.03170
2.03180, 2.04380, 2.01760, 2.02050
2.01750, 2.04830, 2.01070, 2.04300
2.04230, 2.07870, 2.03180, 2.06360
2.06440, 2.08070, 2.05320, 2.07340
2.07190, 2.07920, 2.05330, 2.07890
2.07520, 2.07890, 2.02420, 2.04450
2.04450, 2.05310, 2.02860, 2.03500
2.03310, 2.03530, 1.99880, 2.00570
2.00570, 2.00570, 1.94950, 1.97590
1.99260, 2.03130, 1.97590, 2.02750
2.01660, 2.03580, 1.97620, 2.02410
2.02530, 2.02690, 1.99070, 2.01080
2.00620, 2.01770, 1.96140, 1.99950
2.00790, 2.01560, 1.88570, 1.93950
1.93510, 1.99430, 1.91640, 1.96500
1.96740, 1.99030, 1.75840, 1.85640
1.85020, 1.88820, 1.77070, 1.86140
1.86070, 1.89710, 1.82660, 1.84310
1.85550, 1.86530, 1.74270, 1.76180
1.75830, 1.84030, 1.75600, 1.82440
1.82440, 1.87190, 1.80550, 1.86640
1.86310, 1.86970, 1.74800, 1.79160
1.79770, 1.81940, 1.74810, 1.75830
1.75990, 1.78320, 1.60860, 1.64410
1.64410, 1.65280, 1.55680, 1.55680
1.56530, 1.57950, 1.51180, 1.57240
1.57240, 1.69460, 1.55100, 1.68750
1.68760, 1.68850, 1.61650, 1.65310
1.65300, 1.66410, 1.56430, 1.59070
1.58580, 1.68700, 1.57040, 1.68640
1.68230, 1.72900, 1.63480, 1.71650
1.71530, 1.74820, 1.64550, 1.66560
1.65490, 1.70310, 1.65130, 1.66820
1.66990, 1.70410, 1.65440, 1.67400
1.67400, 1.67720, 1.62320, 1.63280
1.63170, 1.67380, 1.58460, 1.65880
1.65980, 1.68350, 1.61020, 1.63020
1.62640, 1.66570, 1.62140, 1.63790
1.63500, 1.68390, 1.62290, 1.67800
1.67620, 1.70040, 1.66460, 1.69370
1.69010, 1.73140, 1.67900, 1.72360
1.72380, 1.72810, 1.66220, 1.67180
1.67010, 1.69700, 1.66440, 1.69430
1.69320, 1.72530, 1.67910, 1.68340
1.68130, 1.70450, 1.66490, 1.70200
1.70120, 1.73850, 1.69950, 1.72890
1.72470, 1.74790, 1.71530, 1.72670
1.72800, 1.77130, 1.71190, 1.73430
1.73310, 1.78180, 1.72560, 1.77160
1.77510, 1.78880, 1.74650, 1.78310
1.78240, 1.81160, 1.74710, 1.79040
1.78900, 1.80710, 1.76150, 1.77410
1.77580, 1.77600, 1.74640, 1.76110
1.75840, 1.77850, 1.73890, 1.75940
1.75830, 1.77450, 1.74470, 1.76020
1.76100, 1.80270, 1.75460, 1.78550
1.78460, 1.80910, 1.77790, 1.80290
1.80380, 1.80740, 1.76750, 1.77290
1.77230, 1.78370, 1.74150, 1.74710
1.74510, 1.75310, 1.71530, 1.72260
1.72290, 1.74420, 1.71570, 1.73830
1.73820, 1.74020, 1.71610, 1.72880
1.72850, 1.73040, 1.67160, 1.67450
1.67050, 1.68440, 1.63720, 1.63820
1.63930, 1.67310, 1.62200, 1.65030
1.64630, 1.65720, 1.62890, 1.63380
1.63300, 1.66870, 1.61160, 1.66500
1.66500, 1.67930, 1.64150, 1.64440
1.64360, 1.69530, 1.63790, 1.68740
1.68230, 1.69410, 1.66640, 1.68950
1.69030, 1.69730, 1.66540, 1.68830
1.68890, 1.71120, 1.67700, 1.67980
1.67990, 1.68110, 1.64750, 1.65940
1.65940, 1.67800, 1.64670, 1.67490
1.67430, 1.68370, 1.66120, 1.68210
1.68210, 1.70220, 1.67000, 1.68330
1.68290, 1.68910, 1.64990, 1.65590
1.65570, 1.67560, 1.64310, 1.67430
1.66970, 1.67800, 1.63710, 1.64040
1.63980, 1.67540, 1.63150, 1.66710
1.66720, 1.70360, 1.66720, 1.67730
1.67460, 1.71130, 1.67300, 1.69530
1.69510, 1.70120, 1.67500, 1.67680
1.67530, 1.69500, 1.65910, 1.68820
1.68820, 1.69300, 1.66320, 1.66400
1.66250, 1.67360, 1.63120, 1.63410
1.63420, 1.63420, 1.59890, 1.62530
1.62290, 1.62670, 1.60030, 1.60810
1.60430, 1.62200, 1.59030, 1.59310
1.59330, 1.60600, 1.58270, 1.58650
1.57970, 1.62210, 1.57800, 1.61270
1.62190, 1.65140, 1.61620, 1.63780
1.63780, 1.63930, 1.61840, 1.63010
1.62370, 1.66430, 1.62080, 1.64850
1.64850, 1.66640, 1.64210, 1.64510
1.64420, 1.69160, 1.60910, 1.63990
1.63640, 1.66930, 1.62640, 1.64740
1.64660, 1.66880, 1.62950, 1.66190
1.66180, 1.68390, 1.65860, 1.67550
1.67540, 1.70770, 1.66750, 1.68020
1.68020, 1.69150, 1.65290, 1.67220
1.67230, 1.69240, 1.63950, 1.64260
1.64260, 1.65830, 1.62990, 1.64490
1.64700, 1.64800, 1.59460, 1.61440
1.61600, 1.61840, 1.58810, 1.59300
1.59300, 1.61650, 1.58310, 1.60650
1.60190, 1.62720, 1.58510, 1.62650
1.62610, 1.65620, 1.61800, 1.63320
1.63370, 1.67580, 1.63220, 1.65620
1.65540, 1.67070, 1.63030, 1.63820
1.63940, 1.64060, 1.60130, 1.60620
1.60680, 1.61640, 1.58300, 1.59580
1.59560, 1.60300, 1.55130, 1.57010
1.56690, 1.58570, 1.54250, 1.56580
1.56620, 1.60050, 1.53760, 1.57810
1.57940, 1.58560, 1.53680, 1.55540
1.55260, 1.56600, 1.53580, 1.54030
1.53710, 1.54670, 1.51850, 1.53640
1.53100, 1.54210, 1.50920, 1.53310
1.52980, 1.53670, 1.51270, 1.53240
1.52610, 1.57960, 1.52240, 1.57420
1.57640, 1.59670, 1.54570, 1.55400
1.55670, 1.58310, 1.54190, 1.58040
1.57930, 1.60050, 1.57200, 1.58540
1.58410, 1.59220, 1.56170, 1.56290
1.56210, 1.57350, 1.53170, 1.53440
1.53670, 1.56210, 1.53210, 1.54720
1.55380, 1.55470, 1.49160, 1.50400
1.50080, 1.50650, 1.46190, 1.48460
1.48350, 1.48930, 1.44000, 1.45720
1.45460, 1.50570, 1.44390, 1.50330
1.50300, 1.53690, 1.49280, 1.52850
1.52580, 1.54270, 1.51920, 1.53300
1.52950, 1.53650, 1.48600, 1.49380
1.49030, 1.54110, 1.48930, 1.53750
1.54130, 1.56210, 1.53300, 1.55760
1.55750, 1.56910, 1.53210, 1.53470
1.53220, 1.53990, 1.48790, 1.49580
1.49410, 1.52010, 1.49060, 1.50330
1.50580, 1.51430, 1.48530, 1.49510
1.49150, 1.49790, 1.42280, 1.46120
1.45990, 1.48250, 1.45860, 1.47480
1.47360, 1.49480, 1.46250, 1.48810
1.48870, 1.51820, 1.48320, 1.48440
1.48570, 1.49510, 1.45360, 1.45540
1.45500, 1.47040, 1.45170, 1.46180
1.46250, 1.46570, 1.43010, 1.44460
1.44560, 1.45090, 1.41100, 1.43750
1.43670, 1.45510, 1.42670, 1.44510
1.44710, 1.44820, 1.41730, 1.42330
1.42560, 1.42960, 1.39390, 1.40570
1.39980, 1.41190, 1.36160, 1.36890
1.37060, 1.38210, 1.36300, 1.36720
1.36790, 1.39070, 1.36140, 1.37180
1.37160, 1.37380, 1.32320, 1.32760
1.32860, 1.36550, 1.32620, 1.36150
1.36180, 1.36970, 1.33580, 1.34210
1.34240, 1.34380, 1.30460, 1.31470
1.30340, 1.35030, 1.30260, 1.33570
1.32520, 1.32890, 1.28810, 1.29010
1.30090, 1.30890, 1.23610, 1.25700
1.24960, 1.26740, 1.14600, 1.26600
1.27500, 1.32150, 1.26900, 1.29290
1.30170, 1.32370, 1.28700, 1.31910
1.31940, 1.35340, 1.25210, 1.27790
1.27120, 1.40730, 1.25760, 1.40320
1.40520, 1.41270, 1.37080, 1.38340
1.38530, 1.41480, 1.38230, 1.39870
1.39880, 1.41690, 1.39710, 1.41460
1.41560, 1.44420, 1.40810, 1.44210
1.44250, 1.44290, 1.40540, 1.41050
1.41190, 1.42740, 1.39960, 1.40700
1.40950, 1.41450, 1.38080, 1.39140
1.39110, 1.42710, 1.38840, 1.41790
1.42540, 1.45690, 1.42410, 1.44540
1.44510, 1.45610, 1.43760, 1.44870
1.44860, 1.44950, 1.42250, 1.43600
1.43710, 1.44200, 1.42610, 1.43730
1.43860, 1.45530, 1.43530, 1.44580
1.44810, 1.47590, 1.44200, 1.45460
1.45510, 1.47340, 1.44800, 1.45960
1.46230, 1.46980, 1.44720, 1.45920
1.45470, 1.48000, 1.44790, 1.47330
1.47670, 1.47830, 1.44410, 1.45800
1.45900, 1.46580, 1.44190, 1.45520
1.45800, 1.45890, 1.43320, 1.43480
1.43460, 1.45600, 1.43420, 1.45140
1.45420, 1.45960, 1.43910, 1.44350
1.44330, 1.45860, 1.43730, 1.45540
1.45340, 1.45480, 1.41760, 1.42200
1.42100, 1.44990, 1.41920, 1.44710
1.44800, 1.44900, 1.43460, 1.43970
1.44070, 1.46210, 1.43120, 1.45020
1.45010, 1.45660, 1.44020, 1.44060
1.44110, 1.44690, 1.43630, 1.44440
1.44340, 1.45960, 1.43990, 1.45550
1.45610, 1.46120, 1.45260, 1.45660
1.45830, 1.47250, 1.45310, 1.46470
1.46900, 1.47730, 1.46150, 1.47390
1.47630, 1.48370, 1.46510, 1.48240
1.48890, 1.50180, 1.48660, 1.49390
1.49540, 1.51060, 1.48560, 1.48610
1.48620, 1.50540, 1.48230, 1.50300
1.50010, 1.50640, 1.48310, 1.48380
1.48560, 1.49140, 1.47530, 1.48430
1.47400, 1.49880, 1.47190, 1.49140
1.48540, 1.49680, 1.48090, 1.48870
1.48980, 1.50410, 1.48420, 1.48880
1.48680, 1.51530, 1.48660, 1.51310
1.51580, 1.52850, 1.51100, 1.52690
1.52450, 1.54520, 1.52430, 1.54270
1.54790, 1.54790, 1.52520, 1.53470
1.53660, 1.54160, 1.51610, 1.51710
1.51280, 1.53390, 1.50830, 1.53250
1.53120, 1.53720, 1.52280, 1.52830
1.52710, 1.53300, 1.51350, 1.51700
1.51800, 1.51990, 1.50920, 1.51440
1.51660, 1.52970, 1.51000, 1.51070
1.51090, 1.51770, 1.49910, 1.50260
1.50250, 1.51800, 1.50090, 1.51370
1.51440, 1.52480, 1.51340, 1.51880
1.51870, 1.52120, 1.49810, 1.49860
1.49980, 1.50730, 1.49460, 1.49960
1.50020, 1.50260, 1.48290, 1.48470
1.48590, 1.51130, 1.48200, 1.50500
1.50480, 1.51440, 1.49540, 1.50580
1.50700, 1.51470, 1.50350, 1.50760
1.50780, 1.51130, 1.49220, 1.50120
1.50070, 1.50460, 1.48570, 1.48640
1.48840, 1.49400, 1.48190, 1.48560
1.48640, 1.50180, 1.48270, 1.49790
1.50230, 1.50670, 1.48150, 1.48350
1.48170, 1.48880, 1.47910, 1.48000
1.47990, 1.48230, 1.46610, 1.47570
1.47740, 1.49550, 1.47400, 1.48550
1.48580, 1.49110, 1.46870, 1.47270
1.47170, 1.50040, 1.47100, 1.48110
1.48150, 1.48330, 1.45480, 1.46250
1.46080, 1.46500, 1.41920, 1.42480
1.42500, 1.45370, 1.41790, 1.44780
1.44980, 1.45130, 1.42300, 1.43000
1.43030, 1.43310, 1.40640, 1.40920
1.40120, 1.42260, 1.39630, 1.41710
1.41740, 1.42890, 1.41420, 1.41800
1.41970, 1.43190, 1.40270, 1.41840
1.42570, 1.43880, 1.42040, 1.43210
1.43440, 1.44750, 1.42670, 1.44040
1.44300, 1.44640, 1.42480, 1.43280
1.43180, 1.43410, 1.42100, 1.42280
1.42220, 1.43150, 1.40700, 1.42170
1.41920, 1.46450, 1.41830, 1.45770
1.45690, 1.46200, 1.44090, 1.45550
1.45500, 1.47710, 1.45070, 1.46860
1.47260, 1.48200, 1.45780, 1.47490
1.47350, 1.47830, 1.45030, 1.45240
1.45520, 1.47050, 1.44550, 1.44990
1.45350, 1.46650, 1.43510, 1.45580
1.45380, 1.46060, 1.43070, 1.44560
1.44950, 1.45600, 1.43190, 1.43840
1.43950, 1.45120, 1.43320, 1.43640
1.43680, 1.45060, 1.42490, 1.43380
1.43590, 1.44930, 1.42680, 1.42860
1.42920, 1.43970, 1.41870, 1.43430
1.43690, 1.44290, 1.42600, 1.42740
1.42760, 1.43080, 1.40410, 1.42030
1.42110, 1.43420, 1.41110, 1.42950
1.43140, 1.45910, 1.42840, 1.44730
1.44650, 1.45150, 1.43250, 1.43450
1.43360, 1.44610, 1.41970, 1.44040
1.44720, 1.47410, 1.44420, 1.46510
1.46640, 1.48120, 1.46170, 1.47500
1.47100, 1.48050, 1.45560, 1.45710
1.45410, 1.46690, 1.45370, 1.46160
1.46290, 1.46980, 1.44700, 1.45180
1.45260, 1.45850, 1.44840, 1.45450
1.45260, 1.46400, 1.44880, 1.45740
1.45810, 1.46170, 1.43720, 1.44290
1.44320, 1.45810, 1.43710, 1.45260
1.45220, 1.48210, 1.45120, 1.47560
1.47640, 1.47760, 1.45620, 1.47420
1.47420, 1.48120, 1.46480, 1.47080
1.47190, 1.48400, 1.46740, 1.48280
1.48300, 1.49190, 1.45650, 1.45800
1.45760, 1.46430, 1.44760, 1.44910
1.45100, 1.47100, 1.43760, 1.46340
1.46360, 1.47210, 1.45640, 1.46910
1.46770, 1.48730, 1.46210, 1.48630
1.48410, 1.50220, 1.47700, 1.48770
1.48570, 1.49730, 1.47230, 1.49460
1.49440, 1.51200, 1.47360, 1.47360
1.47650, 1.49280, 1.47180, 1.48920
1.48950, 1.49140, 1.46230, 1.47310
1.47370, 1.49610, 1.46710, 1.49470
1.49450, 1.49730, 1.47440, 1.47500
1.47570, 1.48550, 1.46920, 1.47260
1.47160, 1.48620, 1.46660, 1.46710
1.46740, 1.46870, 1.44650, 1.45200
1.45130, 1.46450, 1.44720, 1.45520
1.45320, 1.47870, 1.45140, 1.47510
1.47490, 1.48250, 1.46560, 1.47820
1.47930, 1.48130, 1.46310, 1.46540
1.46790, 1.48410, 1.46520, 1.48310
1.48300, 1.49000, 1.47860, 1.48080
1.47970, 1.48820, 1.47660, 1.48120
1.48010, 1.49420, 1.47620, 1.49310
1.49310, 1.50090, 1.49010, 1.50070
1.50030, 1.51130, 1.49770, 1.50730
1.50890, 1.51030, 1.49740, 1.50010
1.50040, 1.51270, 1.49650, 1.50080
1.50130, 1.52780, 1.50030, 1.52650
1.52670, 1.52980, 1.51640, 1.52250
1.52280, 1.52570, 1.51360, 1.51700
1.51750, 1.53510, 1.51350, 1.53430
1.53480, 1.53640, 1.52410, 1.52710
1.52810, 1.54000, 1.52110, 1.53460
1.53420, 1.54300, 1.53040, 1.53550
1.53560, 1.53870, 1.52210, 1.52340
1.52290, 1.53580, 1.51720, 1.51870
1.51950, 1.53210, 1.50530, 1.50620
1.50900, 1.51820, 1.50720, 1.51420
1.51790, 1.52440, 1.51440, 1.52400
1.52490, 1.52830, 1.50970, 1.51980
1.50540, 1.52290, 1.49700, 1.51780
1.51690, 1.54520, 1.50900, 1.53220
1.53340, 1.55050, 1.53050, 1.54510
1.54440, 1.55320, 1.53720, 1.54380
1.54570, 1.54660, 1.53140, 1.53820
1.53760, 1.53890, 1.49890, 1.52250
1.52430, 1.53230, 1.51900, 1.53110
1.53080, 1.54150, 1.52320, 1.53920
1.53960, 1.54550, 1.53050, 1.53310
1.53200, 1.54080, 1.50100, 1.50250
1.50340, 1.51970, 1.49380, 1.51810
1.52060, 1.52270, 1.50690, 1.51140
1.51180, 1.53570, 1.50820, 1.52500
1.52390, 1.53220, 1.51010, 1.51480
1.51400, 1.53970, 1.49950, 1.53740
1.53700, 1.53820, 1.52820, 1.53660
1.53690, 1.55250, 1.53140, 1.53470
1.53240, 1.54250, 1.52480, 1.53660
1.53760, 1.55430, 1.26840, 1.30200
1.30290, 1.33280, 1.28320, 1.32120
1.32050, 1.39840, 1.31410, 1.38560
1.39460, 1.41840, 1.38600, 1.41230
1.41010, 1.43710, 1.39950, 1.43570
1.43560, 1.46810, 1.42640, 1.44400
1.44840, 1.47600, 1.44430, 1.47190
1.47050, 1.48660, 1.46510, 1.48180
1.48330, 1.51880, 1.47580, 1.48150
1.48080, 1.49560, 1.45110, 1.45810
1.45790, 1.46300, 1.41830, 1.42980
1.43190, 1.44470, 1.41420, 1.41990
1.41990, 1.44280, 1.41820, 1.43250
1.43420, 1.44120, 1.42200, 1.42440
1.42260, 1.46050, 1.41930, 1.44790
1.44900, 1.47060, 1.41080, 1.41150
1.41150, 1.43980, 1.38120, 1.43810
1.43930, 1.46060, 1.43220, 1.43990
1.43990, 1.46810, 1.43670, 1.46000
1.45990, 1.46710, 1.42960, 1.43710
1.43710, 1.44660, 1.42460, 1.43380
1.43740, 1.45380, 1.41360, 1.44420
1.44630, 1.46710, 1.44200, 1.45730
1.45530, 1.47900, 1.45010, 1.46910
1.47260, 1.48300, 1.45400, 1.46360
1.46580, 1.47340, 1.44620, 1.45590
1.45680, 1.50250, 1.45560, 1.50050
1.49990, 1.50510, 1.48290, 1.49250
1.49280, 1.51790, 1.47870, 1.50740
1.50960, 1.53640, 1.50510, 1.52370
1.52070, 1.54060, 1.51390, 1.52640
1.52810, 1.53620, 1.48440, 1.48470
1.48400, 1.49120, 1.45990, 1.48170
1.48240, 1.49070, 1.46600, 1.47500
1.47420, 1.51050, 1.47390, 1.49460
1.49530, 1.50910, 1.48940, 1.50360
1.50410, 1.51140, 1.47570, 1.48600
1.48730, 1.49220, 1.46690, 1.47450
1.47580, 1.49220, 1.47010, 1.47310
1.47240, 1.47860, 1.45310, 1.47210
1.47240, 1.50270, 1.46970, 1.49830
1.49850, 1.52580, 1.49500, 1.52340
1.52240, 1.53480, 1.50500, 1.51300
1.51270, 1.53480, 1.50650, 1.53160
1.53310, 1.55680, 1.52640, 1.54660
1.54730, 1.55270, 1.52850, 1.54750
1.54850, 1.55410, 1.49610, 1.50630
1.50670, 1.51200, 1.48580, 1.49610
1.49750, 1.49760, 1.47570, 1.47690
1.47900, 1.48480, 1.45950, 1.47440
1.47070, 1.47520, 1.46070, 1.46970
1.47460, 1.48310, 1.44250, 1.44410
1.44520, 1.45900, 1.42190, 1.42730
1.42680, 1.45630, 1.41160, 1.44940
1.44870, 1.46590, 1.43510, 1.45680
1.45610, 1.47630, 1.43390, 1.43660
1.43740, 1.44450, 1.39210, 1.41680
1.41760, 1.43130, 1.40360, 1.42540
1.41230, 1.41700, 1.37210, 1.38250
1.38240, 1.41430, 1.37930, 1.41330
1.41170, 1.42790, 1.40150, 1.41300
1.41270, 1.41990, 1.38800, 1.40290
1.40170, 1.40260, 1.37150, 1.38110
1.37930, 1.39470, 1.35970, 1.36270
1.36290, 1.37140, 1.34100, 1.34670
1.34500, 1.37530, 1.34350, 1.37430
1.37020, 1.41190, 1.36520, 1.40930
1.41580, 1.42100, 1.39980, 1.40100
1.39820, 1.40590, 1.38130, 1.40290
1.40140, 1.41000, 1.39380, 1.40050
1.39920, 1.44870, 1.39850, 1.43540
1.43710, 1.46090, 1.43160, 1.45370
1.45200, 1.46000, 1.41560, 1.41610
1.41260, 1.42190, 1.36880, 1.37480
1.37530, 1.38280, 1.35200, 1.37740
1.39150, 1.44690, 1.28590, 1.32780
1.30880, 1.32550, 1.28450, 1.29130
1.29150, 1.29570, 1.25100, 1.27330
1.27110, 1.32040, 1.26440, 1.29450
1.29560, 1.31000, 1.28790, 1.29350
1.29760, 1.30750, 1.27620, 1.28190
1.28260, 1.29900, 1.27310, 1.28140
1.28130, 1.28440, 1.25720, 1.25880
1.25900, 1.26230, 1.24440, 1.25510
1.25500, 1.28500, 1.25420, 1.28400
1.28440, 1.30790, 1.27850, 1.30360
1.30340, 1.31190, 1.28600, 1.29410
1.29300, 1.29670, 1.27350, 1.27400
1.27450, 1.28260, 1.25440, 1.25730
1.25740, 1.26730, 1.24990, 1.26020
1.26020, 1.26020, 1.16005, 1.21453
1.21482, 1.21985, 1.19542, 1.20601
1.20282, 1.22007, 1.19954, 1.21406
1.21478, 1.22149, 1.20215, 1.20296
1.20327, 1.21698, 1.18993, 1.21092
1.21734, 1.25143, 1.19550, 1.24447
1.24277, 1.25620, 1.23368, 1.24721
1.24678, 1.26899, 1.24271, 1.26585
1.26326, 1.28688, 1.25446, 1.28578
1.28158, 1.29129, 1.26799, 1.27847
1.27999, 1.28952, 1.27484, 1.28090
1.28080, 1.28303, 1.25438, 1.26022
1.26107, 1.26337, 1.23494, 1.25620
1.25869, 1.26610, 1.24745, 1.24946
1.24563, 1.24813, 1.22325, 1.22974
1.21136, 1.24546, 1.21082, 1.23892
1.23831, 1.26502, 1.23831, 1.25343
1.25342, 1.25790, 1.23468, 1.23835
1.23680, 1.25645, 1.23378, 1.25065
1.25054, 1.26043, 1.23802, 1.24341
1.24369, 1.26588, 1.24289, 1.25520
1.25556, 1.25612, 1.23472, 1.23796
1.23881, 1.24043, 1.22691, 1.22892
1.22821, 1.23778, 1.22142, 1.23661
1.23565, 1.24438, 1.22955, 1.23581
1.23428, 1.25903, 1.22824, 1.25786
1.25700, 1.25793, 1.24409, 1.24781
1.24900, 1.26074, 1.24758, 1.25834
1.25761, 1.28528, 1.25505, 1.27487
1.27151, 1.28920, 1.26896, 1.28747
1.28435, 1.28715, 1.27282, 1.28102
1.28223, 1.30683, 1.28149, 1.28909
1.28810, 1.29408, 1.26207, 1.26728
1.26478, 1.26915, 1.24512, 1.24687
1.24812, 1.25946, 1.23938, 1.23972
1.23916, 1.25386, 1.22481, 1.23430
1.23076, 1.24692, 1.22407, 1.24336
1.24173, 1.24676, 1.22651, 1.23194
1.23387, 1.24945, 1.22782, 1.24765
1.24591, 1.25163, 1.23956, 1.24158
1.24074, 1.26381, 1.23386, 1.26221
1.26088, 1.26370, 1.22693, 1.22868
1.22699, 1.27524, 1.22698, 1.27129
1.27108, 1.28533, 1.26634, 1.26777
1.26834, 1.27171, 1.24349, 1.25106
1.25152, 1.26457, 1.23471, 1.24201
1.24044, 1.24764, 1.22962, 1.23164
1.23384, 1.25043, 1.22199, 1.24934
1.24350, 1.25148, 1.23420, 1.24529
1.24781, 1.30757, 1.24735, 1.30357
1.30223, 1.31964, 1.29447, 1.30790
1.30926, 1.31732, 1.29521, 1.29623
1.29461, 1.29829, 1.27448, 1.27724
1.27994, 1.29960, 1.27829, 1.29427
1.29510, 1.29954, 1.28279, 1.29803
1.29803, 1.31646, 1.29716, 1.30908
1.30937, 1.33286, 1.30294, 1.30785
1.30693, 1.31728, 1.30295, 1.31349
1.31020, 1.31493, 1.29542, 1.30661
1.30617, 1.31841, 1.30295, 1.30649
1.30387, 1.33209, 1.30004, 1.31453
1.31904, 1.34683, 1.31647, 1.32763
1.32896, 1.33166, 1.31581, 1.31897
1.31702, 1.32611, 1.31474, 1.32057
1.32268, 1.32901, 1.31307, 1.31508
1.31711, 1.32597, 1.31415, 1.32179
1.32193, 1.33201, 1.31724, 1.32746
1.32870, 1.33552, 1.32184, 1.33469
1.33354, 1.34908, 1.31972, 1.32169
1.32090, 1.32993, 1.31064, 1.31416
1.31482, 1.32407, 1.29131, 1.29829
1.29788, 1.30374, 1.29229, 1.30079
1.29966, 1.31208, 1.29834, 1.30735
1.30930, 1.31429, 1.28619, 1.29407
1.29003, 1.31902, 1.28969, 1.31723
1.31745, 1.32897, 1.31483, 1.32742
1.32788, 1.34630, 1.32636, 1.33835
1.33851, 1.34856, 1.33563, 1.33711
1.33608, 1.35409, 1.33540, 1.35077
1.34968, 1.37434, 1.34953, 1.36930
1.37039, 1.38555, 1.36293, 1.36488
1.36406, 1.37918, 1.36008, 1.36101
1.36003, 1.36527, 1.35123, 1.35208
1.35323, 1.36478, 1.35106, 1.35372
1.35406, 1.35843, 1.34186, 1.34335
1.34155, 1.34545, 1.31535, 1.31539
1.31962, 1.32493, 1.30513, 1.31828
1.31812, 1.32693, 1.31234, 1.32045
1.31914, 1.32696, 1.31403, 1.32462
1.32075, 1.32450, 1.30638, 1.30955
1.30901, 1.31287, 1.30231, 1.30732
1.30594, 1.31693, 1.30328, 1.31528
1.31781, 1.32640, 1.30863, 1.32579
1.32427, 1.32660, 1.29848, 1.30312
1.30137, 1.31035, 1.29930, 1.30289
1.30349, 1.30591, 1.29130, 1.29292
1.29119, 1.29427, 1.26490, 1.27081
1.26682, 1.27278, 1.25919, 1.26906
1.26835, 1.27238, 1.26094, 1.26303
1.26219, 1.26664, 1.25106, 1.25520
1.25210, 1.26247, 1.24590, 1.25176
1.25162, 1.27422, 1.25132, 1.26414
1.26384, 1.27903, 1.25014, 1.25285
1.25349, 1.28167, 1.25195, 1.27902
1.27885, 1.30143, 1.27363, 1.30111
1.30193, 1.31149, 1.29365, 1.30364
1.29526, 1.30858, 1.29458, 1.30139
1.30083, 1.30348, 1.27845, 1.27860
1.27857, 1.30500, 1.27552, 1.30047
1.30579, 1.31722, 1.30291, 1.30425
1.29790, 1.31529, 1.28083, 1.28152
1.28398, 1.28684, 1.26907, 1.27722
1.27804, 1.28314, 1.26777, 1.27320
1.27404, 1.27843, 1.25942, 1.26018
1.25811, 1.26100, 1.23787, 1.25592
1.25542, 1.25866, 1.24838, 1.25622
1.25674, 1.26029, 1.24122, 1.24925
1.24867, 1.26330, 1.22690, 1.25491
1.25508, 1.26504, 1.24179, 1.26299
1.26508, 1.29177, 1.25256, 1.28119
1.28024, 1.31159, 1.27808, 1.31069
1.30886, 1.31173, 1.29483, 1.30150
1.29907, 1.30792, 1.28876, 1.29441
1.29329, 1.30665, 1.28496, 1.29518
1.29610, 1.31002, 1.29469, 1.30581
1.30721, 1.33303, 1.30438, 1.31909
1.32157, 1.32840, 1.30841, 1.31136
1.30884, 1.34228, 1.30619, 1.33170
1.33211, 1.33315, 1.29145, 1.31165
1.31223, 1.32043, 1.29205, 1.29641
1.29672, 1.31740, 1.29521, 1.30311
1.30324, 1.31480, 1.30073, 1.31029
1.31019, 1.32042, 1.30881, 1.31679
1.31689, 1.32735, 1.31344, 1.31663
1.31653, 1.33993, 1.31584, 1.33887
1.33875, 1.33875, 1.31437, 1.31528
1.31507, 1.31587, 1.28502, 1.28503
1.28535, 1.29351, 1.26785, 1.27299
1.27316, 1.27956, 1.26254, 1.26396
1.26349, 1.26565, 1.25547, 1.25790
1.25749, 1.26769, 1.25408, 1.25669
1.25664, 1.25920, 1.24116, 1.24390
1.24382, 1.24730, 1.23386, 1.23922
1.23918, 1.24968, 1.23708, 1.24203
1.24197, 1.24504, 1.23424, 1.23733
1.23733, 1.23847, 1.22373, 1.22674
1.22663, 1.23693, 1.22244, 1.22982
1.22898, 1.23006, 1.19035, 1.19429
1.19313, 1.19536, 1.16928, 1.16928
1.17232, 1.19406, 1.16738, 1.18822
1.18891, 1.20740, 1.18181, 1.19680
1.19311, 1.20905, 1.19163, 1.20350
1.20209, 1.22029, 1.18509, 1.21354
1.21133, 1.23825, 1.21083, 1.23710
1.23293, 1.24773, 1.23009, 1.23552
1.23615, 1.23840, 1.21675, 1.21762
1.21875, 1.24027, 1.21559, 1.22733
1.22465, 1.26721, 1.20919, 1.26059
1.26011, 1.28927, 1.24629, 1.27640
1.27483, 1.28507, 1.26767, 1.27623
1.27452, 1.28277, 1.27438, 1.27488
1.27397, 1.28037, 1.27040, 1.27375
1.27513, 1.28191, 1.26731, 1.27655
1.27780, 1.28612, 1.27657, 1.27973
1.28235, 1.29533, 1.27972, 1.29321
1.29066, 1.30153, 1.28042, 1.30039
1.30030, 1.33059, 1.28767, 1.31151
1.31151, 1.31986, 1.27104, 1.27765
1.27618, 1.27966, 1.26625, 1.27505
1.27543, 1.28540, 1.26840, 1.27152
1.26966, 1.28010, 1.26684, 1.27045
1.26746, 1.26972, 1.25290, 1.25822
1.25759, 1.27747, 1.25548, 1.26909
1.26827, 1.27573, 1.25939, 1.27200
1.26892, 1.27139, 1.25316, 1.25937
1.25852, 1.28165, 1.25817, 1.28115
1.27923, 1.28203, 1.26257, 1.26720
1.26770, 1.27143, 1.23281, 1.23706
1.23271, 1.23950, 1.21328, 1.22290
1.21832, 1.22322, 1.16590, 1.16590
1.17279, 1.17628, 1.11136, 1.14726
1.14939, 1.18998, 1.12440, 1.18423
1.18326, 1.20869, 1.17762, 1.19785
1.19324, 1.20927, 1.19091, 1.20150
1.20274, 1.21435, 1.20180, 1.20850
1.20801, 1.20945, 1.18696, 1.20246
1.20237, 1.22050, 1.19987, 1.20048
1.20001, 1.21201, 1.19636, 1.20413
1.20575, 1.20736, 1.17526, 1.17576
1.17486, 1.19353, 1.17286, 1.18104
1.18255, 1.19722, 1.18110, 1.18630
1.18382, 1.22598, 1.18345, 1.21878
1.21962, 1.22439, 1.18376, 1.19395
1.19329, 1.20357, 1.17444, 1.17566
1.17567, 1.18461, 1.16813, 1.16920
1.16864, 1.18243, 1.16295, 1.17881
1.18051, 1.18987, 1.17276, 1.18746
1.18833, 1.19149, 1.17313, 1.17917
1.17953, 1.19359, 1.17529, 1.17738
1.17765, 1.20033, 1.17524, 1.19431
1.19450, 1.20335, 1.18841, 1.19066
1.19151, 1.19968, 1.18699, 1.18912
1.19007, 1.20269, 1.18553, 1.19283
1.19254, 1.20749, 1.18902, 1.20670
1.20556, 1.22211, 1.20105, 1.21271
1.21010, 1.21172, 1.15973, 1.16267
1.16114, 1.18318, 1.16094, 1.17686
1.17624, 1.18578, 1.16531, 1.18360
1.18458, 1.19675, 1.17712, 1.19000
1.18826, 1.18962, 1.17702, 1.18624
1.18546, 1.19161, 1.17535, 1.18160
1.17951, 1.19104, 1.17210, 1.17896
1.17981, 1.19013, 1.17603, 1.18667
1.18327, 1.19575, 1.17893, 1.18332
1.18280, 1.22007, 1.18062, 1.20380
1.20233, 1.21228, 1.19958, 1.21016
1.21072, 1.21923, 1.20172, 1.20268
1.20472, 1.21524, 1.19105, 1.19758
1.19425, 1.19768, 1.16820, 1.17607
1.18607, 1.20514, 1.17648, 1.19433
1.18791, 1.21213, 1.17324, 1.20769
1.20439, 1.20917, 1.19194, 1.20824
1.20613, 1.21082, 1.19147, 1.19987
1.20084, 1.21637, 1.19674, 1.21037
1.20989, 1.21952, 1.20529, 1.21056
1.21184, 1.22250, 1.21024, 1.21961
1.21978, 1.23711, 1.21911, 1.23433
1.23349, 1.23625, 1.22769, 1.23519
1.23465, 1.25733, 1.23388, 1.25509
1.25587, 1.28950, 1.25460, 1.26443
1.26520, 1.29651, 1.26456, 1.28749
1.28267, 1.29875, 1.28209, 1.29335
1.29242, 1.29692, 1.27872, 1.28735
1.28617, 1.29867, 1.27716, 1.29439
1.29438, 1.30616, 1.29070, 1.30314
1.30300, 1.30724, 1.26414, 1.26647
1.26758, 1.27486, 1.26238, 1.27291
1.27120, 1.28165, 1.26646, 1.26647
1.26675, 1.27352, 1.26017, 1.26101
1.25962, 1.27352, 1.25815, 1.25929
1.26131, 1.28191, 1.25989, 1.27013
1.27151, 1.27889, 1.26890, 1.27005
1.27113, 1.27794, 1.26488, 1.27655
1.27604, 1.27993, 1.26763, 1.27277
1.27294, 1.27510, 1.26121, 1.26681
1.26655, 1.27973, 1.26299, 1.27323
1.27421, 1.28556, 1.27129, 1.27225
1.27424, 1.28159, 1.27088, 1.27302
1.27356, 1.28041, 1.25667, 1.26999
1.26998, 1.27584, 1.26178, 1.26527
1.26572, 1.26735, 1.25008, 1.26405
1.26452, 1.27131, 1.25823, 1.25868
1.25911, 1.27022, 1.25483, 1.26928
1.26856, 1.27924, 1.26812, 1.26926
1.26969, 1.26974, 1.24712, 1.24882
1.24891, 1.26093, 1.24747, 1.25307
1.25322, 1.26814, 1.25242, 1.26633
1.26553, 1.27359, 1.25971, 1.26955
1.27084, 1.28182, 1.26591, 1.27956
1.27996, 1.28024, 1.25592, 1.26353
1.26272, 1.27301, 1.25021, 1.25994
1.25970, 1.26681, 1.25514, 1.26239
1.26155, 1.27292, 1.25788, 1.26829
1.27005, 1.27616, 1.25886, 1.26030
1.25953, 1.27167, 1.25187, 1.25285
1.25237, 1.25437, 1.22776, 1.23073
1.22960, 1.24244, 1.22904, 1.23526
1.23576, 1.25514, 1.23336, 1.24805
1.24835, 1.25188, 1.22773, 1.23200
1.23059, 1.23673, 1.21295, 1.21416
1.21635, 1.22887, 1.21343, 1.22125
1.22083, 1.23574, 1.21589, 1.22202
1.22291, 1.23710, 1.21513, 1.23097
1.23080, 1.23624, 1.22838, 1.23307
1.23250, 1.25014, 1.23197, 1.24740
1.24744, 1.26082, 1.24678, 1.24955
1.24835, 1.25144, 1.23404, 1.23548
1.23497, 1.25079, 1.22782, 1.24677
1.24693, 1.25620, 1.24156, 1.25180
1.25191, 1.26008, 1.24677, 1.25305
1.25302, 1.25742, 1.24684, 1.25149
1.25128, 1.25458, 1.23011, 1.24083
1.23498, 1.24042, 1.21229, 1.21309
1.21250, 1.22629, 1.21142, 1.21849
1.21662, 1.24141, 1.21600, 1.22742
1.22732, 1.24183, 1.21957, 1.22622
1.22596, 1.23333, 1.20945, 1.21350
1.21207, 1.22274, 1.21179, 1.21736
1.21406, 1.23372, 1.21000, 1.23079
1.22802, 1.24469, 1.22658, 1.22793
1.22657, 1.22852, 1.20772, 1.22398
1.21956, 1.22965, 1.21072, 1.21924
1.21665, 1.23133, 1.21207, 1.22827
1.22495, 1.24426, 1.20699, 1.21708
1.21372, 1.22242, 1.19844, 1.20881
1.20664, 1.21379, 1.19713, 1.20204
1.20116, 1.22938, 1.20014, 1.21504
1.21568, 1.21643, 1.17935, 1.18436
1.18408, 1.18957, 1.17183, 1.17601
1.17198, 1.18019, 1.15273, 1.16036
1.16107, 1.17758, 1.15306, 1.17486
1.17264, 1.17599, 1.15685, 1.15824
1.15870, 1.17169, 1.15241, 1.15360
1.15392, 1.16939, 1.15232, 1.15883
1.15719, 1.17181, 1.15631, 1.16101
1.16013, 1.16242, 1.14009, 1.14236
1.14141, 1.15261, 1.13040, 1.13365
1.13217, 1.14213, 1.12966, 1.13347
1.13263, 1.14093, 1.12814, 1.12951
1.12682, 1.13778, 1.10953, 1.11288
1.11230, 1.11795, 1.09453, 1.10118
1.09840, 1.11476, 1.06412, 1.06412
1.06027, 1.10238, 1.01643, 1.10093
1.09944, 1.12853, 1.09306, 1.10238
1.10149, 1.13555, 1.08947, 1.12357
1.12642, 1.13952, 1.12075, 1.12672
1.13322, 1.15728, 1.12733, 1.15667
1.15495, 1.15765, 1.12454, 1.13049
1.12914, 1.14127, 1.11108, 1.11320
1.11098, 1.13651, 1.10473, 1.13365
1.13325, 1.14666, 1.12869, 1.14312
1.14198, 1.15347, 1.13283, 1.15086
1.15047, 1.15388, 1.14097, 1.14521
1.14366, 1.15437, 1.12478, 1.13454
1.13338, 1.13791, 1.11476, 1.12389
1.12432, 1.12652, 1.10966, 1.11781
1.11632, 1.12672, 1.11073, 1.12205
1.11969, 1.13733, 1.11782, 1.13270
1.13005, 1.14222, 1.12464, 1.14064
1.13876, 1.14292, 1.13408, 1.14180
1.13935, 1.14343, 1.11441, 1.11603
1.11597, 1.11956, 1.10775, 1.11373
1.11331, 1.12266, 1.10741, 1.11250
1.11179, 1.12623, 1.10922, 1.12335
1.12307, 1.13613, 1.12167, 1.12748
1.12557, 1.12749, 1.10642, 1.10858
1.10924, 1.13138, 1.09890, 1.12689
1.12970, 1.14117, 1.11999, 1.12441
1.12069, 1.13639, 1.12061, 1.12812
1.12632, 1.14137, 1.12175, 1.12216
1.12267, 1.12684, 1.10937, 1.10949
1.10918, 1.11908, 1.10525, 1.10997
1.10988, 1.12436, 1.10257, 1.12413
1.11951, 1.12747, 1.10853, 1.12449
1.12340, 1.12756, 1.11538, 1.11791
1.11549, 1.12463, 1.11537, 1.11911
1.11792, 1.12389, 1.11321, 1.11743
1.11643, 1.13889, 1.11449, 1.13142
1.13042, 1.13665, 1.12356, 1.13564
1.13396, 1.14714, 1.13382, 1.14573
1.14484, 1.15030, 1.13555, 1.13991
1.13811, 1.14319, 1.13139, 1.13581
1.13417, 1.14512, 1.13410, 1.14124
1.13893, 1.14144, 1.12267, 1.12816
1.12709, 1.12929, 1.10588, 1.11275
1.11063, 1.11920, 1.10870, 1.11808
1.11559, 1.12340, 1.10538, 1.11241
1.11080, 1.11751, 1.10891, 1.11273
1.11077, 1.11077, 1.11077, 1.11077