1.34031, 1.34191, 1.33563, 1.33711
1.33608, 1.34248, 1.33540, 1.34157
1.33983, 1.34961, 1.33930, 1.34790
1.34735, 1.35313, 1.34401, 1.35269
1.35252, 1.35373, 1.34595, 1.34919
1.34898, 1.35409, 1.34581, 1.35077
1.34968, 1.35526, 1.34953, 1.35115
1.35022, 1.35704, 1.35020, 1.35653
1.35653, 1.36409, 1.35580, 1.35781
1.35822, 1.37126, 1.35634, 1.36901
1.36883, 1.37434, 1.36865, 1.36930
1.37039, 1.37659, 1.36858, 1.37619
1.37584, 1.38365, 1.37566, 1.38062
1.37994, 1.38555, 1.37244, 1.37580
1.37498, 1.38078, 1.36746, 1.36767
1.36753, 1.37168, 1.36293, 1.36488
1.36406, 1.36856, 1.36008, 1.36335
1.36297, 1.37056, 1.36146, 1.36824
1.36809, 1.37203, 1.36685, 1.36941
1.36981, 1.37810, 1.36751, 1.37600
1.37611, 1.37918, 1.36054, 1.36101
1.36003, 1.36527, 1.35671, 1.36345
1.36271, 1.36493, 1.35330, 1.35684
1.35617, 1.36083, 1.35274, 1.35609
1.35414, 1.35784, 1.35242, 1.35420
1.35300, 1.35757, 1.35123, 1.35208
1.35323, 1.36160, 1.35258, 1.35918
1.35890, 1.36178, 1.35214, 1.35712
1.35664, 1.36418, 1.35449, 1.36159
1.36070, 1.36478, 1.35106, 1.35542
1.35542, 1.35763, 1.35333, 1.35372
1.35406, 1.35843, 1.35294, 1.35596
1.35594, 1.35738, 1.34959, 1.35243
1.35185, 1.35238, 1.34614, 1.35031
1.34992, 1.35694, 1.34950, 1.35356
1.35277, 1.35384, 1.34186, 1.34335
1.34155, 1.34545, 1.33765, 1.33897
1.33808, 1.34330, 1.33114, 1.33321
1.33264, 1.33355, 1.31780, 1.32909
1.32788, 1.33161, 1.32329, 1.32631
1.32578, 1.32771, 1.31535, 1.31539
1.31962, 1.32493, 1.31867, 1.32197
1.32179, 1.32333, 1.30513, 1.31404
1.31199, 1.31837, 1.31012, 1.31374
1.31363, 1.31770, 1.30581, 1.31053
1.31013, 1.32054, 1.30854, 1.31828
1.31812, 1.32258, 1.31444, 1.31531
1.31438, 1.32044, 1.31427, 1.31903
1.31889, 1.32693, 1.31763, 1.32315
1.32313, 1.32423, 1.31234, 1.31568
1.31568, 1.32283, 1.31388, 1.32045
1.31914, 1.32566, 1.31694, 1.31843
1.31842, 1.32119, 1.31403, 1.31952
1.31947, 1.32045, 1.31465, 1.31830
1.31774, 1.32602, 1.31621, 1.32218
1.32199, 1.32696, 1.31904, 1.32462
1.32075, 1.32450, 1.31593, 1.31813
1.31812, 1.31905, 1.30799, 1.30941
1.30941, 1.31626, 1.30861, 1.31227
1.31224, 1.31720, 1.30638, 1.31321
1.31320, 1.31781, 1.30848, 1.30955
1.30901, 1.31210, 1.30586, 1.31077
1.31071, 1.31287, 1.30667, 1.30956
1.30956, 1.31134, 1.30606, 1.30757
1.30757, 1.30801, 1.30307, 1.30441
1.30438, 1.31183, 1.30231, 1.30732
1.30594, 1.30929, 1.30347, 1.30552
1.30480, 1.31099, 1.30328, 1.30924
1.30922, 1.31479, 1.30782, 1.31290
1.31300, 1.31693, 1.31097, 1.31327
1.31326, 1.31625, 1.31114, 1.31528
1.31781, 1.32011, 1.30863, 1.31450
1.31450, 1.32047, 1.31239, 1.31642
1.31639, 1.31836, 1.31396, 1.31498
1.31486, 1.32573, 1.31360, 1.32365
1.32365, 1.32640, 1.31597, 1.32579
1.32427, 1.32660, 1.31850, 1.31918
1.31918, 1.32057, 1.30696, 1.31155
1.31151, 1.31391, 1.30125, 1.30560
1.30560, 1.30664, 1.29867, 1.30042
1.30042, 1.30484, 1.29848, 1.30312
1.30137, 1.30368, 1.29930, 1.30043
1.30041, 1.30721, 1.29978, 1.30596
1.30596, 1.30848, 1.30324, 1.30811
1.30811, 1.31035, 1.30305, 1.30330
1.30326, 1.30693, 1.30201, 1.30289
1.30349, 1.30591, 1.29755, 1.29775
1.29772, 1.30077, 1.29493, 1.29963
1.29943, 1.30303, 1.29764, 1.30186
1.30184, 1.30400, 1.29403, 1.29575
1.29516, 1.29673, 1.29130, 1.29292
1.29119, 1.29427, 1.28877, 1.28956
1.28956, 1.29133, 1.28685, 1.28808
1.28800, 1.28870, 1.27922, 1.27947
1.27941, 1.28179, 1.27323, 1.27411
1.27411, 1.27715, 1.26490, 1.27081
1.26682, 1.27096, 1.26520, 1.26744
1.26744, 1.27278, 1.26273, 1.26453
1.26453, 1.26981, 1.25919, 1.26157
1.26156, 1.26773, 1.26045, 1.26724
1.26716, 1.27013, 1.26481, 1.26906
1.26835, 1.27114, 1.26653, 1.26824
1.26819, 1.27238, 1.26538, 1.27062
1.27062, 1.27121, 1.26574, 1.26948
1.26895, 1.26957, 1.26251, 1.26330
1.26319, 1.26500, 1.26094, 1.26303
1.26219, 1.26550, 1.26196, 1.26295
1.26265, 1.26363, 1.25575, 1.25657
1.25657, 1.26664, 1.25106, 1.26419
1.26416, 1.26630, 1.25975, 1.26116
1.26110, 1.26149, 1.25434, 1.25520
1.25210, 1.25417, 1.24691, 1.24730
1.24730, 1.25396, 1.24641, 1.25229
1.25290, 1.26247, 1.24590, 1.25437
1.25439, 1.25559, 1.24733, 1.24734
1.24741, 1.25769, 1.24705, 1.25176
1.25162, 1.27116, 1.25132, 1.26993
1.26986, 1.27422, 1.26249, 1.26697
1.26697, 1.27033, 1.26289, 1.26634
1.26628, 1.26890, 1.26277, 1.26541
1.26575, 1.26763, 1.26203, 1.26414
1.26384, 1.26666, 1.26236, 1.26651
1.26596, 1.26873, 1.26051, 1.26802
1.26780, 1.27734, 1.26696, 1.27123
1.27120, 1.27903, 1.26977, 1.27245
1.27241, 1.27283, 1.25014, 1.25285
1.25349, 1.26579, 1.25195, 1.26559
1.26559, 1.27277, 1.26333, 1.27200
1.27200, 1.27794, 1.26873, 1.27158
1.27166, 1.28167, 1.26898, 1.27790
1.27787, 1.27991, 1.26975, 1.27902
1.27885, 1.28841, 1.27672, 1.28269
1.28300, 1.28367, 1.27363, 1.27699
1.27640, 1.28839, 1.27483, 1.28393
1.28387, 1.29302, 1.28175, 1.29131
1.29120, 1.30143, 1.29016, 1.30111
1.30193, 1.30258, 1.29365, 1.29915
1.29913, 1.30529, 1.29578, 1.30349
1.30349, 1.31089, 1.30198, 1.30595
1.30595, 1.31046, 1.30300, 1.30954
1.30951, 1.31149, 1.30237, 1.30364
1.29526, 1.30038, 1.29458, 1.29781
1.29779, 1.30858, 1.29687, 1.30613
1.30549, 1.30700, 1.30042, 1.30502
1.30500, 1.30660, 1.29567, 1.29606
1.29605, 1.30552, 1.29522, 1.30139
1.30083, 1.30348, 1.29098, 1.29128
1.29021, 1.29819, 1.28926, 1.29157
1.29157, 1.29253, 1.28379, 1.28495
1.28490, 1.29005, 1.28009, 1.28132
1.28131, 1.28331, 1.27845, 1.27860
1.27857, 1.28468, 1.27849, 1.28199
1.28206, 1.28375, 1.27552, 1.27737
1.27730, 1.28921, 1.27672, 1.28726
1.28733, 1.30500, 1.28650, 1.30250
1.30233, 1.30443, 1.29675, 1.30047
1.30579, 1.31072, 1.30291, 1.31000
1.30796, 1.31452, 1.30796, 1.31386
1.31247, 1.31648, 1.30828, 1.31608
1.31490, 1.31722, 1.31045, 1.31390
1.31364, 1.31494, 1.30339, 1.30425
1.29790, 1.30526, 1.29529, 1.29883
1.29865, 1.31529, 1.29700, 1.30585
1.30611, 1.31268, 1.29749, 1.30687
1.30710, 1.30967, 1.28083, 1.28611
1.28609, 1.29467, 1.28090, 1.28152
1.28398, 1.28684, 1.27435, 1.27676
1.27595, 1.27884, 1.27134, 1.27209
1.27218, 1.27507, 1.27014, 1.27062
1.27034, 1.28335, 1.26907, 1.28023
1.28050, 1.28137, 1.27618, 1.27722
1.27804, 1.28314, 1.27701, 1.27904
1.27769, 1.27984, 1.27084, 1.27200
1.27170, 1.27914, 1.27130, 1.27397
1.27398, 1.27523, 1.26777, 1.27331
1.27258, 1.27686, 1.26948, 1.27320
1.27404, 1.27843, 1.26737, 1.27001
1.26901, 1.27571, 1.26460, 1.26811
1.26772, 1.27624, 1.26680, 1.27011
1.26991, 1.27198, 1.26501, 1.26906
1.26834, 1.26967, 1.25942, 1.26018
1.25811, 1.26100, 1.23787, 1.24381
1.24320, 1.24828, 1.23932, 1.24011
1.23972, 1.25805, 1.23930, 1.25405
1.25463, 1.25915, 1.25190, 1.25792
1.25722, 1.25856, 1.24992, 1.25592
1.25542, 1.25682, 1.25016, 1.25249
1.25221, 1.25866, 1.25173, 1.25502
1.25451, 1.25771, 1.25213, 1.25427
1.25350, 1.25768, 1.24853, 1.25047
1.24979, 1.25824, 1.24838, 1.25622
1.25674, 1.26029, 1.25405, 1.25831
1.25375, 1.25925, 1.25321, 1.25772
1.25742, 1.25930, 1.24454, 1.24879
1.24850, 1.25202, 1.24122, 1.24925
1.24867, 1.26330, 1.24757, 1.25329
1.25138, 1.25205, 1.24359, 1.24818
1.24707, 1.25091, 1.22690, 1.24690
1.24526, 1.25723, 1.24455, 1.25491
1.25508, 1.25639, 1.25037, 1.25144
1.25110, 1.25489, 1.24656, 1.24755
1.24733, 1.25240, 1.24393, 1.24601
1.24569, 1.25568, 1.24179, 1.25533
1.25402, 1.26504, 1.24801, 1.26299
1.26508, 1.26803, 1.25928, 1.26210
1.26082, 1.27269, 1.25256, 1.26967
1.26976, 1.27679, 1.26693, 1.27528
1.27454, 1.29177, 1.27288, 1.29078
1.29051, 1.29117, 1.28009, 1.28119
1.28024, 1.28791, 1.27808, 1.28519
1.28504, 1.29316, 1.28237, 1.29200
1.29168, 1.30320, 1.29047, 1.30002
1.29949, 1.30211, 1.29493, 1.30124
1.30104, 1.31159, 1.30050, 1.31069
1.30886, 1.31173, 1.30332, 1.30490
1.30472, 1.31164, 1.29913, 1.29981
1.29870, 1.30756, 1.29797, 1.30375
1.30380, 1.30703, 1.30104, 1.30371
1.30242, 1.30539, 1.29483, 1.30150
1.29907, 1.30792, 1.29907, 1.30085
1.30043, 1.30480, 1.29316, 1.29492
1.29405, 1.29848, 1.29337, 1.29594
1.29545, 1.30050, 1.28876, 1.29819
1.29713, 1.29941, 1.29263, 1.29441
1.29329, 1.30665, 1.29061, 1.29120
1.29047, 1.30035, 1.28975, 1.29742
1.29685, 1.30143, 1.29476, 1.29640
1.29572, 1.29802, 1.28538, 1.28634
1.28580, 1.29618, 1.28496, 1.29518
1.29610, 1.29874, 1.29469, 1.29748
1.29771, 1.30861, 1.29622, 1.30789
1.30718, 1.30880, 1.30257, 1.30607
1.30458, 1.31002, 1.30361, 1.30528
1.30468, 1.30711, 1.29974, 1.30581
1.30721, 1.31149, 1.30438, 1.31014
1.31017, 1.32818, 1.30994, 1.32517
1.32290, 1.33303, 1.32290, 1.33273
1.33257, 1.33288, 1.31989, 1.32327
1.32325, 1.32626, 1.31669, 1.31909
1.32157, 1.32703, 1.31561, 1.31666
1.31598, 1.32390, 1.31124, 1.32370
1.32224, 1.32428, 1.31840, 1.32388
1.32318, 1.32840, 1.31757, 1.32291
1.32278, 1.32430, 1.30841, 1.31136
1.30884, 1.33250, 1.30619, 1.33212
1.33218, 1.34228, 1.31151, 1.31724
1.31735, 1.34180, 1.31595, 1.33673
1.33613, 1.33780, 1.32565, 1.33075
1.33071, 1.33417, 1.32331, 1.33170
1.33211, 1.33315, 1.32061, 1.32622
1.32607, 1.33048, 1.32392, 1.32576
1.32535, 1.32599, 1.30668, 1.30707
1.30741, 1.31161, 1.29145, 1.30047
1.30021, 1.31428, 1.30003, 1.31165
1.31223, 1.31499, 1.30614, 1.30825
1.30855, 1.31786, 1.30655, 1.31281
1.31280, 1.32043, 1.30756, 1.30773
1.30776, 1.31347, 1.29683, 1.29746
1.29752, 1.30738, 1.29205, 1.29641
1.29672, 1.31288, 1.29521, 1.30946
1.30686, 1.31248, 1.30043, 1.31080
1.30924, 1.31740, 1.30747, 1.31307
1.31279, 1.31666, 1.30564, 1.30737
1.30691, 1.31194, 1.29904, 1.30311
1.30324, 1.30635, 1.30073, 1.30485
1.30313, 1.31000, 1.30255, 1.30482
1.30426, 1.31480, 1.30329, 1.31231
1.31186, 1.31395, 1.30746, 1.30954
1.30845, 1.31303, 1.30783, 1.31029
1.31019, 1.31619, 1.30881, 1.31533
1.31484, 1.31730, 1.31232, 1.31468
1.31454, 1.31829, 1.31272, 1.31788
1.31731, 1.32042, 1.31441, 1.31862
1.31842, 1.31969, 1.31630, 1.31679
1.31689, 1.31908, 1.31611, 1.31817
1.31709, 1.32735, 1.31709, 1.31922
1.31929, 1.32074, 1.31569, 1.31626
1.31580, 1.31825, 1.31344, 1.31584
1.31536, 1.31930, 1.31391, 1.31663
1.31653, 1.32025, 1.31584, 1.31852
1.31827, 1.33050, 1.31707, 1.32836
1.32800, 1.33034, 1.32575, 1.32798
1.32823, 1.33258, 1.32601, 1.32821
1.32734, 1.33993, 1.32546, 1.33887
1.33875, 1.33875, 1.33138, 1.33293
1.33214, 1.33535, 1.33082, 1.33259
1.33280, 1.33304, 1.32249, 1.32715
1.32617, 1.32897, 1.31700, 1.32000
1.32094, 1.32208, 1.31437, 1.31528
1.31507, 1.31587, 1.30150, 1.30376
1.30361, 1.30662, 1.30082, 1.30159
1.30178, 1.30264, 1.29324, 1.29515
1.29537, 1.29610, 1.29118, 1.29242
1.29203, 1.29257, 1.28502, 1.28503
1.28535, 1.28887, 1.28190, 1.28287
1.28273, 1.29351, 1.28113, 1.28443
1.28431, 1.28637, 1.27327, 1.27817
1.27738, 1.27831, 1.26858, 1.26997
1.26947, 1.27512, 1.26785, 1.27299
1.27316, 1.27956, 1.27219, 1.27273
1.27207, 1.27926, 1.27038, 1.27473
1.27455, 1.27644, 1.26941, 1.27279
1.27207, 1.27566, 1.26858, 1.27062
1.26990, 1.27111, 1.26254, 1.26396
1.26349, 1.26558, 1.25581, 1.25672
1.25657, 1.26258, 1.25547, 1.25971
1.25866, 1.26297, 1.25553, 1.26134
1.26141, 1.26552, 1.25625, 1.25827
1.25807, 1.26565, 1.25643, 1.25790
1.25749, 1.26071, 1.25408, 1.25584
1.25502, 1.26342, 1.25413, 1.26245
1.26245, 1.26769, 1.26023, 1.26310
1.26287, 1.26348, 1.25722, 1.25952
1.25926, 1.26036, 1.25664, 1.25669
1.25664, 1.25920, 1.25176, 1.25193
1.25201, 1.25649, 1.24839, 1.25576
1.25570, 1.25871, 1.25320, 1.25678
1.25621, 1.25763, 1.24318, 1.24732
1.24652, 1.24922, 1.24116, 1.24390
1.24382, 1.24730, 1.23601, 1.23814
1.23762, 1.24583, 1.23537, 1.23762
1.23738, 1.24266, 1.23473, 1.24050
1.24006, 1.24461, 1.23575, 1.23725
1.23731, 1.24296, 1.23386, 1.23922
1.23918, 1.24895, 1.23918, 1.24834
1.24799, 1.24968, 1.24036, 1.24187
1.24162, 1.24214, 1.23708, 1.23995
1.23920, 1.24142, 1.23836, 1.23851
1.23818, 1.24300, 1.23771, 1.24203
1.24197, 1.24434, 1.23954, 1.24395
1.24274, 1.24504, 1.23613, 1.23817
1.23764, 1.23924, 1.23478, 1.23733
1.23708, 1.24111, 1.23424, 1.24040
1.23877, 1.24140, 1.23432, 1.23733
1.23733, 1.23847, 1.23062, 1.23214
1.23180, 1.23315, 1.22383, 1.22547
1.22530, 1.22971, 1.22373, 1.22760
1.22715, 1.23445, 1.22476, 1.23143
1.23090, 1.23370, 1.22667, 1.22674
1.22663, 1.23041, 1.22278, 1.22529
1.22481, 1.22744, 1.22244, 1.22564
1.22538, 1.23346, 1.22438, 1.22934
1.22904, 1.23693, 1.22793, 1.23399
1.23370, 1.23449, 1.22973, 1.22982
1.22898, 1.23006, 1.21124, 1.21143
1.21121, 1.21245, 1.20180, 1.20306
1.20296, 1.21265, 1.20230, 1.20869
1.20737, 1.20946, 1.19997, 1.20119
1.20120, 1.20176, 1.19035, 1.19429
1.19313, 1.19536, 1.18021, 1.18162
1.18154, 1.19498, 1.17931, 1.18763
1.18750, 1.19024, 1.17882, 1.18408
1.18349, 1.18739, 1.18158, 1.18301
1.18233, 1.18351, 1.16928, 1.16928
1.17232, 1.17675, 1.16757, 1.17015
1.17006, 1.17990, 1.16738, 1.17762
1.17732, 1.17802, 1.17132, 1.17346
1.17298, 1.18523, 1.17178, 1.18006
1.17950, 1.19406, 1.17885, 1.18822
1.18891, 1.19258, 1.18465, 1.19036
1.19017, 1.19347, 1.18181, 1.18996
1.18960, 1.19245, 1.18708, 1.19091
1.19060, 1.20651, 1.18850, 1.20543
1.20474, 1.20740, 1.19432, 1.19680
1.19311, 1.20150, 1.19163, 1.19622
1.19457, 1.20905, 1.19399, 1.20549
1.20549, 1.20680, 1.19321, 1.19845
1.19786, 1.20363, 1.19493, 1.20191
1.20096, 1.20795, 1.20068, 1.20350
1.20209, 1.20602, 1.19279, 1.19463
1.19454, 1.19671, 1.18509, 1.19259
1.19257, 1.20283, 1.19162, 1.20171
1.20117, 1.21763, 1.19991, 1.21554
1.21483, 1.22029, 1.21249, 1.21354
1.21133, 1.22725, 1.21083, 1.22447
1.22432, 1.22819, 1.21958, 1.22558
1.22461, 1.22903, 1.22271, 1.22408
1.22290, 1.22589, 1.21924, 1.22113
1.22103, 1.23825, 1.21988, 1.23710
1.23293, 1.23653, 1.23009, 1.23346
1.23320, 1.24316, 1.23036, 1.24116
1.24086, 1.24773, 1.23756, 1.24394
1.24411, 1.24570, 1.23295, 1.24364
1.24304, 1.24735, 1.23533, 1.23552
1.23615, 1.23840, 1.22881, 1.23072
1.22983, 1.23632, 1.22921, 1.23146
1.23008, 1.23168, 1.22025, 1.22534
1.22480, 1.22779, 1.22284, 1.22441
1.22495, 1.22656, 1.21675, 1.21762
1.21875, 1.23160, 1.21694, 1.22710
1.22564, 1.23260, 1.21559, 1.22169
1.22167, 1.23186, 1.21899, 1.22595
1.22565, 1.24027, 1.22435, 1.23154
1.23179, 1.23526, 1.22187, 1.22733
1.22465, 1.22779, 1.22152, 1.22236
1.22233, 1.22416, 1.20919, 1.21342
1.21251, 1.22000, 1.21161, 1.21537
1.21490, 1.24268, 1.21173, 1.24002
1.23997, 1.26721, 1.23770, 1.26059
1.26011, 1.26156, 1.24629, 1.25657
1.25699, 1.27787, 1.25637, 1.27672
1.27677, 1.28283, 1.26149, 1.27605
1.27685, 1.28927, 1.26211, 1.27348
1.27330, 1.27796, 1.26729, 1.27640
1.27483, 1.28198, 1.26767, 1.27750
1.27730, 1.28507, 1.27218, 1.27374
1.27327, 1.28008, 1.27020, 1.27958
1.27819, 1.28255, 1.26918, 1.27484
1.27477, 1.27644, 1.27073, 1.27623
1.27452, 1.28199, 1.27445, 1.27886
1.27906, 1.28277, 1.27452, 1.27842
1.27851, 1.28130, 1.27438, 1.27612
1.27590, 1.28009, 1.27455, 1.27495
1.27529, 1.28095, 1.27439, 1.27488
1.27397, 1.27761, 1.27189, 1.27223
1.27232, 1.28037, 1.27156, 1.27865
1.27869, 1.28027, 1.27456, 1.27615
1.27511, 1.27866, 1.27040, 1.27468
1.27463, 1.27788, 1.27297, 1.27375
1.27513, 1.28191, 1.27343, 1.27656
1.27592, 1.27983, 1.27430, 1.27535
1.27581, 1.27718, 1.26913, 1.27216
1.27165, 1.27364, 1.26731, 1.27299
1.27221, 1.27847, 1.27221, 1.27655
1.27780, 1.28612, 1.27694, 1.28143
1.28088, 1.28469, 1.27895, 1.28026
1.27985, 1.28350, 1.27657, 1.28061
1.27939, 1.28601, 1.27863, 1.28171
1.28139, 1.28518, 1.27685, 1.27973
1.28235, 1.28783, 1.27972, 1.28559
1.28441, 1.28708, 1.28040, 1.28305
1.28129, 1.29104, 1.28026, 1.28970
1.29039, 1.29401, 1.28823, 1.28894
1.28859, 1.29533, 1.28759, 1.29321
1.29066, 1.29302, 1.28203, 1.28277
1.28159, 1.28661, 1.28042, 1.28264
1.28158, 1.29697, 1.28086, 1.29573
1.29425, 1.30153, 1.29425, 1.29884
1.29858, 1.30128, 1.29498, 1.30039
1.30030, 1.30564, 1.29762, 1.29789
1.29761, 1.30035, 1.29482, 1.29490
1.29427, 1.30001, 1.28981, 1.29679
1.29646, 1.29933, 1.28767, 1.29701
1.32000, 1.33059, 1.30797, 1.31151
1.31151, 1.31986, 1.30933, 1.30998
1.30917, 1.31005, 1.28481, 1.28649
1.28603, 1.28797, 1.28103, 1.28207
1.28153, 1.28725, 1.27104, 1.27230
1.27174, 1.28328, 1.27130, 1.27765
1.27618, 1.27868, 1.26625, 1.26991
1.26947, 1.27263, 1.26921, 1.27035
1.27358, 1.27677, 1.27182, 1.27514
1.27415, 1.27966, 1.27183, 1.27505
1.27543, 1.27708, 1.26925, 1.27041
1.26936, 1.28540, 1.26869, 1.28202
1.28226, 1.28300, 1.27480, 1.27544
1.27562, 1.27787, 1.26840, 1.27152
1.26966, 1.27632, 1.26810, 1.27446
1.27412, 1.28010, 1.27203, 1.27274
1.27264, 1.27844, 1.26690, 1.27507
1.27441, 1.27847, 1.26684, 1.27167
1.27094, 1.27658, 1.26918, 1.27045
1.26746, 1.26972, 1.25856, 1.26084
1.26038, 1.26246, 1.25499, 1.25944
1.25833, 1.26147, 1.25290, 1.25669
1.25682, 1.26258, 1.25473, 1.26197
1.26096, 1.26614, 1.25803, 1.25822
1.25759, 1.26033, 1.25548, 1.25882
1.25854, 1.26470, 1.25723, 1.26369
1.26344, 1.27565, 1.26269, 1.27157
1.27099, 1.27353, 1.26806, 1.27184
1.27020, 1.27747, 1.26746, 1.26909
1.26827, 1.27239, 1.26452, 1.26581
1.26464, 1.26771, 1.25939, 1.26747
1.26610, 1.26973, 1.26572, 1.26700
1.26555, 1.27117, 1.25951, 1.26887
1.26765, 1.27573, 1.26744, 1.27200
1.26892, 1.27139, 1.25433, 1.25569
1.25408, 1.26476, 1.25316, 1.26300
1.26240, 1.27090, 1.26028, 1.26529
1.26496, 1.26631, 1.25973, 1.25973
1.25925, 1.26432, 1.25857, 1.25937
1.25852, 1.26512, 1.25817, 1.26213
1.26111, 1.26795, 1.26070, 1.26393
1.26319, 1.26867, 1.26274, 1.26748
1.26717, 1.27927, 1.26507, 1.27728
1.27597, 1.28165, 1.27525, 1.28115
1.27923, 1.28195, 1.27494, 1.27520
1.27485, 1.28203, 1.27180, 1.27779
1.27721, 1.28102, 1.27035, 1.27120
1.27057, 1.27171, 1.26257, 1.26775
1.26736, 1.27143, 1.26541, 1.26720
1.26770, 1.27115, 1.26193, 1.26562
1.26528, 1.27143, 1.26402, 1.26903
1.26796, 1.27077, 1.25889, 1.25986
1.25936, 1.26075, 1.24610, 1.24657
1.24623, 1.24956, 1.23281, 1.23706
1.23271, 1.23950, 1.21934, 1.22327
1.22202, 1.22921, 1.22022, 1.22557
1.22385, 1.23240, 1.21823, 1.23189
1.23063, 1.23368, 1.22360, 1.22419
1.22434, 1.22604, 1.21328, 1.22290
1.21832, 1.22322, 1.20215, 1.21267
1.21233, 1.22318, 1.20601, 1.21032
1.21024, 1.21592, 1.19785, 1.20340
1.20326, 1.20480, 1.18312, 1.18905
1.18764, 1.19347, 1.16590, 1.16590
1.17279, 1.17628, 1.15433, 1.15929
1.15965, 1.16515, 1.15665, 1.15903
1.15881, 1.16460, 1.11405, 1.11944
1.12019, 1.15408, 1.11136, 1.13287
1.13220, 1.17130, 1.12709, 1.14726
1.14939, 1.15184, 1.12440, 1.13532
1.13520, 1.15811, 1.13072, 1.15322
1.15373, 1.17184, 1.14197, 1.15879
1.15853, 1.17593, 1.15025, 1.17140
1.17135, 1.18998, 1.16715, 1.18423
1.18326, 1.19314, 1.17762, 1.18992
1.18849, 1.20310, 1.17785, 1.19251
1.19405, 1.20382, 1.18739, 1.19354
1.19549, 1.20869, 1.19381, 1.20660
1.20714, 1.20797, 1.19451, 1.19785
1.19324, 1.20493, 1.19314, 1.19658
1.19559, 1.20190, 1.19091, 1.19583
1.19465, 1.20638, 1.19367, 1.20379
1.20269, 1.20927, 1.20176, 1.20418
1.20453, 1.20577, 1.20078, 1.20150
1.20274, 1.21189, 1.20180, 1.20972
1.20941, 1.21435, 1.20670, 1.21267
1.21156, 1.21266, 1.20446, 1.20776
1.20643, 1.20904, 1.20397, 1.20854
1.20766, 1.21169, 1.20595, 1.20850
1.20801, 1.20945, 1.20267, 1.20316
1.20269, 1.20518, 1.18696, 1.19168
1.19103, 1.19865, 1.19042, 1.19812
1.19700, 1.20690, 1.19660, 1.20466
1.20438, 1.20723, 1.20068, 1.20246
1.20237, 1.21274, 1.20237, 1.21227
1.21500, 1.22050, 1.21018, 1.21098
1.21067, 1.21555, 1.20703, 1.21424
1.21367, 1.22028, 1.21059, 1.21592
1.21465, 1.21711, 1.19987, 1.20048
1.20001, 1.20246, 1.19636, 1.20094
1.20023, 1.21201, 1.19975, 1.20917
1.20897, 1.21138, 1.20223, 1.20287
1.20235, 1.20927, 1.19867, 1.20290
1.20176, 1.20820, 1.20125, 1.20413
1.20575, 1.20736, 1.19426, 1.19988
1.19922, 1.20050, 1.18806, 1.18838
1.18775, 1.19493, 1.18529, 1.18959
1.18849, 1.19095, 1.18515, 1.19005
1.18898, 1.19113, 1.17526, 1.17576
1.17486, 1.19042, 1.17286, 1.18444
1.18383, 1.19353, 1.18374, 1.18984
1.18854, 1.19099, 1.17953, 1.18034
1.18043, 1.18788, 1.17741, 1.18587
1.18544, 1.18753, 1.18104, 1.18104
1.18255, 1.18558, 1.18155, 1.18326
1.18371, 1.19618, 1.18299, 1.19105
1.19055, 1.19722, 1.18348, 1.18679
1.18645, 1.19226, 1.18623, 1.18802
1.18737, 1.19222, 1.18110, 1.18630
1.18382, 1.20248, 1.18345, 1.19990
1.20049, 1.20981, 1.19941, 1.20791
1.20691, 1.21367, 1.20666, 1.20841
1.20814, 1.20956, 1.20023, 1.20335
1.20363, 1.22598, 1.20149, 1.21878
1.21962, 1.22439, 1.21254, 1.21830
1.21784, 1.22095, 1.20525, 1.20995
1.20915, 1.21301, 1.20181, 1.20263
1.20289, 1.20359, 1.18376, 1.18957
1.18925, 1.19789, 1.18528, 1.19395
1.19329, 1.19633, 1.18629, 1.19618
1.19563, 1.20357, 1.19322, 1.19570
1.19466, 1.19728, 1.18909, 1.19067
1.18934, 1.19212, 1.17984, 1.18151
1.18050, 1.18383, 1.17444, 1.17566
1.17567, 1.18218, 1.17420, 1.18122
1.17997, 1.18413, 1.17564, 1.18267
1.18123, 1.18461, 1.17631, 1.17703
1.17624, 1.18232, 1.17611, 1.17735
1.17745, 1.17910, 1.16813, 1.16920
1.16864, 1.17238, 1.16295, 1.16944
1.16896, 1.17478, 1.16562, 1.17455
1.17288, 1.18139, 1.17034, 1.17955
1.17894, 1.18243, 1.17775, 1.17831
1.17795, 1.18078, 1.17709, 1.17881
1.18051, 1.18053, 1.17276, 1.17661
1.17638, 1.18525, 1.17492, 1.18189
1.18171, 1.18425, 1.17813, 1.18284
1.18267, 1.18810, 1.18197, 1.18467
1.18464, 1.18987, 1.18405, 1.18746
1.18833, 1.19012, 1.18168, 1.18189
1.18184, 1.18282, 1.17313, 1.17979
1.17903, 1.19149, 1.17854, 1.18849
1.18813, 1.19064, 1.18343, 1.18703
1.18645, 1.18822, 1.17646, 1.17917
1.17953, 1.19012, 1.17588, 1.18850
1.18820, 1.19359, 1.18716, 1.18785
1.18704, 1.18790, 1.18054, 1.18363
1.18238, 1.18402, 1.17597, 1.17878
1.17761, 1.18167, 1.17529, 1.17738
1.17765, 1.18760, 1.17524, 1.18443
1.18660, 1.18791, 1.17970, 1.18665
1.18568, 1.19185, 1.18408, 1.18575
1.18450, 1.19234, 1.18313, 1.18992
1.18921, 1.20033, 1.18802, 1.19431
1.19450, 1.20335, 1.19322, 1.19986
1.19896, 1.20148, 1.18841, 1.19335
1.19297, 1.19558, 1.18894, 1.19081
1.19055, 1.19948, 1.18898, 1.19530
1.19445, 1.19754, 1.19034, 1.19066
1.19151, 1.19875, 1.18989, 1.19670
1.19566, 1.19925, 1.19292, 1.19589
1.19597, 1.19968, 1.18704, 1.18836
1.18712, 1.19364, 1.18705, 1.18829
1.18801, 1.19453, 1.18699, 1.18912
1.19007, 1.19151, 1.18553, 1.18771
1.18691, 1.19641, 1.18592, 1.19605
1.19487, 1.20262, 1.19297, 1.19815
1.19778, 1.20057, 1.19284, 1.19903
1.19838, 1.20269, 1.19194, 1.19283
1.19254, 1.19611, 1.18902, 1.19091
1.19078, 1.19735, 1.18988, 1.19343
1.19318, 1.20025, 1.19217, 1.19969
1.19809, 1.20195, 1.19771, 1.19948
1.19868, 1.20749, 1.19793, 1.20670
1.20556, 1.20873, 1.20105, 1.20760
1.20703, 1.22211, 1.20618, 1.21671
1.21514, 1.21953, 1.21021, 1.21557
1.21477, 1.21685, 1.20606, 1.20727
1.20608, 1.21307, 1.20578, 1.21271
1.21010, 1.21172, 1.20154, 1.20530
1.20550, 1.20702, 1.19090, 1.19122
1.19064, 1.19164, 1.18299, 1.18567
1.18509, 1.18667, 1.16160, 1.16523
1.16468, 1.16992, 1.15973, 1.16267
1.16114, 1.17031, 1.16094, 1.16666
1.16576, 1.17184, 1.16384, 1.17014
1.16976, 1.18104, 1.16792, 1.17897
1.17841, 1.18318, 1.17117, 1.17815
1.17767, 1.18167, 1.17575, 1.17686
1.17624, 1.18010, 1.17008, 1.17176
1.17095, 1.17611, 1.16531, 1.17114
1.16982, 1.17974, 1.16683, 1.17529
1.17478, 1.18299, 1.17225, 1.18075
1.18104, 1.18578, 1.17775, 1.18360
1.18458, 1.19675, 1.18377, 1.18567
1.18620, 1.18987, 1.18032, 1.18110
1.18228, 1.19020, 1.17967, 1.18968
1.18921, 1.19065, 1.17712, 1.18341
1.18380, 1.19309, 1.18162, 1.19000
1.18826, 1.18946, 1.18354, 1.18755
1.18694, 1.18927, 1.18048, 1.18106
1.18086, 1.18547, 1.17702, 1.18450
1.18414, 1.18962, 1.18280, 1.18590
1.18410, 1.18796, 1.17894, 1.18624
1.18546, 1.18943, 1.18464, 1.18761
1.18731, 1.19006, 1.18240, 1.18301
1.18230, 1.19161, 1.17676, 1.18812
1.18769, 1.18937, 1.17848, 1.17951
1.18091, 1.18488, 1.17535, 1.18160
1.17951, 1.18790, 1.17750, 1.17817
1.17721, 1.17974, 1.17210, 1.17416
1.17325, 1.19104, 1.17253, 1.18935
1.18944, 1.19100, 1.18585, 1.18653
1.18607, 1.18799, 1.17712, 1.17896
1.17981, 1.18509, 1.17603, 1.18147
1.18156, 1.18575, 1.18030, 1.18537
1.18516, 1.18823, 1.17824, 1.18167
1.18190, 1.18702, 1.17885, 1.18247
1.18291, 1.19013, 1.17967, 1.18667
1.18327, 1.18879, 1.18013, 1.18712
1.18557, 1.19275, 1.18511, 1.19116
1.19097, 1.19575, 1.18165, 1.18420
1.18311, 1.18955, 1.17893, 1.18852
1.18820, 1.18918, 1.17970, 1.18332
1.18280, 1.20340, 1.18062, 1.20252
1.20154, 1.21587, 1.20050, 1.21418
1.21222, 1.22007, 1.21076, 1.21220
1.21181, 1.21261, 1.19910, 1.20058
1.19931, 1.20573, 1.19879, 1.20380
1.20233, 1.20763, 1.19958, 1.20431
1.20296, 1.20816, 1.20286, 1.20721
1.20631, 1.21228, 1.20631, 1.20836
1.20810, 1.20998, 1.20385, 1.20721
1.20712, 1.21194, 1.20534, 1.21016
1.21072, 1.21845, 1.20937, 1.21525
1.21443, 1.21923, 1.21360, 1.21725
1.21562, 1.21853, 1.21359, 1.21552
1.21477, 1.21583, 1.20810, 1.20989
1.21024, 1.21303, 1.20172, 1.20268
1.20472, 1.21146, 1.20095, 1.21048
1.20914, 1.21524, 1.20328, 1.20760
1.20675, 1.20849, 1.19105, 1.19568
1.19433, 1.20283, 1.19433, 1.19720
1.19880, 1.20363, 1.19484, 1.19758
1.19425, 1.19706, 1.18077, 1.19161
1.19029, 1.19113, 1.18213, 1.18709
1.18652, 1.19768, 1.18609, 1.19206
1.19022, 1.19199, 1.17652, 1.17652
1.17715, 1.18093, 1.16820, 1.17607
1.18607, 1.19068, 1.18070, 1.18193
1.18050, 1.19260, 1.17648, 1.19110
1.19153, 1.19928, 1.18989, 1.19464
1.19446, 1.20514, 1.19417, 1.20059
1.20048, 1.20119, 1.19044, 1.19433
1.18791, 1.19455, 1.17324, 1.19211
1.19218, 1.19364, 1.18253, 1.18694
1.18781, 1.20411, 1.18674, 1.19810
1.19776, 1.21213, 1.19742, 1.20769
1.20439, 1.20747, 1.19429, 1.19528
1.19474, 1.19913, 1.19194, 1.19323
1.19285, 1.20459, 1.19225, 1.20036
1.19974, 1.20917, 1.19840, 1.20824
1.20613, 1.21082, 1.19298, 1.19521
1.19488, 1.19803, 1.19201, 1.19666
1.19599, 1.19869, 1.19147, 1.19489
1.19465, 1.20184, 1.19330, 1.20054
1.19974, 1.20565, 1.19920, 1.19987
1.20084, 1.20357, 1.19674, 1.20237
1.20196, 1.21303, 1.20174, 1.21088
1.21058, 1.21637, 1.20896, 1.20978
1.21008, 1.21619, 1.20944, 1.21509
1.21473, 1.21611, 1.20781, 1.21037
1.20989, 1.21142, 1.20529, 1.20923
1.20936, 1.21239, 1.20674, 1.21067
1.21039, 1.21952, 1.20989, 1.21498
1.21387, 1.21943, 1.21342, 1.21532
1.21444, 1.21549, 1.20746, 1.21056
1.21184, 1.21516, 1.21024, 1.21434
1.21391, 1.21969, 1.21029, 1.21774
1.21702, 1.22042, 1.21540, 1.21602
1.21559, 1.21996, 1.21215, 1.21906
1.21816, 1.22250, 1.21483, 1.21961
1.21978, 1.22923, 1.21911, 1.22537
1.22471, 1.22849, 1.22364, 1.22625
1.22540, 1.22893, 1.22475, 1.22610
1.22562, 1.23633, 1.22339, 1.23604
1.23463, 1.23711, 1.23322, 1.23433
1.23349, 1.23625, 1.23206, 1.23502
1.23396, 1.23561, 1.22939, 1.23241
1.23156, 1.23420, 1.23044, 1.23126
1.23068, 1.23273, 1.22828, 1.22922
1.22887, 1.23596, 1.22769, 1.23519
1.23465, 1.23959, 1.23388, 1.23728
1.23750, 1.24184, 1.23548, 1.24078
1.23992, 1.24625, 1.23873, 1.24586
1.24439, 1.25308, 1.24405, 1.25156
1.25070, 1.25733, 1.24973, 1.25509
1.25587, 1.26287, 1.25460, 1.25968
1.25924, 1.27793, 1.25923, 1.27759
1.27326, 1.28950, 1.27322, 1.28088
1.28097, 1.28617, 1.26719, 1.26719
1.26707, 1.26958, 1.25748, 1.26443
1.26520, 1.27711, 1.26456, 1.27363
1.27333, 1.27918, 1.26982, 1.27625
1.27535, 1.28431, 1.27532, 1.28291
1.28270, 1.29651, 1.28065, 1.29014
1.28947, 1.29141, 1.27965, 1.28749
1.28267, 1.29484, 1.28209, 1.29432
1.29320, 1.29875, 1.28772, 1.28808
1.28876, 1.29584, 1.28724, 1.29516
1.29386, 1.29704, 1.28888, 1.29332
1.29183, 1.29807, 1.29012, 1.29335
1.29242, 1.29692, 1.28656, 1.28873
1.28870, 1.28930, 1.27872, 1.28533
1.28434, 1.29160, 1.28330, 1.28723
1.28735, 1.29572, 1.28735, 1.29115
1.29118, 1.29453, 1.28655, 1.28735
1.28617, 1.28912, 1.27716, 1.27902
1.27870, 1.28771, 1.27772, 1.28406
1.28383, 1.28505, 1.27842, 1.28011
1.27958, 1.29147, 1.27958, 1.29037
1.29039, 1.29867, 1.29015, 1.29439
1.29438, 1.30144, 1.29150, 1.29230
1.29150, 1.29801, 1.29070, 1.29401
1.29359, 1.30355, 1.29317, 1.30075
1.29952, 1.30616, 1.29927, 1.30240
1.30255, 1.30410, 1.30033, 1.30314
1.30300, 1.30724, 1.30012, 1.30131
1.30080, 1.30445, 1.28527, 1.28657
1.28691, 1.28816, 1.27419, 1.27667
1.27616, 1.27946, 1.26817, 1.26893
1.26901, 1.27322, 1.26414, 1.26647
1.26758, 1.27209, 1.26611, 1.26703
1.26834, 1.27428, 1.26265, 1.26566
1.26506, 1.27327, 1.26474, 1.27094
1.27014, 1.27486, 1.26927, 1.27051
1.27176, 1.27320, 1.26238, 1.27291
1.27120, 1.28105, 1.26816, 1.27980
1.27867, 1.28165, 1.27432, 1.27584
1.27593, 1.27990, 1.27436, 1.27668
1.27616, 1.27745, 1.26832, 1.26872
1.26854, 1.27308, 1.26646, 1.26647
1.26675, 1.27350, 1.26662, 1.27064
1.26953, 1.27352, 1.26831, 1.27034
1.27030, 1.27335, 1.26684, 1.26750
1.26722, 1.27242, 1.26617, 1.26689
1.26557, 1.26822, 1.26017, 1.26101
1.25962, 1.26925, 1.25901, 1.26695
1.26574, 1.27134, 1.26233, 1.26773
1.26811, 1.27352, 1.26756, 1.26877
1.26861, 1.27091, 1.25916, 1.26049
1.26102, 1.26498, 1.25815, 1.25929
1.26131, 1.27395, 1.25989, 1.27212
1.27176, 1.27948, 1.27115, 1.27753
1.27716, 1.28191, 1.27622, 1.27725
1.27740, 1.27847, 1.27077, 1.27221
1.27259, 1.27408, 1.26800, 1.27013
1.27151, 1.27719, 1.26890, 1.27664
1.27628, 1.27889, 1.27187, 1.27312
1.27315, 1.27809, 1.27188, 1.27499
1.27485, 1.27708, 1.27116, 1.27305
1.27254, 1.27608, 1.26932, 1.27005
1.27113, 1.27218, 1.26709, 1.26935
1.26864, 1.27164, 1.26504, 1.26587
1.26596, 1.26970, 1.26488, 1.26681
1.26705, 1.27615, 1.26530, 1.27343
1.27337, 1.27794, 1.27279, 1.27655
1.27604, 1.27868, 1.27460, 1.27668
1.27679, 1.27993, 1.26763, 1.26871
1.26898, 1.27649, 1.26775, 1.27223
1.27153, 1.27697, 1.27127, 1.27445
1.27369, 1.27832, 1.27250, 1.27277
1.27294, 1.27510, 1.27020, 1.27197
1.27254, 1.27285, 1.26532, 1.26898
1.26901, 1.27178, 1.26254, 1.26381
1.26349, 1.26984, 1.26121, 1.26789
1.26601, 1.27022, 1.26531, 1.26681
1.26655, 1.26988, 1.26453, 1.26817
1.26965, 1.27043, 1.26299, 1.26487
1.26388, 1.27124, 1.26345, 1.27019
1.27119, 1.27850, 1.26939, 1.27769
1.27662, 1.27973, 1.27154, 1.27323
1.27421, 1.27982, 1.27142, 1.27875
1.27848, 1.28141, 1.27508, 1.28035
1.28015, 1.28421, 1.27850, 1.28173
1.28271, 1.28556, 1.27628, 1.27775
1.27723, 1.27851, 1.27129, 1.27225
1.27424, 1.28020, 1.27204, 1.27633
1.27554, 1.27672, 1.27284, 1.27483
1.27426, 1.28054, 1.27340, 1.27945
1.27893, 1.28159, 1.27317, 1.27331
1.27289, 1.27607, 1.27088, 1.27302
1.27356, 1.27784, 1.27250, 1.27617
1.27561, 1.28041, 1.27380, 1.27551
1.27442, 1.27815, 1.27197, 1.27623
1.27648, 1.27758, 1.25667, 1.26141
1.26044, 1.27001, 1.25912, 1.26999
1.26998, 1.27198, 1.26619, 1.26997
1.27020, 1.27139, 1.26693, 1.26825
1.26759, 1.27584, 1.26646, 1.26700
1.26728, 1.27311, 1.26178, 1.26867
1.26850, 1.27433, 1.26512, 1.26527
1.26572, 1.26606, 1.25346, 1.25494
1.25359, 1.25658, 1.25008, 1.25528
1.25487, 1.25927, 1.25283, 1.25728
1.25693, 1.26668, 1.25636, 1.26478
1.26315, 1.26735, 1.26175, 1.26405
1.26452, 1.26869, 1.26147, 1.26512
1.26500, 1.26969, 1.26259, 1.26925
1.26889, 1.27131, 1.26520, 1.26528
1.26488, 1.26908, 1.26450, 1.26490
1.26439, 1.26625, 1.25823, 1.25868
1.25911, 1.26151, 1.25602, 1.25677
1.25654, 1.25949, 1.25483, 1.25781
1.25755, 1.26196, 1.25669, 1.25878
1.25872, 1.26433, 1.25816, 1.26266
1.26251, 1.27022, 1.26195, 1.26928
1.26856, 1.27488, 1.26812, 1.27458
1.27403, 1.27901, 1.27293, 1.27684
1.27667, 1.27924, 1.27466, 1.27787
1.27790, 1.27881, 1.27421, 1.27447
1.27448, 1.27536, 1.26876, 1.26926
1.26969, 1.26974, 1.26117, 1.26282
1.26263, 1.26323, 1.25397, 1.25672
1.25648, 1.26418, 1.25436, 1.26097
1.26084, 1.26247, 1.25166, 1.25241
1.25235, 1.25334, 1.24712, 1.24882
1.24891, 1.25592, 1.24747, 1.25211
1.25182, 1.25507, 1.24905, 1.25316
1.25281, 1.25758, 1.25162, 1.25741
1.25723, 1.26093, 1.25425, 1.25747
1.25713, 1.26064, 1.25291, 1.25307
1.25322, 1.26249, 1.25242, 1.26178
1.26133, 1.26328, 1.25580, 1.25869
1.25854, 1.26394, 1.25780, 1.26061
1.26042, 1.26647, 1.25966, 1.26488
1.26474, 1.26814, 1.26239, 1.26633
1.26553, 1.26843, 1.26498, 1.26556
1.26523, 1.26769, 1.25971, 1.26749
1.26743, 1.27010, 1.26371, 1.26981
1.26953, 1.27313, 1.26592, 1.26826
1.26815, 1.27359, 1.26723, 1.26955
1.27084, 1.27764, 1.26939, 1.27637
1.27599, 1.27961, 1.26938, 1.27019
1.27011, 1.27332, 1.26591, 1.27295
1.27268, 1.28085, 1.27041, 1.27946
1.27915, 1.28182, 1.27690, 1.27956
1.27996, 1.28024, 1.26552, 1.26672
1.26656, 1.27026, 1.25854, 1.26146
1.26111, 1.26401, 1.25592, 1.26122
1.26091, 1.27058, 1.25985, 1.26824
1.26817, 1.27056, 1.26264, 1.26353
1.26272, 1.27301, 1.26195, 1.26837
1.26817, 1.27214, 1.25434, 1.25795
1.25766, 1.25945, 1.25043, 1.25459
1.25427, 1.26127, 1.25354, 1.25479
1.25469, 1.26204, 1.25021, 1.25994
1.25970, 1.26223, 1.25514, 1.25793
1.25777, 1.26548, 1.25677, 1.26468
1.26453, 1.26600, 1.25785, 1.25986
1.25954, 1.26556, 1.25725, 1.26458
1.26411, 1.26681, 1.26177, 1.26239
1.26155, 1.26765, 1.26041, 1.26111
1.26091, 1.26650, 1.25788, 1.26457
1.26424, 1.26635, 1.26044, 1.26216
1.26191, 1.26473, 1.25923, 1.26274
1.26243, 1.27292, 1.26092, 1.26829
1.27005, 1.27274, 1.26646, 1.26796
1.26775, 1.27404, 1.26660, 1.27281
1.27270, 1.27616, 1.26857, 1.27007
1.26990, 1.27173, 1.26530, 1.26656
1.26645, 1.26793, 1.25886, 1.26030
1.25953, 1.26655, 1.25824, 1.26634
1.26611, 1.27167, 1.26449, 1.26586
1.26585, 1.26692, 1.25782, 1.26140
1.26123, 1.26399, 1.25666, 1.25788
1.25761, 1.25823, 1.25187, 1.25285
1.25237, 1.25437, 1.24092, 1.24092
1.24149, 1.24754, 1.24047, 1.24437
1.24434, 1.24781, 1.24034, 1.24711
1.24703, 1.24843, 1.23020, 1.23127
1.23118, 1.23518, 1.22776, 1.23073
1.22960, 1.24084, 1.22960, 1.23918
1.23877, 1.24244, 1.23411, 1.23522
1.23506, 1.23874, 1.23032, 1.23056
1.23052, 1.23680, 1.22904, 1.23078
1.23077, 1.23722, 1.23007, 1.23526
1.23576, 1.24202, 1.23336, 1.24054
1.24038, 1.25028, 1.23974, 1.24887
1.24875, 1.25514, 1.24793, 1.25212
1.25168, 1.25440, 1.24737, 1.24934
1.24887, 1.25159, 1.24118, 1.24805
1.24835, 1.25052, 1.24505, 1.24955
1.24875, 1.24973, 1.24362, 1.24848
1.24831, 1.25188, 1.24410, 1.24471
1.24454, 1.24747, 1.24217, 1.24581
1.24577, 1.24664, 1.22773, 1.23200
1.23059, 1.23673, 1.22813, 1.22858
1.22840, 1.22993, 1.21850, 1.22152
1.22133, 1.22769, 1.22061, 1.22168
1.22127, 1.22729, 1.22004, 1.22387
1.22376, 1.22421, 1.21295, 1.21416
1.21635, 1.22864, 1.21438, 1.22719
1.22645, 1.22887, 1.22318, 1.22450
1.22443, 1.22513, 1.21343, 1.21497
1.21513, 1.22263, 1.21416, 1.22068
1.22029, 1.22295, 1.21730, 1.22125
1.22083, 1.22560, 1.21724, 1.21782
1.21848, 1.22335, 1.21589, 1.22214
1.22163, 1.22767, 1.22049, 1.22589
1.22560, 1.23574, 1.22309, 1.22470
1.22452, 1.22575, 1.21971, 1.22202
1.22291, 1.22365, 1.21513, 1.21680
1.21622, 1.22591, 1.21528, 1.22531
1.22485, 1.22975, 1.22340, 1.22771
1.22739, 1.23710, 1.22642, 1.23157
1.23083, 1.23310, 1.22764, 1.23097
1.23080, 1.23443, 1.22972, 1.23325
1.23304, 1.23482, 1.23074, 1.23182
1.23148, 1.23468, 1.23091, 1.23354
1.23342, 1.23624, 1.23264, 1.23372
1.23339, 1.23538, 1.22838, 1.23307
1.23250, 1.23887, 1.23197, 1.23827
1.23818, 1.24114, 1.23565, 1.23944
1.23916, 1.24558, 1.23773, 1.24337
1.24319, 1.24792, 1.23992, 1.24684
1.24654, 1.25014, 1.24546, 1.24740
1.24744, 1.25901, 1.24695, 1.25892
1.25857, 1.26082, 1.25684, 1.25900
1.25888, 1.26010, 1.25072, 1.25271
1.25256, 1.25595, 1.24806, 1.24905
1.24878, 1.25166, 1.24678, 1.24955
1.24835, 1.25144, 1.24667, 1.24717
1.24687, 1.24867, 1.24295, 1.24713
1.24697, 1.25033, 1.24443, 1.24640
1.24633, 1.24999, 1.24472, 1.24709
1.24701, 1.24720, 1.23404, 1.23548
1.23497, 1.23903, 1.22782, 1.23307
1.23261, 1.24203, 1.23149, 1.23956
1.23887, 1.24566, 1.23772, 1.24419
1.24382, 1.24834, 1.24099, 1.24569
1.24557, 1.25079, 1.24385, 1.24677
1.24693, 1.25488, 1.24474, 1.24602
1.24582, 1.24728, 1.24156, 1.24550
1.24517, 1.24800, 1.24453, 1.24712
1.24688, 1.25620, 1.24569, 1.25154
1.25118, 1.25342, 1.24811, 1.25180
1.25191, 1.25336, 1.24677, 1.24992
1.24991, 1.25343, 1.24831, 1.25325
1.25284, 1.25494, 1.24935, 1.25077
1.25070, 1.25923, 1.24987, 1.25457
1.25433, 1.26008, 1.25191, 1.25305
1.25302, 1.25484, 1.24684, 1.25098
1.25046, 1.25573, 1.24857, 1.25285
1.25248, 1.25595, 1.25116, 1.25243
1.25204, 1.25550, 1.25029, 1.25247
1.25229, 1.25742, 1.24988, 1.25149
1.25128, 1.25411, 1.24501, 1.24548
1.24514, 1.25335, 1.24265, 1.25198
1.25138, 1.25458, 1.24282, 1.24373
1.24337, 1.24390, 1.23011, 1.23743
1.23711, 1.24522, 1.23644, 1.24083
1.23498, 1.24042, 1.22905, 1.23040
1.23018, 1.23329, 1.22250, 1.22420
1.22369, 1.23380, 1.21956, 1.23365
1.23347, 1.23438, 1.22457, 1.22462
1.22442, 1.22699, 1.21229, 1.21309
1.21250, 1.22096, 1.21195, 1.21253
1.21253, 1.22051, 1.21142, 1.21698
1.21626, 1.22323, 1.21557, 1.22128
1.22085, 1.22629, 1.21683, 1.21685
1.21652, 1.22244, 1.21570, 1.21849
1.21662, 1.22285, 1.21600, 1.21916
1.21922, 1.23165, 1.21922, 1.22659
1.22662, 1.23666, 1.22576, 1.23525
1.23530, 1.24141, 1.22893, 1.23162
1.23145, 1.23385, 1.22622, 1.22742
1.22732, 1.22986, 1.22152, 1.22820
1.22824, 1.23745, 1.22824, 1.23611
1.23612, 1.24183, 1.22638, 1.22699
1.22728, 1.23256, 1.22547, 1.22552
1.22555, 1.22879, 1.21957, 1.22622
1.22596, 1.23333, 1.22176, 1.22384
1.22336, 1.22912, 1.21758, 1.21851
1.21816, 1.22024, 1.21103, 1.21253
1.21229, 1.21571, 1.20945, 1.21271
1.21246, 1.21535, 1.20966, 1.21350
1.21207, 1.21669, 1.21179, 1.21508
1.21480, 1.21909, 1.21302, 1.21476
1.21479, 1.22274, 1.21405, 1.21925
1.21910, 1.22165, 1.21748, 1.22125
1.22076, 1.22196, 1.21515, 1.21736
1.21406, 1.21879, 1.21205, 1.21295
1.21287, 1.21566, 1.21139, 1.21266
1.21257, 1.22626, 1.21000, 1.22594
1.22467, 1.23344, 1.22300, 1.23238
1.23211, 1.23372, 1.22777, 1.23079
1.22802, 1.23183, 1.22697, 1.22905
1.22846, 1.23795, 1.22658, 1.23792
1.23727, 1.24109, 1.23397, 1.23931
1.23860, 1.24469, 1.23556, 1.24200
1.24186, 1.24319, 1.22671, 1.22793
1.22657, 1.22852, 1.21560, 1.22246
1.22212, 1.22392, 1.20992, 1.21020
1.20993, 1.21904, 1.20772, 1.21572
1.21496, 1.21825, 1.20774, 1.21111
1.21062, 1.22431, 1.20882, 1.22398
1.21956, 1.22523, 1.21956, 1.22134
1.22107, 1.22773, 1.21937, 1.22295
1.22255, 1.22930, 1.22036, 1.22833
1.22789, 1.22965, 1.21132, 1.21693
1.21694, 1.22041, 1.21072, 1.21924
1.21665, 1.22840, 1.21644, 1.22506
1.22500, 1.23133, 1.22076, 1.22663
1.22620, 1.22844, 1.21615, 1.21687
1.21687, 1.22466, 1.21207, 1.22329
1.22294, 1.22831, 1.21828, 1.22827
1.22495, 1.23492, 1.22409, 1.23435
1.23419, 1.24426, 1.23287, 1.24104
1.24052, 1.24185, 1.21869, 1.21925
1.21876, 1.22154, 1.20699, 1.21366
1.21211, 1.21808, 1.20791, 1.21708
1.21372, 1.22242, 1.21060, 1.21535
1.21487, 1.21545, 1.19844, 1.20400
1.20348, 1.21062, 1.20084, 1.21030
1.20959, 1.21207, 1.20457, 1.20876
1.20802, 1.21241, 1.20465, 1.20881
1.20664, 1.21379, 1.20545, 1.21139
1.21069, 1.21323, 1.20544, 1.20874
1.20793, 1.21232, 1.20057, 1.20243
1.20192, 1.20628, 1.19713, 1.20428
1.20390, 1.20794, 1.20160, 1.20204
1.20116, 1.21779, 1.20014, 1.21578
1.21574, 1.22596, 1.20985, 1.22451
1.22398, 1.22727, 1.22065, 1.22649
1.22602, 1.22938, 1.22014, 1.22478
1.22424, 1.22514, 1.21504, 1.21504
1.21568, 1.21643, 1.20788, 1.20992
1.20971, 1.21439, 1.19656, 1.20120
1.20110, 1.21338, 1.19954, 1.20994
1.20955, 1.21304, 1.18027, 1.19374
1.19352, 1.19510, 1.17935, 1.18436
1.18408, 1.18685, 1.17865, 1.18479
1.18456, 1.18957, 1.18194, 1.18623
1.18555, 1.18614, 1.17680, 1.17852
1.17844, 1.18145, 1.17300, 1.17875
1.17730, 1.18038, 1.17183, 1.17601
1.17198, 1.18019, 1.17189, 1.17286
1.17259, 1.17434, 1.16498, 1.16622
1.16592, 1.16784, 1.15374, 1.15737
1.15734, 1.16462, 1.15601, 1.16265
1.16254, 1.16259, 1.15273, 1.16036
1.16107, 1.16834, 1.15763, 1.16276
1.16268, 1.16471, 1.15344, 1.15802
1.15732, 1.16100, 1.15306, 1.15706
1.15672, 1.17214, 1.15408, 1.17109
1.17063, 1.17758, 1.16551, 1.17486
1.17264, 1.17599, 1.16346, 1.16860
1.16845, 1.16981, 1.16120, 1.16664
1.16675, 1.17112, 1.15975, 1.16379
1.16318, 1.16857, 1.15959, 1.16306
1.16238, 1.16379, 1.15685, 1.15824
1.15870, 1.17169, 1.15728, 1.16805
1.16800, 1.16893, 1.16142, 1.16244
1.16227, 1.16588, 1.16051, 1.16357
1.16312, 1.16530, 1.15481, 1.15945
1.15933, 1.15987, 1.15241, 1.15360
1.15392, 1.16459, 1.15232, 1.16210
1.16180, 1.16418, 1.15419, 1.15823
1.15801, 1.16796, 1.15574, 1.16620
1.16591, 1.16939, 1.15843, 1.16284
1.16233, 1.16388, 1.15550, 1.15883
1.15719, 1.16662, 1.15640, 1.16392
1.16349, 1.16664, 1.15977, 1.16421
1.16412, 1.16974, 1.16241, 1.16636
1.16620, 1.17181, 1.15818, 1.16093
1.16061, 1.16419, 1.15631, 1.16101
1.16013, 1.16242, 1.15338, 1.15412
1.15403, 1.15544, 1.15049, 1.15155
1.15151, 1.15343, 1.14477, 1.15117
1.15122, 1.15144, 1.14623, 1.14801
1.14804, 1.15003, 1.14009, 1.14236
1.14141, 1.14326, 1.13952, 1.14073
1.14058, 1.15116, 1.13848, 1.14866
1.14839, 1.15261, 1.14603, 1.14681
1.14666, 1.15072, 1.14072, 1.14164
1.14103, 1.14289, 1.13040, 1.13365
1.13217, 1.13588, 1.12966, 1.13467
1.13438, 1.14213, 1.13016, 1.14055
1.14050, 1.14158, 1.13394, 1.14034
1.14009, 1.14195, 1.13755, 1.13990
1.13942, 1.14069, 1.13314, 1.13347
1.13263, 1.13550, 1.12826, 1.13305
1.13288, 1.14093, 1.13130, 1.13538
1.13505, 1.13983, 1.13234, 1.13630
1.13554, 1.13598, 1.13063, 1.13305
1.13296, 1.13912, 1.12814, 1.12951
1.12682, 1.13142, 1.12460, 1.12849
1.12814, 1.13778, 1.12732, 1.13364
1.13313, 1.13385, 1.12169, 1.12609
1.12590, 1.12717, 1.11394, 1.11571
1.11569, 1.11890, 1.10953, 1.11288
1.11230, 1.11795, 1.11230, 1.11408
1.11395, 1.11709, 1.10457, 1.10533
1.10520, 1.11289, 1.10387, 1.11034
1.11009, 1.11104, 1.09888, 1.10231
1.10201, 1.10333, 1.09453, 1.10118
1.09840, 1.10404, 1.09724, 1.10215
1.10209, 1.10580, 1.09477, 1.09735
1.09709, 1.09816, 1.08877, 1.08944
1.08920, 1.11476, 1.08121, 1.09969
1.09911, 1.10059, 1.06412, 1.06412
1.06027, 1.07935, 1.01643, 1.06161
1.06121, 1.07187, 1.05563, 1.06431
1.06400, 1.07305, 1.04196, 1.06270
1.06235, 1.08681, 1.05545, 1.08323
1.08287, 1.10238, 1.08069, 1.10093
1.09944, 1.12454, 1.09306, 1.12327
1.12320, 1.12853, 1.11764, 1.12381
1.12326, 1.12649, 1.10685, 1.11389
1.11315, 1.11584, 1.10036, 1.10555
1.10536, 1.11177, 1.09982, 1.10238
1.10149, 1.10730, 1.09913, 1.10562
1.10544, 1.11165, 1.09187, 1.09397
1.09382, 1.10860, 1.08947, 1.10700
1.10672, 1.13555, 1.10417, 1.13446
1.13329, 1.13432, 1.12122, 1.12357
1.12642, 1.13952, 1.12438, 1.13144
1.13122, 1.13318, 1.12075, 1.12532
1.12528, 1.13110, 1.12400, 1.12693
1.12658, 1.13414, 1.12214, 1.12639
1.12603, 1.12860, 1.12104, 1.12672
1.13322, 1.13627, 1.12775, 1.12879
1.12866, 1.14408, 1.12733, 1.14111
1.14097, 1.14740, 1.13830, 1.14683
1.14632, 1.14943, 1.14315, 1.14590
1.14581, 1.15728, 1.14351, 1.15667
1.15495, 1.15765, 1.14672, 1.14818
1.14821, 1.15301, 1.14427, 1.14707
1.14739, 1.14986, 1.14203, 1.14219
1.14202, 1.14487, 1.12947, 1.13075
1.13074, 1.13553, 1.12454, 1.13049
1.12914, 1.14014, 1.12542, 1.13805
1.13793, 1.14127, 1.13311, 1.13798
1.13734, 1.13913, 1.11727, 1.11737
1.11733, 1.13595, 1.11672, 1.12884
1.12854, 1.13196, 1.11108, 1.11320
1.11098, 1.11619, 1.10473, 1.10807
1.10796, 1.12904, 1.10698, 1.12097
1.12030, 1.12600, 1.11586, 1.12579
1.12555, 1.12971, 1.11987, 1.12971
1.12834, 1.13651, 1.12792, 1.13365
1.13325, 1.13459, 1.12869, 1.13386
1.13260, 1.13537, 1.12963, 1.13116
1.13111, 1.13820, 1.12953, 1.13576
1.13559, 1.14650, 1.13466, 1.14255
1.14232, 1.14666, 1.14067, 1.14312
1.14198, 1.14278, 1.13379, 1.13460
1.13442, 1.14500, 1.13366, 1.14012
1.13946, 1.14212, 1.13283, 1.13992
1.13966, 1.15347, 1.13824, 1.14811
1.14774, 1.15265, 1.14357, 1.15086
1.15047, 1.15388, 1.14499, 1.14920
1.14820, 1.15227, 1.14204, 1.14274
1.14254, 1.15009, 1.14097, 1.14872
1.14800, 1.14873, 1.14277, 1.14572
1.14531, 1.14786, 1.14165, 1.14521
1.14366, 1.14991, 1.14289, 1.14773
1.14757, 1.15437, 1.14487, 1.14845
1.14759, 1.15043, 1.14453, 1.14839
1.14740, 1.14918, 1.13001, 1.13032
1.13001, 1.13700, 1.12478, 1.13454
1.13338, 1.13791, 1.12827, 1.12855
1.12817, 1.13179, 1.12224, 1.12840
1.12804, 1.12982, 1.11784, 1.11950
1.11902, 1.12157, 1.11476, 1.12059
1.12050, 1.12639, 1.11893, 1.12389
1.12432, 1.12614, 1.12244, 1.12320
1.12231, 1.12652, 1.11538, 1.11806
1.11728, 1.12149, 1.11455, 1.11634
1.11581, 1.11701, 1.11052, 1.11268
1.11261, 1.11852, 1.10966, 1.11781
1.11632, 1.11751, 1.11164, 1.11356
1.11245, 1.12672, 1.11157, 1.11986
1.11985, 1.12228, 1.11637, 1.12085
1.12075, 1.12133, 1.11073, 1.11465
1.11453, 1.12278, 1.11196, 1.12205
1.11969, 1.12547, 1.11782, 1.12235
1.12211, 1.12326, 1.11843, 1.12111
1.12082, 1.13218, 1.11826, 1.13122
1.13053, 1.13649, 1.12761, 1.13258
1.13229, 1.13733, 1.13012, 1.13270
1.13005, 1.13389, 1.12720, 1.12924
1.12891, 1.13316, 1.12464, 1.13272
1.13235, 1.13521, 1.12622, 1.13098
1.13071, 1.13517, 1.12817, 1.13510
1.13412, 1.14222, 1.13103, 1.14064
1.13876, 1.14285, 1.13547, 1.14092
1.14095, 1.14259, 1.13466, 1.13832
1.13799, 1.13957, 1.13408, 1.13806
1.13792, 1.14265, 1.13544, 1.14219
1.14146, 1.14292, 1.13824, 1.14180
1.13935, 1.14343, 1.13877, 1.14233
1.14187, 1.14343, 1.12779, 1.12837
1.12816, 1.13087, 1.12337, 1.12401
1.12392, 1.12531, 1.11532, 1.11611
1.11593, 1.12080, 1.11441, 1.11603
1.11597, 1.11828, 1.11105, 1.11569
1.11531, 1.11674, 1.10775, 1.11086
1.11036, 1.11342, 1.10855, 1.11140
1.11116, 1.11870, 1.10987, 1.11738
1.11718, 1.11956, 1.11329, 1.11373
1.11331, 1.11820, 1.10998, 1.11589
1.11540, 1.12239, 1.11380, 1.12206
1.12144, 1.12266, 1.10905, 1.11157
1.11117, 1.11288, 1.10793, 1.10952
1.10939, 1.11529, 1.10741, 1.11250
1.11179, 1.11321, 1.10922, 1.11146
1.11124, 1.12453, 1.11001, 1.12351
1.12237, 1.12433, 1.11944, 1.12169
1.12109, 1.12485, 1.11948, 1.12189
1.12155, 1.12623, 1.11935, 1.12335
1.12307, 1.12957, 1.12167, 1.12852
1.12820, 1.13613, 1.12638, 1.13235
1.13207, 1.13538, 1.12503, 1.12984
1.12936, 1.13121, 1.12363, 1.12563
1.12545, 1.12795, 1.12238, 1.12748
1.12557, 1.12749, 1.11912, 1.11939
1.11943, 1.12100, 1.11277, 1.11399
1.11374, 1.11671, 1.11148, 1.11474
1.11421, 1.11717, 1.11122, 1.11144
1.11112, 1.11561, 1.10642, 1.10858
1.10924, 1.11136, 1.09890, 1.11026
1.11033, 1.11445, 1.10549, 1.11020
1.11030, 1.12547, 1.10940, 1.12399
1.12395, 1.12822, 1.11593, 1.12515
1.12508, 1.13138, 1.12174, 1.12689
1.12970, 1.14076, 1.12560, 1.13924
1.13925, 1.14117, 1.12293, 1.12654
1.12656, 1.13407, 1.12418, 1.12455
1.12480, 1.13017, 1.12273, 1.12541
1.12558, 1.12705, 1.11999, 1.12441
1.12069, 1.12621, 1.12061, 1.12505
1.12476, 1.13571, 1.12368, 1.13452
1.13426, 1.13602, 1.13093, 1.13096
1.13072, 1.13270, 1.12777, 1.13144
1.13116, 1.13639, 1.12733, 1.12812
1.12632, 1.13418, 1.12559, 1.13317
1.13276, 1.14137, 1.13089, 1.13256
1.13229, 1.13275, 1.12510, 1.12945
1.12929, 1.13036, 1.12389, 1.12493
1.12465, 1.12612, 1.12175, 1.12216
1.12267, 1.12684, 1.12208, 1.12601
1.12542, 1.12674, 1.12123, 1.12204
1.12192, 1.12262, 1.11534, 1.11877
1.11860, 1.12032, 1.11008, 1.11371
1.11334, 1.11400, 1.10937, 1.10949
1.10918, 1.11271, 1.10696, 1.11191
1.11170, 1.11665, 1.11063, 1.11362
1.11354, 1.11908, 1.11298, 1.11619
1.11620, 1.11625, 1.11028, 1.11035
1.11020, 1.11100, 1.10525, 1.10997
1.10988, 1.11053, 1.10549, 1.10796
1.10763, 1.10883, 1.10257, 1.10694
1.10650, 1.11234, 1.10418, 1.11118
1.11075, 1.11851, 1.10940, 1.11767
1.11728, 1.12436, 1.11454, 1.12413
1.11951, 1.12404, 1.11771, 1.11905
1.11878, 1.12204, 1.11294, 1.11358
1.11340, 1.11478, 1.10924, 1.11136
1.11103, 1.11638, 1.10853, 1.11340
1.11305, 1.12747, 1.11209, 1.12449
1.12340, 1.12559, 1.12074, 1.12252
1.12222, 1.12587, 1.12127, 1.12394
1.12357, 1.12570, 1.12104, 1.12304
1.12250, 1.12756, 1.11837, 1.11866
1.11852, 1.12092, 1.11538, 1.11791
1.11549, 1.12178, 1.11537, 1.12164
1.12138, 1.12197, 1.11634, 1.11882
1.11845, 1.12463, 1.11579, 1.12170
1.12165, 1.12436, 1.11912, 1.12283
1.12257, 1.12311, 1.11883, 1.11911
1.11792, 1.11950, 1.11321, 1.11644
1.11621, 1.11991, 1.11441, 1.11891
1.11864, 1.12389, 1.11687, 1.11897
1.11861, 1.12181, 1.11578, 1.11595
1.11579, 1.11886, 1.11405, 1.11743
1.11643, 1.11870, 1.11449, 1.11714
1.11662, 1.12423, 1.11467, 1.12408
1.12403, 1.13333, 1.12315, 1.13275
1.13258, 1.13889, 1.12952, 1.13434
1.13427, 1.13664, 1.13075, 1.13142
1.13042, 1.13257, 1.12356, 1.12641
1.12590, 1.12811, 1.12356, 1.12739
1.12741, 1.13229, 1.12556, 1.13181
1.13129, 1.13403, 1.12626, 1.12905
1.12868, 1.13665, 1.12764, 1.13564
1.13396, 1.13832, 1.13382, 1.13679
1.13649, 1.14282, 1.13497, 1.14131
1.14118, 1.14271, 1.13751, 1.14086
1.14063, 1.14515, 1.13757, 1.13963
1.13947, 1.14714, 1.13833, 1.14573
1.14484, 1.14856, 1.14432, 1.14524
1.14500, 1.14871, 1.14233, 1.14576
1.14541, 1.15030, 1.13792, 1.13987
1.13956, 1.14573, 1.13555, 1.14063
1.13972, 1.14507, 1.13783, 1.13991
1.13811, 1.14120, 1.13168, 1.13853
1.13789, 1.14319, 1.13476, 1.13908
1.13859, 1.14010, 1.13139, 1.13326
1.13308, 1.13541, 1.13157, 1.13422
1.13393, 1.14043, 1.13282, 1.13581
1.13417, 1.14074, 1.13410, 1.13734
1.13685, 1.14114, 1.13576, 1.14036
1.14014, 1.14246, 1.13902, 1.14152
1.14101, 1.14512, 1.13799, 1.14050
1.14044, 1.14415, 1.13977, 1.14124
1.13893, 1.14144, 1.13588, 1.13832
1.13832, 1.14009, 1.13528, 1.13705
1.13689, 1.13832, 1.12557, 1.12661
1.12636, 1.12919, 1.12267, 1.12797
1.12777, 1.13044, 1.12395, 1.12816
1.12709, 1.12929, 1.12255, 1.12467
1.12447, 1.12569, 1.11781, 1.11782
1.11785, 1.11828, 1.10588, 1.11047
1.11016, 1.11624, 1.10622, 1.11499
1.11489, 1.11704, 1.10842, 1.11275
1.11063, 1.11562, 1.10903, 1.11441
1.11430, 1.11739, 1.11175, 1.11442
1.11428, 1.11590, 1.11087, 1.11390
1.11364, 1.11776, 1.10870, 1.11206
1.11183, 1.11920, 1.10945, 1.11808
1.11559, 1.12175, 1.11476, 1.11881
1.11840, 1.12278, 1.11614, 1.11793
1.11760, 1.12340, 1.11272, 1.11528
1.11490, 1.11700, 1.10538, 1.11103
1.11104, 1.11545, 1.11022, 1.11241
1.11080, 1.11751, 1.11027, 1.11577
1.11558, 1.11645, 1.11251, 1.11628
1.11578, 1.11748, 1.11400, 1.11543
1.11484, 1.11573, 1.11029, 1.11109
1.11088, 1.11482, 1.10891, 1.11273
1.11077, 1.11518, 1.11066, 1.11376
1.11343, 1.11784, 1.11185, 1.11581
1.11533, 1.12173, 1.11363, 1.11995
1.11986, 1.12190, 1.11700, 1.11967
1.11915, 1.11915, 1.11915, 1.11915