1.80557, 1.81221, 1.80540, 1.80803
1.80790, 1.81789, 1.80615, 1.81322
1.81298, 1.81524, 1.79636, 1.80037
1.79972, 1.80745, 1.79647, 1.79708
1.79747, 1.79889, 1.78448, 1.78590
1.78488, 1.80184, 1.78464, 1.80048
1.79771, 1.80935, 1.79309, 1.79409
1.79352, 1.79960, 1.78310, 1.78583
1.78583, 1.79320, 1.78159, 1.78253
1.78170, 1.79486, 1.78083, 1.79088
1.79109, 1.79811, 1.78892, 1.79600
1.79431, 1.80498, 1.79229, 1.80144
1.80142, 1.80566, 1.79031, 1.79345
1.79245, 1.80006, 1.78415, 1.79340
1.79257, 1.79675, 1.78177, 1.78403
1.78398, 1.78895, 1.77437, 1.78681
1.78479, 1.79271, 1.78292, 1.79079
1.79033, 1.79404, 1.78701, 1.79358
1.79351, 1.79770, 1.78814, 1.78945
1.78860, 1.79830, 1.78584, 1.79066
1.79005, 1.79394, 1.76630, 1.76741
1.76731, 1.77084, 1.76017, 1.76731
1.76607, 1.76769, 1.74830, 1.74903
1.74854, 1.75471, 1.74313, 1.74808
1.74792, 1.75063, 1.74230, 1.74368
1.74313, 1.74723, 1.73691, 1.73755
1.73828, 1.74857, 1.73810, 1.74610
1.74571, 1.75665, 1.74551, 1.75455
1.75382, 1.75619, 1.73877, 1.74102
1.74052, 1.74196, 1.72226, 1.72554
1.72521, 1.73502, 1.72257, 1.73211
1.73074, 1.73738, 1.73028, 1.73636
1.73643, 1.74044, 1.73150, 1.73888
1.73840, 1.73888, 1.72359, 1.72529
1.72429, 1.73230, 1.72180, 1.73081
1.73018, 1.73935, 1.72557, 1.73503
1.73279, 1.73660, 1.71644, 1.71696
1.71615, 1.72250, 1.71206, 1.72148
1.72074, 1.72581, 1.71205, 1.71358
1.71171, 1.72995, 1.71124, 1.72308
1.72283, 1.73179, 1.71972, 1.72412
1.72558, 1.73315, 1.72465, 1.72911
1.72900, 1.73040, 1.71778, 1.72572
1.72325, 1.72989, 1.70540, 1.71032
1.71078, 1.72831, 1.70689, 1.72187
1.72219, 1.73214, 1.71668, 1.72914
1.72774, 1.73101, 1.72009, 1.72174
1.72174, 1.74296, 1.72007, 1.73647
1.73647, 1.73893, 1.72560, 1.73600
1.73598, 1.74645, 1.73282, 1.74096
1.74102, 1.74799, 1.73220, 1.73276
1.74306, 1.74306, 1.73327, 1.73734
1.73734, 1.74406, 1.73329, 1.74023
1.74006, 1.74166, 1.73261, 1.73644
1.73618, 1.74342, 1.73070, 1.73834
1.73819, 1.75483, 1.73672, 1.75309
1.74857, 1.75315, 1.74225, 1.74857
1.74855, 1.75428, 1.74290, 1.74957
1.74950, 1.75728, 1.74683, 1.75362
1.75350, 1.76559, 1.74547, 1.76381
1.76374, 1.77728, 1.75879, 1.75890
1.75808, 1.76895, 1.75712, 1.76563
1.76560, 1.76723, 1.75540, 1.75863
1.75852, 1.76170, 1.74421, 1.74988
1.74985, 1.74985, 1.73286, 1.73286
1.73285, 1.74410, 1.73139, 1.73421
1.73284, 1.73686, 1.72859, 1.73241
1.73238, 1.73830, 1.73060, 1.73311
1.73316, 1.74057, 1.73252, 1.73843
1.73829, 1.74420, 1.73370, 1.73616
1.73616, 1.74268, 1.73110, 1.73889
1.74177, 1.74779, 1.72931, 1.73786
1.73784, 1.74572, 1.73622, 1.74036
1.74050, 1.74494, 1.73318, 1.74383
1.74419, 1.74535, 1.73710, 1.73727
1.73725, 1.74178, 1.72934, 1.74083
1.74039, 1.74683, 1.73572, 1.73839
1.73841, 1.74105, 1.72609, 1.73041
1.73033, 1.73459, 1.71957, 1.72081
1.72081, 1.72732, 1.71680, 1.72646
1.72640, 1.72786, 1.71668, 1.72515
1.72269, 1.72900, 1.72202, 1.72561
1.72556, 1.73080, 1.72358, 1.72872
1.72870, 1.73163, 1.71747, 1.72067
1.72062, 1.72195, 1.71268, 1.71394
1.71384, 1.71472, 1.70733, 1.71051
1.71101, 1.71560, 1.70770, 1.71158
1.71151, 1.71739, 1.70447, 1.70748
1.70747, 1.71163, 1.70247, 1.70561
1.70586, 1.71007, 1.69248, 1.69520
1.69449, 1.69609, 1.68656, 1.68898
1.68950, 1.69252, 1.68178, 1.68269
1.68308, 1.69153, 1.67917, 1.68909
1.68902, 1.69184, 1.67654, 1.67775
1.67742, 1.68235, 1.67239, 1.67308
1.67360, 1.67835, 1.66345, 1.67719
1.67698, 1.68057, 1.67428, 1.67646
1.67646, 1.67893, 1.66082, 1.66084
1.66082, 1.67243, 1.65947, 1.66826
1.66839, 1.67490, 1.66579, 1.67288
1.67289, 1.67523, 1.66201, 1.66500
1.66385, 1.67098, 1.66316, 1.66841
1.66893, 1.68380, 1.66821, 1.68237
1.68181, 1.68504, 1.67575, 1.67845
1.67758, 1.68300, 1.67234, 1.67610
1.67633, 1.68076, 1.67267, 1.67330
1.67125, 1.68017, 1.66967, 1.67152
1.67170, 1.67242, 1.66188, 1.66375
1.66372, 1.68525, 1.65950, 1.68183
1.68181, 1.69110, 1.67979, 1.68870
1.68870, 1.69857, 1.68636, 1.68936
1.68852, 1.68910, 1.67945, 1.68571
1.68566, 1.69574, 1.68296, 1.69516
1.69513, 1.71063, 1.68649, 1.70090
1.70083, 1.71049, 1.69795, 1.69892
1.69884, 1.71200, 1.69503, 1.69996
1.70076, 1.71754, 1.70059, 1.71432
1.71431, 1.71884, 1.69972, 1.70263
1.70263, 1.70278, 1.69198, 1.69642
1.69445, 1.70606, 1.69416, 1.70292
1.70357, 1.70904, 1.70171, 1.70290
1.70278, 1.71595, 1.70278, 1.71583
1.71568, 1.71756, 1.70436, 1.70630
1.70559, 1.71099, 1.69579, 1.69800
1.69800, 1.71456, 1.69671, 1.71211
1.71204, 1.71382, 1.68615, 1.68904
1.69000, 1.70285, 1.68859, 1.69914
1.69914, 1.70847, 1.69635, 1.70711
1.70720, 1.71560, 1.70090, 1.71446
1.71446, 1.72028, 1.70427, 1.70534
1.70517, 1.70585, 1.68160, 1.68166
1.67539, 1.68039, 1.66656, 1.67110
1.67076, 1.67155, 1.65960, 1.66404
1.66400, 1.67019, 1.66365, 1.66550
1.66550, 1.68420, 1.66447, 1.68275
1.68275, 1.69876, 1.68089, 1.69723
1.69803, 1.70117, 1.69294, 1.69655
1.69647, 1.70385, 1.69246, 1.70165
1.70163, 1.72374, 1.70018, 1.72354
1.72357, 1.72847, 1.71777, 1.72485
1.72484, 1.72605, 1.71175, 1.71239
1.70347, 1.71545, 1.70267, 1.70871
1.70862, 1.71562, 1.70200, 1.70533
1.70465, 1.70897, 1.69883, 1.70779
1.70779, 1.71180, 1.70145, 1.70318
1.70315, 1.71892, 1.69639, 1.71140
1.71107, 1.71342, 1.69752, 1.69839
1.69766, 1.70950, 1.69613, 1.69838
1.69838, 1.69932, 1.67195, 1.68110
1.68109, 1.68791, 1.67329, 1.67490
1.67506, 1.68523, 1.67447, 1.68018
1.67951, 1.68340, 1.67744, 1.68026
1.68015, 1.68097, 1.66395, 1.66633
1.66616, 1.68263, 1.66516, 1.68001
1.68015, 1.70558, 1.67925, 1.70040
1.70006, 1.70398, 1.69714, 1.69905
1.70435, 1.71121, 1.69802, 1.70979
1.70921, 1.72077, 1.70816, 1.71984
1.71849, 1.72560, 1.71551, 1.72132
1.72042, 1.72306, 1.71384, 1.71776
1.71789, 1.72247, 1.71106, 1.71381
1.70503, 1.70811, 1.69451, 1.70227
1.70148, 1.72526, 1.70028, 1.71626
1.71663, 1.72842, 1.70616, 1.72007
1.71935, 1.72272, 1.67838, 1.68323
1.68276, 1.69432, 1.68126, 1.68546
1.68918, 1.69666, 1.68508, 1.69227
1.69183, 1.70239, 1.68881, 1.70168
1.70115, 1.70337, 1.68988, 1.69034
1.68917, 1.70936, 1.68869, 1.69788
1.69789, 1.70098, 1.68971, 1.69550
1.69521, 1.69947, 1.69085, 1.69728
1.69787, 1.69975, 1.68677, 1.69391
1.69340, 1.70637, 1.69243, 1.70217
1.70177, 1.70483, 1.69281, 1.69818
1.69735, 1.70324, 1.69268, 1.69319
1.68797, 1.69301, 1.67208, 1.67874
1.67846, 1.69054, 1.67418, 1.68621
1.68573, 1.70688, 1.68383, 1.70054
1.70017, 1.71759, 1.69920, 1.71036
1.70988, 1.71224, 1.68933, 1.69573
1.69363, 1.69718, 1.67572, 1.68330
1.68185, 1.69528, 1.67148, 1.67225
1.67118, 1.69237, 1.67005, 1.68534
1.68539, 1.69542, 1.68318, 1.69031
1.68947, 1.69067, 1.67698, 1.68422
1.68579, 1.69388, 1.68169, 1.69112
1.69174, 1.70640, 1.69069, 1.70196
1.70102, 1.70741, 1.69508, 1.69924
1.69954, 1.71616, 1.69918, 1.70939
1.70830, 1.72108, 1.70748, 1.71719
1.71836, 1.73145, 1.71464, 1.73052
1.72788, 1.72788, 1.71409, 1.71464
1.71427, 1.73015, 1.71364, 1.72164
1.72180, 1.73453, 1.71946, 1.73100
1.73077, 1.74957, 1.72682, 1.73715
1.73118, 1.73458, 1.70832, 1.71258
1.71169, 1.71615, 1.69277, 1.70404
1.70201, 1.70844, 1.69528, 1.70074
1.70180, 1.70667, 1.69537, 1.69893
1.69858, 1.70010, 1.68737, 1.68742
1.68722, 1.69291, 1.68307, 1.68942
1.68906, 1.69280, 1.68173, 1.68760
1.68645, 1.70598, 1.67565, 1.70280
1.70377, 1.71373, 1.70080, 1.70901
1.70819, 1.71297, 1.68356, 1.70584
1.70496, 1.71026, 1.70102, 1.70687
1.70687, 1.72729, 1.70589, 1.72406
1.72365, 1.72523, 1.70683, 1.70744
1.70776, 1.71558, 1.70463, 1.71390
1.71324, 1.73176, 1.71316, 1.73020
1.72995, 1.74813, 1.72484, 1.74404
1.74273, 1.74569, 1.73736, 1.74465
1.74337, 1.75279, 1.73746, 1.74427
1.74234, 1.74958, 1.73905, 1.74444
1.74455, 1.74967, 1.73359, 1.73410
1.73320, 1.73787, 1.72150, 1.72459
1.72420, 1.72898, 1.72001, 1.72017
1.71951, 1.72473, 1.70826, 1.71309
1.71070, 1.72169, 1.70720, 1.70930
1.70845, 1.71154, 1.69837, 1.69984
1.69940, 1.71107, 1.69702, 1.70786
1.70797, 1.72733, 1.70377, 1.72335
1.72311, 1.72721, 1.71480, 1.71815
1.71704, 1.71922, 1.70775, 1.71035
1.70912, 1.71279, 1.70337, 1.70637
1.70591, 1.71407, 1.70059, 1.70287
1.70231, 1.70774, 1.69721, 1.70152
1.70158, 1.70857, 1.69822, 1.70676
1.70913, 1.71286, 1.70557, 1.71055
1.71019, 1.72949, 1.70895, 1.72611
1.72513, 1.72610, 1.71546, 1.71938
1.71917, 1.72595, 1.71549, 1.72465
1.72449, 1.72602, 1.71354, 1.71430
1.71670, 1.72985, 1.71387, 1.72701
1.72627, 1.75179, 1.72580, 1.74501
1.74425, 1.75405, 1.74190, 1.75098
1.75049, 1.75506, 1.74315, 1.74701
1.74632, 1.75802, 1.73562, 1.75590
1.75831, 1.76293, 1.75241, 1.75380
1.75271, 1.76028, 1.74838, 1.75943
1.75882, 1.77157, 1.75413, 1.77031
1.76981, 1.77226, 1.75704, 1.75991
1.75977, 1.76357, 1.74219, 1.74597
1.74175, 1.76669, 1.73887, 1.76613
1.76643, 1.77941, 1.74337, 1.74568
1.74567, 1.77922, 1.74496, 1.77171
1.77078, 1.77443, 1.76005, 1.76737
1.76761, 1.77511, 1.75558, 1.77196
1.77273, 1.77459, 1.76075, 1.76607
1.76628, 1.77153, 1.75586, 1.76717
1.76667, 1.76862, 1.75197, 1.75436
1.75416, 1.75868, 1.74192, 1.75131
1.75196, 1.77387, 1.74966, 1.77293
1.77307, 1.77893, 1.76471, 1.76811
1.76819, 1.77732, 1.76228, 1.76702
1.76741, 1.77893, 1.76396, 1.76430
1.76415, 1.76922, 1.75108, 1.75178
1.75183, 1.76333, 1.73418, 1.73911
1.73970, 1.75487, 1.73682, 1.74445
1.74324, 1.75367, 1.73271, 1.75186
1.75045, 1.75664, 1.74846, 1.75588
1.75503, 1.76151, 1.74373, 1.74668
1.74612, 1.75271, 1.73868, 1.74397
1.74470, 1.74858, 1.73600, 1.73878
1.73818, 1.74487, 1.73366, 1.73961
1.73869, 1.74945, 1.73773, 1.74330
1.74262, 1.75200, 1.74129, 1.74659
1.74641, 1.74928, 1.74143, 1.74151
1.74140, 1.75491, 1.74140, 1.75077
1.74996, 1.75387, 1.74156, 1.74176
1.74176, 1.74415, 1.73139, 1.73888
1.73915, 1.74288, 1.73679, 1.73752
1.73637, 1.74103, 1.73582, 1.73835
1.73875, 1.74042, 1.73164, 1.73214
1.73229, 1.74411, 1.73167, 1.73609
1.73571, 1.75071, 1.73533, 1.74056
1.73981, 1.74269, 1.73736, 1.73891
1.73875, 1.74253, 1.73604, 1.73763
1.73738, 1.74372, 1.73702, 1.74007
1.74001, 1.75590, 1.73834, 1.74524
1.74410, 1.75708, 1.74372, 1.75316
1.75437, 1.75815, 1.75056, 1.75557
1.75504, 1.76890, 1.74961, 1.76803
1.76756, 1.77278, 1.75929, 1.76119
1.76050, 1.76302, 1.75649, 1.76114
1.76088, 1.76126, 1.74840, 1.75284
1.75255, 1.75717, 1.74889, 1.75222
1.75179, 1.75482, 1.74269, 1.74421
1.74419, 1.75189, 1.74375, 1.74712
1.74580, 1.74743, 1.73711, 1.73758
1.73723, 1.74155, 1.72468, 1.72563
1.72532, 1.72747, 1.71637, 1.72223
1.72215, 1.72445, 1.71001, 1.71211
1.71212, 1.71403, 1.70794, 1.70838
1.70829, 1.71807, 1.70167, 1.70293
1.70270, 1.70504, 1.69023, 1.70121
1.70054, 1.70854, 1.69613, 1.70518
1.70428, 1.71099, 1.70149, 1.70846
1.70957, 1.71249, 1.70256, 1.70429
1.70384, 1.70879, 1.70124, 1.70711
1.70703, 1.71352, 1.70500, 1.70682
1.70650, 1.70725, 1.69819, 1.70204
1.70090, 1.70964, 1.70090, 1.70719
1.70696, 1.71131, 1.69937, 1.70191
1.70125, 1.70527, 1.69817, 1.70062
1.69991, 1.70642, 1.69765, 1.70142
1.70142, 1.70677, 1.69522, 1.69592
1.69557, 1.70063, 1.68937, 1.68992
1.68941, 1.68941, 1.67942, 1.68338
1.68250, 1.69324, 1.67990, 1.68982
1.68941, 1.69629, 1.68659, 1.69290
1.69249, 1.69302, 1.68471, 1.68860
1.68840, 1.69204, 1.68294, 1.68820
1.68806, 1.69039, 1.68072, 1.68082
1.68055, 1.68312, 1.67548, 1.67962
1.67943, 1.68808, 1.67710, 1.67908
1.67797, 1.68208, 1.66741, 1.67590
1.67536, 1.68526, 1.66754, 1.68513
1.68481, 1.68481, 1.67711, 1.67900
1.67843, 1.68576, 1.67003, 1.67040
1.66973, 1.67296, 1.66352, 1.66503
1.66527, 1.67061, 1.65747, 1.65907
1.65995, 1.66575, 1.65790, 1.66174
1.66174, 1.66415, 1.65470, 1.65972
1.65972, 1.66094, 1.65020, 1.65020
1.64992, 1.65110, 1.64156, 1.64158
1.64139, 1.64604, 1.63911, 1.64071
1.64099, 1.64443, 1.63662, 1.63806
1.63801, 1.63943, 1.63275, 1.63902
1.63799, 1.63997, 1.63266, 1.63629
1.63527, 1.64259, 1.63371, 1.63571
1.63469, 1.64215, 1.63331, 1.63686
1.63603, 1.63946, 1.63167, 1.63818
1.63804, 1.63922, 1.63102, 1.63311
1.63229, 1.63426, 1.61453, 1.62365
1.62347, 1.62535, 1.61776, 1.62292
1.62238, 1.63704, 1.62140, 1.63443
1.63380, 1.64102, 1.63110, 1.63200
1.63050, 1.63848, 1.62562, 1.63682
1.63594, 1.63950, 1.63052, 1.63398
1.63305, 1.64421, 1.63220, 1.64038
1.64004, 1.64385, 1.63657, 1.63928
1.63872, 1.64064, 1.62994, 1.63012
1.62932, 1.63052, 1.60681, 1.60808
1.60763, 1.60929, 1.59625, 1.59778
1.59773, 1.60943, 1.59594, 1.60361
1.60300, 1.60834, 1.59715, 1.60213
1.60254, 1.60902, 1.59811, 1.60526
1.60323, 1.60973, 1.60132, 1.60418
1.60364, 1.61505, 1.60141, 1.61497
1.61482, 1.62291, 1.61214, 1.61505
1.61437, 1.61825, 1.60479, 1.60559
1.60390, 1.60771, 1.58735, 1.58843
1.59029, 1.60228, 1.58811, 1.59879
1.59811, 1.60731, 1.59230, 1.59462
1.59352, 1.60774, 1.59272, 1.60565
1.60535, 1.61732, 1.60284, 1.60953
1.60886, 1.61942, 1.60734, 1.61164
1.61270, 1.61820, 1.60445, 1.61581
1.61501, 1.62314, 1.60851, 1.62116
1.61947, 1.62101, 1.60700, 1.61094
1.61116, 1.63116, 1.61024, 1.63012
1.62909, 1.63571, 1.62363, 1.63152
1.63117, 1.63489, 1.61820, 1.61945
1.61870, 1.63426, 1.61590, 1.63228
1.63192, 1.63434, 1.61734, 1.62485
1.62407, 1.62622, 1.61787, 1.61885
1.61781, 1.62410, 1.61340, 1.61874
1.61826, 1.62104, 1.60397, 1.60676
1.60737, 1.61433, 1.59567, 1.61225
1.61208, 1.62784, 1.61018, 1.62008
1.61983, 1.63336, 1.61350, 1.63105
1.63082, 1.63211, 1.61689, 1.61729
1.61607, 1.62984, 1.61051, 1.62537
1.62506, 1.63089, 1.62093, 1.62511
1.62359, 1.62986, 1.62119, 1.62665
1.62590, 1.63228, 1.62244, 1.62861
1.62881, 1.66091, 1.62810, 1.66022
1.64993, 1.65536, 1.64378, 1.64533
1.64571, 1.65908, 1.64156, 1.65546
1.65533, 1.66183, 1.64922, 1.65735
1.65712, 1.66374, 1.65187, 1.66118
1.66107, 1.66908, 1.65363, 1.65415
1.65323, 1.65792, 1.64698, 1.64867
1.64850, 1.65774, 1.64534, 1.65460
1.65458, 1.65540, 1.63687, 1.63876
1.63901, 1.64093, 1.63055, 1.63460
1.63533, 1.63691, 1.62592, 1.62652
1.62748, 1.63365, 1.62563, 1.62802
1.62794, 1.63407, 1.61917, 1.62680
1.62681, 1.64070, 1.61917, 1.63876
1.63843, 1.65535, 1.63382, 1.64391
1.64414, 1.64710, 1.63284, 1.64195
1.64072, 1.64236, 1.63539, 1.63552
1.63627, 1.63627, 1.62355, 1.62818
1.62779, 1.63539, 1.62326, 1.62725
1.62866, 1.65686, 1.62528, 1.65342
1.65240, 1.68206, 1.64732, 1.66936
1.66712, 1.67291, 1.65361, 1.66768
1.66758, 1.69116, 1.66688, 1.68726
1.68773, 1.69948, 1.67312, 1.69306
1.69293, 1.70940, 1.68143, 1.69341
1.69326, 1.70367, 1.68699, 1.70367
1.70068, 1.70639, 1.69102, 1.69616
1.69567, 1.70078, 1.68490, 1.68498
1.68550, 1.68970, 1.68152, 1.68836
1.68772, 1.69330, 1.67293, 1.67949
1.67957, 1.68091, 1.67309, 1.67589
1.67404, 1.68125, 1.67371, 1.67876
1.67870, 1.68786, 1.67250, 1.68324
1.68322, 1.69996, 1.68315, 1.69731
1.69772, 1.70815, 1.69756, 1.70170
1.70185, 1.70798, 1.69911, 1.69963
1.69821, 1.70065, 1.69322, 1.69416
1.69378, 1.69633, 1.68983, 1.69459
1.69453, 1.69878, 1.69207, 1.69504
1.69419, 1.69575, 1.68498, 1.68808
1.68732, 1.69675, 1.68728, 1.68959
1.69026, 1.70567, 1.69015, 1.70056
1.69996, 1.70334, 1.69704, 1.70007
1.69995, 1.70581, 1.69816, 1.70331
1.70257, 1.70861, 1.70017, 1.70684
1.70615, 1.70952, 1.70264, 1.70579
1.70815, 1.71597, 1.70690, 1.71016
1.70962, 1.71592, 1.70687, 1.71496
1.71436, 1.72281, 1.71266, 1.71914
1.71780, 1.72700, 1.71212, 1.71446
1.71377, 1.71727, 1.70377, 1.70669
1.70870, 1.71872, 1.70716, 1.71545
1.71509, 1.71718, 1.70578, 1.70690
1.70570, 1.71551, 1.70231, 1.71441
1.71585, 1.72135, 1.71345, 1.71443
1.71437, 1.71993, 1.71165, 1.71742
1.71354, 1.72243, 1.71293, 1.72213
1.72061, 1.73216, 1.72019, 1.72752
1.72665, 1.73953, 1.72612, 1.72979
1.72920, 1.73490, 1.72759, 1.73368
1.73349, 1.74282, 1.72744, 1.74014
1.74073, 1.74712, 1.73829, 1.73964
1.73879, 1.74861, 1.73701, 1.74065
1.73794, 1.74411, 1.73432, 1.73800
1.73797, 1.74152, 1.72097, 1.73639
1.77011, 1.77907, 1.75219, 1.75493
1.75727, 1.76519, 1.74888, 1.75463
1.75443, 1.75478, 1.72278, 1.72735
1.72633, 1.72807, 1.71239, 1.71513
1.71488, 1.72282, 1.70558, 1.70671
1.70714, 1.72272, 1.70665, 1.70927
1.70906, 1.71357, 1.69831, 1.70036
1.70033, 1.70621, 1.69946, 1.70481
1.70829, 1.70858, 1.70268, 1.70330
1.70361, 1.71652, 1.70013, 1.71140
1.71089, 1.71854, 1.70718, 1.71259
1.71188, 1.72222, 1.71026, 1.72057
1.71670, 1.71727, 1.70482, 1.70573
1.70546, 1.70832, 1.69631, 1.70039
1.69871, 1.70868, 1.69623, 1.70713
1.70695, 1.71264, 1.70167, 1.70616
1.70634, 1.71203, 1.70274, 1.70733
1.70750, 1.71120, 1.69839, 1.70595
1.70509, 1.71060, 1.70143, 1.70465
1.70080, 1.70444, 1.69184, 1.69560
1.69502, 1.70158, 1.69315, 1.70050
1.69952, 1.70329, 1.69794, 1.70042
1.70036, 1.70621, 1.69929, 1.70529
1.70535, 1.71073, 1.69826, 1.69949
1.69767, 1.69961, 1.69406, 1.69728
1.69651, 1.70843, 1.69592, 1.70518
1.70478, 1.72772, 1.70419, 1.72570
1.72562, 1.73059, 1.72051, 1.72299
1.72095, 1.72840, 1.71568, 1.71821
1.71951, 1.72752, 1.71767, 1.72275
1.72150, 1.72308, 1.71019, 1.71380
1.71223, 1.71907, 1.71223, 1.71813
1.71615, 1.73344, 1.71474, 1.72903
1.72785, 1.74797, 1.72732, 1.74764
1.74340, 1.74587, 1.72332, 1.72696
1.72624, 1.73234, 1.71952, 1.73016
1.73024, 1.73562, 1.72237, 1.72652
1.72612, 1.72690, 1.71690, 1.71710
1.71673, 1.72535, 1.71362, 1.71414
1.71389, 1.72480, 1.71132, 1.71960
1.71970, 1.72359, 1.71471, 1.72109
1.72041, 1.72368, 1.71654, 1.71654
1.71699, 1.73239, 1.71563, 1.73005
1.72957, 1.73120, 1.72215, 1.72869
1.72796, 1.72928, 1.72011, 1.72069
1.72069, 1.73061, 1.71852, 1.72316
1.72275, 1.72368, 1.70783, 1.70814
1.70803, 1.71270, 1.70207, 1.70796
1.70729, 1.71763, 1.70679, 1.71324
1.71502, 1.72027, 1.71217, 1.71852
1.71763, 1.72950, 1.71687, 1.72668
1.72564, 1.72851, 1.71501, 1.71981
1.71916, 1.72611, 1.71452, 1.72580
1.72509, 1.73766, 1.70938, 1.71669
1.72069, 1.72218, 1.69834, 1.69905
1.69884, 1.71598, 1.69732, 1.71557
1.71358, 1.72551, 1.70486, 1.72307
1.72232, 1.73972, 1.72184, 1.73686
1.73657, 1.75267, 1.73409, 1.75122
1.77670, 1.80507, 1.77134, 1.79326
1.79320, 1.79483, 1.76501, 1.76777
1.76922, 1.78167, 1.76021, 1.76620
1.76577, 1.77399, 1.72618, 1.75032
1.74887, 1.75320, 1.69114, 1.69732
1.70544, 1.72081, 1.69865, 1.71763
1.71788, 1.72222, 1.69968, 1.71286
1.71339, 1.72618, 1.66244, 1.67827
1.68052, 1.70316, 1.65800, 1.66351
1.66232, 1.69974, 1.65421, 1.67039
1.67589, 1.69189, 1.66109, 1.67251
1.67329, 1.71018, 1.66556, 1.69884
1.70032, 1.71698, 1.66925, 1.68491
1.68549, 1.71851, 1.67538, 1.70692
1.70835, 1.74870, 1.70368, 1.73993
1.74227, 1.76130, 1.73456, 1.75786
1.75518, 1.77979, 1.73839, 1.74469
1.74492, 1.76878, 1.74392, 1.75476
1.75766, 1.76921, 1.74523, 1.75270
1.75334, 1.75540, 1.72649, 1.74159
1.73973, 1.74670, 1.72422, 1.72539
1.72537, 1.73392, 1.71775, 1.72562
1.72480, 1.74468, 1.72319, 1.73412
1.73514, 1.74813, 1.73420, 1.74156
1.74185, 1.74518, 1.73650, 1.73657
1.73479, 1.74991, 1.73339, 1.73824
1.73679, 1.75805, 1.73531, 1.75218
1.75221, 1.76973, 1.74849, 1.76683
1.76517, 1.76828, 1.75493, 1.75506
1.75401, 1.75931, 1.74901, 1.74981
1.75102, 1.76017, 1.74651, 1.75887
1.75737, 1.76271, 1.73874, 1.74677
1.74639, 1.75189, 1.74031, 1.74619
1.74552, 1.75053, 1.73323, 1.73736
1.73790, 1.74461, 1.73334, 1.74268
1.74289, 1.75111, 1.74207, 1.74470
1.74198, 1.74884, 1.73708, 1.73894
1.73886, 1.74039, 1.72753, 1.73034
1.72948, 1.75643, 1.72607, 1.75595
1.75559, 1.77048, 1.75415, 1.75959
1.75749, 1.76232, 1.74781, 1.75266
1.75196, 1.75416, 1.74376, 1.74608
1.74653, 1.75074, 1.73738, 1.74555
1.74477, 1.75026, 1.72077, 1.72707
1.72637, 1.73637, 1.72285, 1.72704
1.72822, 1.73311, 1.72047, 1.72848
1.72857, 1.73164, 1.72094, 1.72593
1.72518, 1.72961, 1.71702, 1.72504
1.72457, 1.72586, 1.71547, 1.71779
1.71640, 1.71940, 1.70525, 1.70697
1.70433, 1.71051, 1.69980, 1.69991
1.70019, 1.70790, 1.69842, 1.70760
1.70691, 1.70910, 1.69825, 1.70065
1.70147, 1.70826, 1.69715, 1.70550
1.70440, 1.71231, 1.70151, 1.70340
1.70262, 1.70637, 1.70205, 1.70302
1.70335, 1.71137, 1.69762, 1.69914
1.69869, 1.70094, 1.68451, 1.68542
1.68603, 1.69925, 1.68488, 1.69560
1.69463, 1.71206, 1.69055, 1.69992
1.69709, 1.70323, 1.69367, 1.69492
1.69522, 1.70104, 1.69060, 1.69702
1.69594, 1.70659, 1.69579, 1.69691
1.69710, 1.70468, 1.68795, 1.70002
1.70004, 1.70861, 1.69636, 1.69977
1.70034, 1.70667, 1.69255, 1.70256
1.70167, 1.71181, 1.70065, 1.70680
1.70718, 1.71402, 1.70505, 1.70904
1.70886, 1.71735, 1.70521, 1.71729
1.71623, 1.71753, 1.69932, 1.70307
1.70226, 1.71412, 1.70111, 1.71079
1.70990, 1.71748, 1.70181, 1.70198
1.70241, 1.70380, 1.69670, 1.70260
1.70081, 1.70545, 1.68338, 1.68880
1.68912, 1.69260, 1.67499, 1.67987
1.68127, 1.68804, 1.67967, 1.68601
1.68513, 1.69706, 1.68249, 1.69626
1.69524, 1.70055, 1.68736, 1.69355
1.69323, 1.69862, 1.69038, 1.69362
1.69317, 1.69548, 1.68490, 1.68788
1.68756, 1.69132, 1.67868, 1.67967
1.67911, 1.68613, 1.67687, 1.68308
1.68241, 1.69676, 1.67750, 1.69449
1.69339, 1.70249, 1.69051, 1.69075
1.69001, 1.69329, 1.68742, 1.68982
1.69082, 1.69568, 1.68832, 1.69113
1.69055, 1.71032, 1.68967, 1.70615
1.70598, 1.70880, 1.70210, 1.70355
1.70307, 1.71471, 1.70281, 1.71222
1.71193, 1.72068, 1.71036, 1.71521
1.71532, 1.71798, 1.70764, 1.70811
1.70838, 1.71053, 1.70075, 1.70900
1.70919, 1.71588, 1.69904, 1.70015
1.69902, 1.70873, 1.69397, 1.70380
1.70328, 1.70749, 1.69854, 1.70633
1.70354, 1.71482, 1.70085, 1.71329
1.71253, 1.71574, 1.70570, 1.71364
1.71202, 1.71308, 1.70336, 1.70853
1.70726, 1.70839, 1.69783, 1.70777
1.70593, 1.71799, 1.70509, 1.71644
1.71706, 1.72628, 1.71508, 1.71979
1.72081, 1.73449, 1.71771, 1.72995
1.72878, 1.73632, 1.72656, 1.73267
1.73213, 1.76081, 1.73140, 1.75703
1.75733, 1.76743, 1.75105, 1.75442
1.75224, 1.75902, 1.74563, 1.75074
1.75039, 1.75262, 1.74048, 1.74057
1.73983, 1.74537, 1.73485, 1.73898
1.73917, 1.75229, 1.73881, 1.74912
1.74838, 1.75301, 1.74185, 1.74623
1.74788, 1.75040, 1.74296, 1.74514
1.74423, 1.74667, 1.73434, 1.73499
1.73608, 1.73876, 1.72515, 1.72618
1.72484, 1.73377, 1.72461, 1.72766
1.72654, 1.73951, 1.72474, 1.73573
1.73345, 1.73721, 1.72804, 1.73125
1.73093, 1.74550, 1.73000, 1.74297
1.74235, 1.74490, 1.72934, 1.73120
1.73015, 1.74232, 1.72739, 1.74204
1.74222, 1.74479, 1.72250, 1.72412
1.72355, 1.72990, 1.72154, 1.72621
1.72592, 1.73618, 1.72505, 1.73178
1.73134, 1.73773, 1.73011, 1.73652
1.73506, 1.74104, 1.73035, 1.73223
1.73156, 1.74983, 1.73124, 1.74824
1.74723, 1.74854, 1.73784, 1.74353
1.74290, 1.75536, 1.74084, 1.74855
1.74793, 1.74999, 1.73640, 1.74166
1.74085, 1.74397, 1.73530, 1.74288
1.74227, 1.74373, 1.72964, 1.73366
1.73112, 1.73414, 1.72036, 1.72359
1.72374, 1.72493, 1.71289, 1.71828
1.71761, 1.71835, 1.70406, 1.70867
1.70751, 1.71504, 1.68514, 1.68892
1.68709, 1.69343, 1.68092, 1.68600
1.68391, 1.70077, 1.68362, 1.69217
1.69173, 1.70090, 1.68814, 1.69917
1.69900, 1.71367, 1.69679, 1.70868
1.70806, 1.71567, 1.69772, 1.70778
1.70652, 1.71178, 1.70340, 1.70522
1.70604, 1.71018, 1.69735, 1.70492
1.70410, 1.71022, 1.69224, 1.69377
1.69307, 1.70614, 1.69000, 1.70303
1.70166, 1.71157, 1.70061, 1.70199
1.69980, 1.70853, 1.69885, 1.70525
1.70801, 1.72770, 1.70665, 1.71532
1.71631, 1.72617, 1.71509, 1.72049
1.72105, 1.72940, 1.71576, 1.72125
1.72079, 1.72478, 1.70456, 1.71202
1.71136, 1.72439, 1.70904, 1.72084
1.71935, 1.72345, 1.71311, 1.72072
1.72061, 1.72458, 1.71249, 1.71371
1.71168, 1.71889, 1.70621, 1.71234
1.71178, 1.71775, 1.70633, 1.70666
1.70498, 1.71278, 1.70162, 1.71092
1.70946, 1.71459, 1.70793, 1.71257
1.71294, 1.71429, 1.69777, 1.69885
1.69872, 1.71625, 1.69048, 1.71098
1.71015, 1.71356, 1.70405, 1.70635
1.70682, 1.71159, 1.69868, 1.70479
1.70096, 1.71463, 1.69999, 1.70742
1.70633, 1.71117, 1.69587, 1.69964
1.69823, 1.72867, 1.69775, 1.72779
1.72630, 1.73021, 1.71708, 1.71848
1.71749, 1.72185, 1.70999, 1.71155
1.71333, 1.72224, 1.71165, 1.71887
1.71911, 1.72099, 1.71500, 1.71867
1.71904, 1.73216, 1.71529, 1.72893
1.72891, 1.73502, 1.71955, 1.72040
1.72165, 1.72834, 1.71862, 1.72381
1.72034, 1.72811, 1.70643, 1.70714
1.70671, 1.71841, 1.70590, 1.71598
1.71504, 1.72245, 1.70254, 1.70519
1.70478, 1.71664, 1.69775, 1.71512
1.71487, 1.71960, 1.71093, 1.71707
1.71625, 1.71699, 1.70254, 1.71191
1.71133, 1.73052, 1.71023, 1.72919
1.72701, 1.73501, 1.72234, 1.72703
1.72595, 1.73020, 1.71886, 1.72413
1.72317, 1.73592, 1.72211, 1.73285
1.73034, 1.73498, 1.72111, 1.72551
1.72387, 1.73843, 1.72387, 1.73570
1.73416, 1.74129, 1.73122, 1.73588
1.73535, 1.73794, 1.72841, 1.73333
1.73258, 1.74020, 1.73081, 1.73906
1.73876, 1.74958, 1.73768, 1.74305
1.74240, 1.74339, 1.73563, 1.73639
1.73397, 1.74144, 1.73186, 1.74047
1.73989, 1.74142, 1.73292, 1.73768
1.73781, 1.74036, 1.72470, 1.72687
1.73189, 1.73483, 1.72472, 1.73276
1.73176, 1.74083, 1.72691, 1.73583
1.73592, 1.73734, 1.71979, 1.72611
1.72529, 1.74000, 1.72528, 1.73012
1.72895, 1.73528, 1.71452, 1.71686
1.71303, 1.71724, 1.69644, 1.71197
1.71128, 1.71441, 1.70080, 1.71191
1.71074, 1.72214, 1.70935, 1.71789
1.71578, 1.71856, 1.68692, 1.69239
1.69313, 1.69623, 1.67675, 1.68761
1.70213, 1.71315, 1.69596, 1.70141
1.69983, 1.71286, 1.69450, 1.70948
1.70861, 1.72930, 1.70642, 1.72046
1.71947, 1.73369, 1.71855, 1.72793
1.72724, 1.72946, 1.71912, 1.72787
1.71770, 1.73135, 1.70470, 1.73072
1.72980, 1.73127, 1.71989, 1.72457
1.72357, 1.74330, 1.72292, 1.73315
1.73333, 1.74813, 1.73263, 1.73771
1.74100, 1.74357, 1.72549, 1.72838
1.72787, 1.73272, 1.72563, 1.73033
1.72962, 1.74067, 1.72838, 1.73663
1.73595, 1.74439, 1.73471, 1.74239
1.73661, 1.74107, 1.72447, 1.73348
1.73382, 1.73605, 1.72461, 1.72607
1.72512, 1.73118, 1.71943, 1.72460
1.72394, 1.73022, 1.71870, 1.72067
1.72013, 1.72710, 1.71869, 1.72090
1.72166, 1.72955, 1.71955, 1.72658
1.72475, 1.73978, 1.72467, 1.73675
1.73627, 1.74336, 1.72833, 1.73057
1.73107, 1.73385, 1.72731, 1.73000
1.72893, 1.73390, 1.72731, 1.72988
1.73082, 1.73467, 1.72857, 1.73154
1.73260, 1.73727, 1.72987, 1.73561
1.73397, 1.74172, 1.71978, 1.72520
1.72465, 1.73603, 1.72376, 1.73531
1.73504, 1.74310, 1.73213, 1.74146
1.73982, 1.74427, 1.73674, 1.74220
1.74166, 1.74641, 1.73798, 1.74352
1.74252, 1.75416, 1.74218, 1.75205
1.75127, 1.76078, 1.74972, 1.76033
1.75970, 1.76398, 1.74774, 1.74941
1.75160, 1.75739, 1.75032, 1.75592
1.75489, 1.75731, 1.74623, 1.74671
1.74609, 1.74825, 1.74163, 1.74380
1.74301, 1.75492, 1.73486, 1.75253
1.75180, 1.75696, 1.74987, 1.75237
1.74979, 1.75332, 1.74740, 1.75019
1.74936, 1.75919, 1.74921, 1.75292
1.75369, 1.75928, 1.75225, 1.75641
1.75581, 1.75783, 1.75096, 1.75479
1.75417, 1.76145, 1.75322, 1.75760
1.75641, 1.76265, 1.75615, 1.75649
1.75721, 1.76668, 1.75612, 1.76396
1.76363, 1.76548, 1.75904, 1.76033
1.75936, 1.77497, 1.75828, 1.77125
1.76993, 1.77428, 1.76517, 1.76612
1.76750, 1.77513, 1.76515, 1.77383
1.77284, 1.77842, 1.77081, 1.77665
1.77440, 1.78872, 1.76690, 1.76876
1.76859, 1.77124, 1.76171, 1.76540
1.76551, 1.77542, 1.75510, 1.77362
1.77296, 1.77777, 1.75978, 1.76036
1.76011, 1.76488, 1.75621, 1.76378
1.76221, 1.76680, 1.76011, 1.76465
1.76491, 1.76770, 1.75733, 1.75946
1.75898, 1.76164, 1.74744, 1.74986
1.74719, 1.75639, 1.74692, 1.74998
1.75025, 1.75890, 1.74769, 1.75505
1.75419, 1.76029, 1.75315, 1.75829
1.75637, 1.75949, 1.75162, 1.75349
1.75228, 1.75396, 1.73432, 1.73606
1.73719, 1.73829, 1.73075, 1.73406
1.73389, 1.73428, 1.72344, 1.72816
1.72806, 1.73512, 1.72804, 1.73112
1.73142, 1.74344, 1.72819, 1.73951
1.73889, 1.74042, 1.73203, 1.73252
1.73203, 1.73639, 1.72710, 1.73513
1.73498, 1.73754, 1.72522, 1.73016
1.72851, 1.73089, 1.71979, 1.72114
1.72065, 1.73383, 1.71776, 1.73123
1.73146, 1.73794, 1.72823, 1.73368
1.73388, 1.74484, 1.73153, 1.73222
1.73253, 1.73628, 1.73106, 1.73468
1.73382, 1.73765, 1.73008, 1.73064
1.73063, 1.73913, 1.72944, 1.73451
1.73480, 1.73893, 1.73361, 1.73878
1.73760, 1.74263, 1.73560, 1.74004
1.74052, 1.74432, 1.73322, 1.73720
1.73626, 1.74255, 1.73098, 1.73177
1.73116, 1.73561, 1.72414, 1.72475
1.72489, 1.72768, 1.71596, 1.71623
1.71878, 1.72726, 1.71572, 1.72543
1.72494, 1.73340, 1.72203, 1.72313
1.72279, 1.73237, 1.72217, 1.72400
1.72382, 1.73064, 1.71957, 1.72853
1.72742, 1.73092, 1.71741, 1.73066
1.72977, 1.75429, 1.72851, 1.75168
1.75202, 1.75865, 1.74623, 1.75757
1.75617, 1.75808, 1.73585, 1.74005
1.73948, 1.74289, 1.72701, 1.73000
1.72933, 1.73529, 1.72855, 1.73150
1.73114, 1.73601, 1.72006, 1.72226
1.72217, 1.72730, 1.72048, 1.72442
1.72476, 1.72504, 1.71521, 1.71635
1.71548, 1.71869, 1.71112, 1.71158
1.71117, 1.71309, 1.69528, 1.69709
1.69662, 1.71047, 1.69597, 1.70690
1.70706, 1.71213, 1.70378, 1.70801
1.70820, 1.71116, 1.70384, 1.70529
1.70500, 1.70670, 1.68658, 1.68672
1.68717, 1.70125, 1.68717, 1.69571
1.69624, 1.71329, 1.69618, 1.70781
1.70752, 1.71490, 1.70683, 1.71101
1.71079, 1.71206, 1.70103, 1.70519
1.70467, 1.71064, 1.70065, 1.70804
1.70778, 1.71011, 1.70307, 1.70558
1.70728, 1.70987, 1.70303, 1.70603
1.70477, 1.71341, 1.70452, 1.71071
1.71091, 1.71510, 1.70706, 1.71067
1.71079, 1.71388, 1.70711, 1.71071
1.71078, 1.71527, 1.70576, 1.70681
1.70725, 1.71016, 1.70295, 1.70489
1.70470, 1.70967, 1.70268, 1.70531
1.70615, 1.71423, 1.70403, 1.71104
1.71084, 1.71547, 1.70788, 1.71290
1.71335, 1.71672, 1.70743, 1.71266
1.71134, 1.71753, 1.70942, 1.71368
1.71275, 1.71710, 1.70141, 1.70720
1.70743, 1.71041, 1.70416, 1.70416
1.70464, 1.71265, 1.70441, 1.70816
1.70678, 1.71605, 1.70604, 1.70972
1.70862, 1.71438, 1.70688, 1.71216
1.71257, 1.71531, 1.70732, 1.71446
1.71345, 1.71638, 1.70512, 1.70903
1.70865, 1.71500, 1.70544, 1.71425
1.71289, 1.71721, 1.71095, 1.71593
1.71486, 1.71680, 1.71113, 1.71305
1.71273, 1.71778, 1.71063, 1.71590
1.71489, 1.72050, 1.71417, 1.71641
1.71769, 1.72209, 1.71544, 1.72001
1.71970, 1.72220, 1.71417, 1.72040
1.72156, 1.72590, 1.71802, 1.72238
1.72145, 1.72380, 1.71555, 1.71578
1.71629, 1.72117, 1.71424, 1.71755
1.71893, 1.71893, 1.70797, 1.71524
1.71510, 1.71647, 1.70543, 1.70630
1.70675, 1.71648, 1.70587, 1.71233
1.71165, 1.71699, 1.70944, 1.71626
1.71514, 1.71920, 1.70875, 1.71443
1.71496, 1.71510, 1.70618, 1.71125
1.71141, 1.71304, 1.70234, 1.70508
1.70347, 1.71270, 1.70323, 1.70791
1.70741, 1.72446, 1.70670, 1.71821
1.71900, 1.72501, 1.71473, 1.72226
1.72217, 1.73392, 1.72111, 1.72784
1.72577, 1.73299, 1.72428, 1.72949
1.73017, 1.73379, 1.72788, 1.72788
1.72820, 1.73471, 1.72541, 1.72835
1.72771, 1.73707, 1.72483, 1.73322
1.73216, 1.74268, 1.72985, 1.74104
1.74054, 1.74229, 1.73340, 1.73613
1.73614, 1.75673, 1.73483, 1.74231
1.74305, 1.74475, 1.72703, 1.72778
1.72695, 1.73165, 1.71487, 1.72199
1.72141, 1.73387, 1.72041, 1.72884
1.72708, 1.73306, 1.72450, 1.72710
1.72646, 1.73595, 1.72616, 1.73340
1.73325, 1.74933, 1.73170, 1.74883
1.74854, 1.74948, 1.74049, 1.74078
1.74023, 1.74344, 1.73632, 1.73742
1.73684, 1.73947, 1.73167, 1.73308
1.73468, 1.73804, 1.73097, 1.73605
1.73536, 1.74692, 1.73451, 1.74387
1.74392, 1.75059, 1.74141, 1.74184
1.74175, 1.74490, 1.73735, 1.74067
1.74025, 1.74484, 1.73886, 1.74169
1.74158, 1.74499, 1.73863, 1.74162
1.74158, 1.74357, 1.73239, 1.73246
1.73238, 1.73547, 1.73029, 1.73387
1.73368, 1.73658, 1.72726, 1.72853
1.72843, 1.73641, 1.72609, 1.73543
1.73364, 1.74342, 1.73364, 1.74040
1.74021, 1.74297, 1.73342, 1.73422
1.73400, 1.74151, 1.73173, 1.74149
1.74109, 1.75085, 1.73880, 1.74897
1.74875, 1.76246, 1.74626, 1.74660
1.74590, 1.74799, 1.73560, 1.73603
1.73552, 1.73797, 1.72747, 1.72815
1.72813, 1.73502, 1.72759, 1.73253
1.73252, 1.73797, 1.73010, 1.73742
1.73735, 1.74220, 1.73475, 1.73525
1.73594, 1.73903, 1.72909, 1.73400
1.73378, 1.74176, 1.73116, 1.73486
1.73463, 1.74072, 1.73046, 1.73727
1.73703, 1.74152, 1.73487, 1.73625
1.73623, 1.73832, 1.73110, 1.73613
1.73527, 1.73787, 1.73163, 1.73354
1.73342, 1.74391, 1.73295, 1.74315
1.74299, 1.75274, 1.74011, 1.74792
1.74773, 1.75638, 1.74659, 1.75190
1.75183, 1.75493, 1.74526, 1.75478
1.75518, 1.75544, 1.74924, 1.74969
1.74965, 1.75681, 1.74885, 1.75227
1.75238, 1.75569, 1.74743, 1.74748
1.74721, 1.74983, 1.74312, 1.74929
1.74893, 1.75414, 1.74337, 1.75291
1.75329, 1.76017, 1.74820, 1.75031
1.75021, 1.75339, 1.74286, 1.74968
1.74968, 1.75165, 1.73667, 1.73957
1.73920, 1.74234, 1.72849, 1.73633
1.73625, 1.74121, 1.72831, 1.73001
1.72711, 1.73679, 1.72420, 1.73024
1.73007, 1.73058, 1.71351, 1.71648
1.71654, 1.71901, 1.70856, 1.71242
1.71231, 1.71886, 1.70492, 1.70790
1.70788, 1.71944, 1.70720, 1.71171
1.71328, 1.71596, 1.70887, 1.71287
1.71276, 1.71692, 1.70995, 1.71356
1.71337, 1.71606, 1.70893, 1.71041
1.71021, 1.71238, 1.70722, 1.70834
1.70830, 1.70989, 1.69682, 1.69854
1.69846, 1.70387, 1.69565, 1.69647
1.69636, 1.69897, 1.69116, 1.69349
1.69311, 1.70001, 1.69196, 1.69950
1.69931, 1.70049, 1.69075, 1.69110
1.69080, 1.70568, 1.68909, 1.69887
1.70029, 1.70400, 1.69557, 1.69890
1.69868, 1.70855, 1.69667, 1.70491
1.70490, 1.70607, 1.69697, 1.70236
1.70219, 1.70678, 1.69934, 1.70602
1.70573, 1.70640, 1.69841, 1.70154
1.69975, 1.70611, 1.69960, 1.70473
1.70447, 1.70868, 1.70244, 1.70507
1.70494, 1.70768, 1.69031, 1.69829
1.69811, 1.70494, 1.69611, 1.70269
1.70258, 1.70513, 1.69327, 1.69545
1.69322, 1.69502, 1.68773, 1.68983
1.68971, 1.69417, 1.68734, 1.68840
1.68832, 1.69882, 1.68832, 1.69488
1.69494, 1.69612, 1.67913, 1.68079
1.68079, 1.68379, 1.67325, 1.68087
1.67832, 1.69069, 1.67619, 1.68755
1.68741, 1.69117, 1.68570, 1.68622
1.68617, 1.68720, 1.67376, 1.67488
1.67445, 1.68686, 1.67166, 1.68149
1.68116, 1.68803, 1.68021, 1.68232
1.68229, 1.68563, 1.67747, 1.67764
1.67770, 1.68780, 1.67711, 1.68641
1.68607, 1.70211, 1.68456, 1.70090
1.70062, 1.70469, 1.69753, 1.70071
1.70049, 1.70264, 1.69425, 1.69907
1.70065, 1.70207, 1.69607, 1.70090
1.70079, 1.70465, 1.69369, 1.69482
1.69469, 1.69785, 1.68659, 1.68763
1.68742, 1.68929, 1.68395, 1.68457
1.68439, 1.70780, 1.68400, 1.70679
1.70078, 1.70196, 1.69484, 1.69592
1.69586, 1.71121, 1.69208, 1.70000
1.69975, 1.70377, 1.69422, 1.70138
1.70130, 1.70916, 1.69712, 1.70276
1.70247, 1.70579, 1.68966, 1.69952
1.69790, 1.69987, 1.69106, 1.69157
1.69121, 1.69293, 1.67176, 1.67329
1.67299, 1.67685, 1.66369, 1.67027
1.66994, 1.68102, 1.66933, 1.68017
1.68009, 1.68832, 1.67550, 1.68753
1.68693, 1.69677, 1.68329, 1.69198
1.69183, 1.70156, 1.68958, 1.70105
1.70088, 1.70873, 1.69966, 1.70158
1.70146, 1.70934, 1.69423, 1.70170
1.70145, 1.70769, 1.70016, 1.70648
1.70567, 1.71407, 1.70249, 1.70945
1.70913, 1.71511, 1.70586, 1.71318
1.71230, 1.72146, 1.71009, 1.71393
1.71377, 1.72295, 1.71286, 1.71786
1.71715, 1.72041, 1.71350, 1.71603
1.71475, 1.72325, 1.71384, 1.71844
1.71829, 1.72293, 1.71716, 1.72116
1.72115, 1.72829, 1.71906, 1.72525
1.72507, 1.72898, 1.71906, 1.71961
1.71943, 1.72137, 1.70899, 1.71188
1.70944, 1.71965, 1.70839, 1.71766
1.71756, 1.72210, 1.71335, 1.71850
1.71834, 1.73002, 1.71664, 1.72958
1.72934, 1.73110, 1.71968, 1.72236
1.72203, 1.72430, 1.71664, 1.71802
1.71666, 1.72209, 1.71340, 1.72100
1.72049, 1.72199, 1.71206, 1.71407
1.71400, 1.71500, 1.70798, 1.71345
1.71307, 1.71646, 1.71067, 1.71587
1.71538, 1.71867, 1.71226, 1.71582
1.71449, 1.71613, 1.70653, 1.70757
1.70743, 1.70817, 1.69871, 1.70129
1.70114, 1.70648, 1.69777, 1.70356
1.70338, 1.70473, 1.69719, 1.69977
1.69974, 1.70605, 1.69642, 1.70525
1.70387, 1.70759, 1.70033, 1.70468
1.70448, 1.70582, 1.69918, 1.70528
1.70511, 1.70722, 1.69625, 1.70482
1.70454, 1.70837, 1.69473, 1.70478
1.70467, 1.71459, 1.70338, 1.70950
1.70963, 1.71438, 1.70383, 1.70789
1.70757, 1.71683, 1.70551, 1.71502
1.71461, 1.72310, 1.71406, 1.71965
1.71965, 1.73064, 1.71831, 1.72391
1.72377, 1.72994, 1.72170, 1.72610
1.72509, 1.72650, 1.71311, 1.71444
1.71441, 1.72379, 1.71275, 1.72073
1.72053, 1.72378, 1.71409, 1.71470
1.71462, 1.72657, 1.71430, 1.72478
1.72459, 1.72747, 1.72173, 1.72604
1.72531, 1.72794, 1.72048, 1.72198
1.72159, 1.72706, 1.72050, 1.72191
1.72172, 1.72503, 1.71517, 1.72345
1.72332, 1.73191, 1.72239, 1.72996
1.72977, 1.73492, 1.72672, 1.73322
1.73269, 1.73765, 1.73187, 1.73443
1.73410, 1.73585, 1.72309, 1.73478
1.73446, 1.73520, 1.72281, 1.72470
1.72459, 1.72675, 1.70847, 1.71393
1.71366, 1.71749, 1.70187, 1.70282
1.70184, 1.71026, 1.69820, 1.70061
1.70029, 1.70156, 1.69035, 1.69749
1.69720, 1.69782, 1.68855, 1.69330
1.69307, 1.69405, 1.68554, 1.69220
1.69191, 1.69504, 1.68279, 1.68535
1.68299, 1.68744, 1.67147, 1.67924
1.67932, 1.69193, 1.67778, 1.68822
1.68800, 1.69114, 1.68478, 1.68813
1.68787, 1.68978, 1.67001, 1.67037
1.67055, 1.67491, 1.65666, 1.66177
1.65970, 1.66990, 1.65970, 1.66645
1.66653, 1.67866, 1.66359, 1.66409
1.66402, 1.67104, 1.65949, 1.66618
1.66620, 1.67229, 1.65802, 1.65957
1.65875, 1.66479, 1.65357, 1.66061
1.66103, 1.66229, 1.65515, 1.65694
1.65703, 1.67164, 1.65176, 1.66663
1.66663, 1.67207, 1.65612, 1.65791
1.65817, 1.66010, 1.65032, 1.65061
1.65068, 1.65638, 1.64385, 1.64441
1.64445, 1.64653, 1.63632, 1.63932
1.63913, 1.64622, 1.63150, 1.63689
1.63609, 1.64436, 1.63459, 1.63930
1.63906, 1.64551, 1.63829, 1.64348
1.64301, 1.64460, 1.63592, 1.64080
1.63870, 1.64198, 1.63486, 1.63734
1.63714, 1.63862, 1.62936, 1.63243
1.63230, 1.63944, 1.63156, 1.63924
1.63883, 1.64693, 1.63706, 1.64595
1.64594, 1.64630, 1.63698, 1.63869
1.63651, 1.64628, 1.63635, 1.64584
1.64566, 1.64758, 1.64080, 1.64335
1.64341, 1.64925, 1.63994, 1.64757
1.64663, 1.65026, 1.63963, 1.64827
1.64766, 1.64881, 1.64353, 1.64660
1.64515, 1.64822, 1.64028, 1.64061
1.64049, 1.64383, 1.63399, 1.64002
1.64001, 1.64280, 1.62716, 1.63247
1.63191, 1.63961, 1.62668, 1.63909
1.63904, 1.64162, 1.62902, 1.63202
1.63230, 1.63291, 1.61978, 1.62272
1.62252, 1.62584, 1.61061, 1.61222
1.61242, 1.61687, 1.60605, 1.60806
1.60793, 1.60902, 1.59282, 1.59574
1.59510, 1.61726, 1.59227, 1.61660
1.61399, 1.61991, 1.60761, 1.60865
1.60849, 1.61502, 1.60273, 1.60391
1.60380, 1.61034, 1.59871, 1.60876
1.60851, 1.60912, 1.57766, 1.58597
1.58581, 1.59291, 1.57853, 1.59187
1.59154, 1.60470, 1.58644, 1.60418
1.60416, 1.60901, 1.59859, 1.60462
1.60439, 1.60546, 1.59011, 1.59096
1.59094, 1.59331, 1.58450, 1.59123
1.59107, 1.59120, 1.57743, 1.58236
1.58130, 1.58815, 1.57953, 1.58294
1.58266, 1.60287, 1.58159, 1.59978
1.59939, 1.60160, 1.58704, 1.59043
1.59045, 1.60385, 1.58565, 1.59940
1.59900, 1.60430, 1.59355, 1.60260
1.60065, 1.61119, 1.60037, 1.60734
1.60700, 1.61109, 1.59537, 1.60683
1.60656, 1.61262, 1.60329, 1.61234
1.61189, 1.61810, 1.60539, 1.60979
1.60910, 1.61490, 1.60422, 1.60635
1.60591, 1.60784, 1.59923, 1.60113
1.60099, 1.60138, 1.58911, 1.59458
1.59421, 1.59615, 1.57739, 1.58044
1.58030, 1.58850, 1.57919, 1.58061
1.58054, 1.58193, 1.57157, 1.57229
1.57198, 1.57978, 1.57081, 1.57581
1.57579, 1.58083, 1.56798, 1.57771
1.57760, 1.57836, 1.57044, 1.57389
1.57372, 1.58769, 1.57139, 1.58671
1.58659, 1.58817, 1.57026, 1.57329
1.57290, 1.57509, 1.56004, 1.56471
1.56457, 1.57276, 1.54817, 1.55393
1.55351, 1.57241, 1.55107, 1.56882
1.56884, 1.60001, 1.55817, 1.59889
1.59832, 1.60007, 1.58920, 1.59104
1.59097, 1.59515, 1.58772, 1.58940
1.58920, 1.59120, 1.58433, 1.58549
1.58486, 1.59262, 1.57973, 1.58747
1.58739, 1.59420, 1.57901, 1.59290
1.59251, 1.59595, 1.58170, 1.58214
1.57971, 1.58663, 1.57883, 1.57907
1.57897, 1.57966, 1.56664, 1.56841
1.56792, 1.57110, 1.55857, 1.56306
1.56279, 1.57171, 1.56144, 1.56770
1.56762, 1.56794, 1.54949, 1.55790
1.55679, 1.56427, 1.55547, 1.55573
1.55571, 1.55987, 1.55141, 1.55817
1.55710, 1.56089, 1.54730, 1.55408
1.55387, 1.56267, 1.55200, 1.55911
1.55899, 1.56486, 1.55091, 1.55661
1.55534, 1.55840, 1.54270, 1.54601
1.54583, 1.54892, 1.54023, 1.54791
1.54777, 1.55316, 1.53597, 1.54290
1.54280, 1.55730, 1.53907, 1.55069
1.55053, 1.55330, 1.54240, 1.54534
1.54465, 1.55486, 1.54341, 1.55156
1.55119, 1.55784, 1.54385, 1.54398
1.54394, 1.54793, 1.54023, 1.54329
1.54306, 1.54593, 1.53679, 1.54333
1.54284, 1.55033, 1.53496, 1.55026
1.54901, 1.55427, 1.54587, 1.54751
1.54713, 1.55182, 1.54091, 1.54976
1.54874, 1.56265, 1.54815, 1.55851
1.55833, 1.56249, 1.55236, 1.55963
1.55950, 1.56665, 1.54912, 1.55890
1.55785, 1.57574, 1.55628, 1.57297
1.57282, 1.57672, 1.56352, 1.56618
1.56604, 1.57070, 1.55766, 1.55938
1.55926, 1.56561, 1.54973, 1.56394
1.56355, 1.56579, 1.55670, 1.56168
1.55954, 1.56256, 1.55150, 1.55300
1.55276, 1.56039, 1.55174, 1.55561
1.55566, 1.57133, 1.55423, 1.56017
1.56015, 1.56233, 1.55561, 1.55652
1.55657, 1.55743, 1.54761, 1.54984
1.54850, 1.56445, 1.54755, 1.55524
1.55528, 1.55874, 1.55035, 1.55387
1.55359, 1.56126, 1.55158, 1.55613
1.55590, 1.55740, 1.54325, 1.54452
1.54405, 1.54674, 1.53349, 1.53634
1.53448, 1.53832, 1.53132, 1.53578
1.53564, 1.53829, 1.52740, 1.53262
1.53262, 1.53538, 1.52850, 1.52989
1.52960, 1.53236, 1.52687, 1.52951
1.52938, 1.53668, 1.52543, 1.53079
1.52825, 1.52987, 1.52144, 1.52275
1.52264, 1.52847, 1.52102, 1.52561
1.52551, 1.52794, 1.52158, 1.52635
1.52611, 1.53023, 1.51684, 1.51831
1.51841, 1.52206, 1.51036, 1.51089
1.50667, 1.51424, 1.50560, 1.51369
1.51345, 1.52385, 1.51168, 1.51462
1.51459, 1.51730, 1.50198, 1.51332
1.51299, 1.51593, 1.50486, 1.50542
1.50535, 1.51310, 1.50238, 1.50859
1.51612, 1.52047, 1.51109, 1.51652
1.51647, 1.52207, 1.50936, 1.51387
1.51374, 1.52505, 1.51192, 1.51944
1.51932, 1.51950, 1.51169, 1.51700
1.51671, 1.51941, 1.50812, 1.51538
1.51301, 1.51688, 1.51261, 1.51470
1.51447, 1.52316, 1.51279, 1.52126
1.52084, 1.52140, 1.50873, 1.51770
1.51729, 1.52972, 1.51530, 1.51798
1.51794, 1.51838, 1.47382, 1.47418
1.46828, 1.49057, 1.40422, 1.46849
1.46810, 1.48176, 1.46300, 1.47269
1.47260, 1.48964, 1.45207, 1.48111
1.48091, 1.52010, 1.47293, 1.51994
1.51991, 1.54397, 1.51488, 1.54285
1.54209, 1.54966, 1.52679, 1.54227
1.54221, 1.55521, 1.53846, 1.54986
1.54965, 1.55235, 1.53646, 1.54232
1.54166, 1.54597, 1.52608, 1.53427
1.53386, 1.53904, 1.51889, 1.52316
1.52179, 1.52576, 1.51479, 1.52364
1.52340, 1.53530, 1.51145, 1.51353
1.51337, 1.53410, 1.51016, 1.53335
1.53322, 1.56348, 1.52864, 1.55791
1.55739, 1.56233, 1.54308, 1.55129
1.55517, 1.57066, 1.55167, 1.55811
1.55797, 1.56108, 1.54979, 1.55473
1.55448, 1.55898, 1.54243, 1.54393
1.54361, 1.55030, 1.53634, 1.54623
1.54584, 1.54689, 1.53129, 1.54080
1.55145, 1.55756, 1.54408, 1.54618
1.54585, 1.56668, 1.54471, 1.56121
1.56078, 1.58026, 1.55673, 1.57602
1.57547, 1.57802, 1.56446, 1.56909
1.56777, 1.58128, 1.56536, 1.58010
1.57788, 1.58114, 1.56085, 1.56150
1.56151, 1.56988, 1.56067, 1.56470
1.56465, 1.56807, 1.55963, 1.56111
1.56083, 1.56302, 1.53143, 1.53366
1.53388, 1.53715, 1.51670, 1.53282
1.52949, 1.55709, 1.52837, 1.55304
1.55312, 1.55527, 1.54241, 1.55002
1.54934, 1.55200, 1.53087, 1.53580
1.53570, 1.56218, 1.53557, 1.56023
1.55982, 1.57053, 1.55449, 1.56770
1.56616, 1.56928, 1.55459, 1.56455
1.56444, 1.59083, 1.56330, 1.57545
1.57514, 1.58879, 1.57105, 1.58818
1.58787, 1.59267, 1.57166, 1.58116
1.58006, 1.59746, 1.57935, 1.59104
1.58847, 1.59167, 1.58330, 1.59006
1.58865, 1.59485, 1.58690, 1.58848
1.58853, 1.61711, 1.58821, 1.60933
1.60925, 1.61994, 1.60777, 1.61526
1.61514, 1.61874, 1.61211, 1.61749
1.61564, 1.62933, 1.61097, 1.61358
1.61290, 1.63651, 1.60920, 1.62271
1.62256, 1.62786, 1.61264, 1.61942
1.61851, 1.65187, 1.61676, 1.64563
1.64554, 1.65555, 1.63828, 1.65433
1.65079, 1.65731, 1.64345, 1.65654
1.65540, 1.67057, 1.65388, 1.65573
1.65558, 1.66774, 1.65367, 1.66697
1.66622, 1.66872, 1.65713, 1.66344
1.66304, 1.67705, 1.66060, 1.67309
1.66936, 1.68125, 1.66603, 1.67198
1.67177, 1.68419, 1.66705, 1.67492
1.67426, 1.68462, 1.67284, 1.68308
1.68263, 1.68276, 1.66071, 1.66384
1.66369, 1.67048, 1.65592, 1.66402
1.66021, 1.66877, 1.65755, 1.65813
1.65796, 1.66477, 1.64885, 1.65839
1.65781, 1.65842, 1.64109, 1.64432
1.64399, 1.64918, 1.63664, 1.64301
1.64279, 1.64421, 1.63523, 1.63735
1.63928, 1.64151, 1.63744, 1.63828
1.63773, 1.63992, 1.62068, 1.62673
1.62599, 1.63887, 1.62206, 1.63517
1.63480, 1.63839, 1.62970, 1.63283
1.63296, 1.63870, 1.62720, 1.63814
1.63469, 1.63640, 1.63055, 1.63452
1.63360, 1.64238, 1.62138, 1.63544
1.63494, 1.64339, 1.62365, 1.62481
1.62476, 1.62873, 1.61197, 1.61567
1.61543, 1.62657, 1.61014, 1.62552
1.62300, 1.63315, 1.62139, 1.63122
1.63046, 1.63404, 1.62460, 1.63078
1.63080, 1.63392, 1.62318, 1.63072
1.63036, 1.63628, 1.62392, 1.63216
1.63199, 1.63892, 1.62825, 1.63852
1.63389, 1.64091, 1.63059, 1.63492
1.63450, 1.64610, 1.63254, 1.64489
1.64469, 1.66642, 1.64170, 1.66521
1.66511, 1.66894, 1.66182, 1.66840
1.66801, 1.66917, 1.65795, 1.65908
1.65909, 1.66390, 1.65023, 1.65463
1.65464, 1.65781, 1.64071, 1.64935
1.64888, 1.66141, 1.64382, 1.66021
1.66013, 1.66324, 1.64948, 1.65327
1.65231, 1.65444, 1.64542, 1.64972
1.64903, 1.65394, 1.64609, 1.65329
1.65303, 1.65868, 1.63829, 1.63858
1.63865, 1.64767, 1.63669, 1.64395
1.64387, 1.64661, 1.62739, 1.62739
1.62744, 1.63839, 1.61358, 1.61516
1.61384, 1.62160, 1.61239, 1.61621
1.61605, 1.61886, 1.60772, 1.61418
1.61321, 1.62464, 1.61135, 1.62308
1.62270, 1.63395, 1.62081, 1.63026
1.63022, 1.63084, 1.60762, 1.60864
1.60977, 1.62012, 1.60805, 1.61825
1.61786, 1.62979, 1.61655, 1.62386
1.62353, 1.62530, 1.60843, 1.61151
1.61115, 1.61638, 1.60850, 1.61298
1.61248, 1.62305, 1.60953, 1.62205
1.62046, 1.62311, 1.61757, 1.62001
1.61977, 1.63979, 1.61684, 1.63941
1.63923, 1.64177, 1.63187, 1.63211
1.63163, 1.63244, 1.62585, 1.62758
1.62705, 1.63325, 1.62412, 1.62450
1.62477, 1.63765, 1.62334, 1.63719
1.63679, 1.65211, 1.63488, 1.64043
1.63993, 1.64424, 1.63219, 1.63433
1.63363, 1.63515, 1.62384, 1.62430
1.62422, 1.63770, 1.62253, 1.63729
1.63486, 1.63943, 1.63280, 1.63686
1.63680, 1.64215, 1.62578, 1.62641
1.62589, 1.63514, 1.62482, 1.63444
1.63395, 1.64923, 1.63243, 1.64849
1.64809, 1.67053, 1.64719, 1.66351
1.66857, 1.67410, 1.66019, 1.67271
1.67277, 1.67334, 1.65912, 1.66298
1.66298, 1.66607, 1.65678, 1.65847
1.65853, 1.66693, 1.65355, 1.66130
1.66089, 1.67369, 1.66060, 1.67209
1.67230, 1.67888, 1.66861, 1.67703
1.67703, 1.67895, 1.66915, 1.67452
1.67469, 1.68628, 1.67325, 1.68406
1.68336, 1.68644, 1.67672, 1.68397
1.68413, 1.68605, 1.67871, 1.68014
1.67885, 1.68391, 1.67653, 1.67835
1.67815, 1.68411, 1.67651, 1.67775
1.67772, 1.67881, 1.66960, 1.66962
1.66915, 1.67653, 1.66796, 1.67485
1.67442, 1.67907, 1.66592, 1.66605
1.66270, 1.66909, 1.65792, 1.66846
1.66777, 1.68241, 1.66419, 1.68060
1.68044, 1.68344, 1.67430, 1.67644
1.67645, 1.68123, 1.67372, 1.67772
1.67733, 1.68073, 1.67430, 1.67712
1.67777, 1.67896, 1.67084, 1.67238
1.67221, 1.68079, 1.67172, 1.67302
1.67293, 1.67912, 1.67018, 1.67794
1.67775, 1.67935, 1.66964, 1.67037
1.67021, 1.67112, 1.65799, 1.65824
1.65824, 1.66254, 1.65370, 1.65732
1.65716, 1.66588, 1.65634, 1.66357
1.66354, 1.67531, 1.66265, 1.67378
1.67355, 1.67896, 1.67226, 1.67675
1.67617, 1.68511, 1.67329, 1.68474
1.68295, 1.69105, 1.68228, 1.69048
1.69021, 1.69347, 1.68669, 1.69104
1.69082, 1.70438, 1.68980, 1.70031
1.69997, 1.70133, 1.69465, 1.69864
1.69811, 1.70653, 1.69557, 1.70183
1.69920, 1.70308, 1.69006, 1.69188
1.69176, 1.70122, 1.68970, 1.69855
1.69842, 1.71053, 1.69719, 1.71047
1.71015, 1.71442, 1.70139, 1.70170
1.70160, 1.70531, 1.68887, 1.68900
1.68963, 1.69167, 1.68401, 1.68738
1.68715, 1.69115, 1.68498, 1.68932
1.68921, 1.69144, 1.68552, 1.68795
1.68768, 1.69192, 1.68373, 1.68751
1.68747, 1.69179, 1.68536, 1.68717
1.68553, 1.69169, 1.68484, 1.68671
1.68631, 1.68829, 1.67735, 1.68245
1.68190, 1.68290, 1.67786, 1.67967
1.67959, 1.68126, 1.67180, 1.67488
1.67474, 1.68555, 1.67144, 1.67978
1.67993, 1.68320, 1.67734, 1.67956
1.67936, 1.67976, 1.67139, 1.67622
1.67610, 1.68533, 1.67477, 1.68076
1.68062, 1.68323, 1.67805, 1.68058
1.68045, 1.68685, 1.67919, 1.68133
1.67907, 1.68103, 1.67674, 1.67891
1.67878, 1.69189, 1.67665, 1.68756
1.68698, 1.69078, 1.68171, 1.68837
1.68805, 1.69296, 1.68364, 1.68434
1.68422, 1.68478, 1.67079, 1.67172
1.66916, 1.67178, 1.66192, 1.67160
1.67141, 1.67201, 1.66268, 1.66459
1.66469, 1.67324, 1.66189, 1.66292
1.66235, 1.68009, 1.66098, 1.67697
1.67644, 1.67981, 1.67157, 1.67788
1.67490, 1.67907, 1.67018, 1.67215
1.67214, 1.68029, 1.67124, 1.67875
1.67872, 1.68813, 1.67612, 1.68682
1.68643, 1.69034, 1.68435, 1.68983
1.68928, 1.69765, 1.68842, 1.69175
1.69001, 1.69510, 1.68668, 1.68868
1.68852, 1.69279, 1.68412, 1.68888
1.68877, 1.69261, 1.67728, 1.68024
1.67976, 1.68772, 1.67397, 1.67595
1.67585, 1.68308, 1.67355, 1.67577
1.67449, 1.67799, 1.66957, 1.67201
1.67162, 1.68153, 1.66986, 1.68124
1.68119, 1.68333, 1.67138, 1.67495
1.67491, 1.67900, 1.66961, 1.67120
1.67095, 1.68459, 1.66917, 1.68133
1.68027, 1.68356, 1.67756, 1.68135
1.68081, 1.68378, 1.67914, 1.68097
1.68061, 1.68963, 1.67974, 1.68710
1.68653, 1.70324, 1.68527, 1.70292
1.70269, 1.70680, 1.70038, 1.70429
1.70173, 1.70829, 1.69553, 1.70758
1.70753, 1.71576, 1.70538, 1.71072
1.71067, 1.71628, 1.70596, 1.71258
1.71185, 1.72489, 1.71061, 1.72183
1.72136, 1.73338, 1.71848, 1.73020
1.72908, 1.73286, 1.72136, 1.72541
1.72509, 1.73291, 1.71617, 1.71623
1.71630, 1.71711, 1.69466, 1.70316
1.70283, 1.70331, 1.69035, 1.69482
1.69465, 1.70012, 1.68943, 1.69933
1.69774, 1.70166, 1.68579, 1.68811
1.68803, 1.69956, 1.68699, 1.69933
1.69894, 1.71035, 1.69633, 1.70899
1.70886, 1.71080, 1.69170, 1.69192
1.69157, 1.70454, 1.68949, 1.70149
1.69916, 1.70407, 1.69089, 1.69265
1.69236, 1.70105, 1.69176, 1.69670
1.69656, 1.70350, 1.69055, 1.69662
1.69605, 1.69875, 1.68726, 1.69713
1.69705, 1.70710, 1.69570, 1.70614
1.70264, 1.70925, 1.70122, 1.70887
1.70875, 1.71460, 1.70608, 1.71046
1.70958, 1.71352, 1.70583, 1.70721
1.70675, 1.71408, 1.70225, 1.70422
1.70407, 1.71210, 1.70282, 1.70701
1.70486, 1.70940, 1.70027, 1.70713
1.70703, 1.71857, 1.70531, 1.71450
1.71443, 1.72452, 1.71289, 1.72222
1.72224, 1.72661, 1.71805, 1.72639
1.72284, 1.72284, 1.72284, 1.72284