149.15600, 149.45400, 148.82300, 148.94500
148.93400, 149.67200, 148.38200, 148.73400
148.66900, 149.95500, 148.49100, 149.88800
149.82000, 150.42700, 148.79700, 150.33300
150.31900, 150.68500, 149.96100, 150.38800
150.36000, 151.22300, 149.88400, 150.64100
150.63100, 151.48900, 150.48600, 150.84200
150.85200, 152.13700, 150.69100, 151.96700
151.96700, 152.24400, 151.27700, 151.40000
151.33500, 152.87800, 151.16800, 152.72000
152.69000, 153.85200, 152.58100, 152.87500
153.10500, 153.76000, 152.65100, 153.58400
153.55500, 153.75200, 152.78200, 152.93700
152.83000, 153.62700, 152.05800, 152.30200
152.23700, 152.95700, 151.08500, 151.17200
151.18700, 151.70100, 150.69300, 150.72400
150.87000, 151.63800, 150.72900, 151.51100
151.51700, 152.59800, 151.40500, 152.08900
152.08500, 152.56500, 152.05100, 152.42600
152.37000, 152.72400, 151.96900, 152.07000
152.05800, 152.27500, 150.20300, 150.25100
150.17500, 150.83700, 149.83400, 150.47900
150.38700, 150.62800, 149.14400, 149.58100
149.55300, 150.12200, 149.00700, 149.07800
149.07100, 149.46100, 147.59800, 148.22700
148.19000, 148.27100, 147.05600, 147.50800
147.65400, 148.25900, 147.34000, 147.88000
147.86200, 148.07000, 147.04800, 147.84200
147.83000, 149.19000, 147.68900, 148.64600
148.61900, 149.30200, 147.47700, 147.85200
147.84500, 148.48300, 147.57800, 148.05900
148.03700, 149.06600, 147.96800, 148.61300
148.61800, 149.19500, 148.37600, 149.04200
148.97600, 149.05400, 148.18000, 148.91600
148.84900, 149.83200, 148.74800, 149.70000
149.68400, 150.00600, 149.09200, 149.16100
149.23500, 149.65200, 148.81000, 149.11200
149.03600, 149.71900, 148.76500, 148.94300
148.90400, 148.99400, 145.94200, 146.94400
146.86700, 147.26400, 145.68600, 146.18200
146.13000, 146.71700, 145.27800, 145.40100
146.11000, 146.18200, 145.31800, 145.62800
145.56300, 145.70700, 143.19600, 144.19100
143.97400, 145.05500, 143.59800, 144.65800
144.66800, 145.31000, 144.12300, 144.66000
144.65600, 146.30500, 144.48600, 146.16300
145.93400, 146.89800, 145.83800, 146.17600
146.17600, 147.10300, 146.03300, 147.08700
147.03600, 148.00600, 146.85700, 147.78500
147.78500, 148.11300, 146.90300, 147.24000
147.23400, 147.44000, 146.09600, 146.82900
146.55300, 147.84200, 146.49600, 147.23700
147.23700, 147.98500, 147.11500, 147.58300
147.58100, 147.89300, 147.21000, 147.61100
147.60800, 147.84700, 146.69400, 146.70600
146.71600, 147.06700, 146.29500, 146.94800
146.81600, 147.00200, 146.10000, 146.42400
146.41900, 146.47000, 144.38400, 144.98000
144.97700, 145.62300, 144.58500, 145.36700
145.36700, 146.22000, 144.58900, 145.61400
145.61200, 146.64900, 145.45300, 145.84500
145.55400, 146.18700, 144.69500, 145.75800
145.74900, 145.78900, 144.96800, 145.44600
145.44600, 145.66000, 144.51500, 144.61600
144.61300, 144.67900, 143.76500, 144.48800
144.48100, 146.33000, 144.34100, 146.17400
145.71100, 146.48900, 145.18300, 145.70600
145.70300, 146.38400, 145.28200, 145.87400
145.86900, 146.35900, 145.56700, 146.16300
146.15900, 146.87000, 145.83300, 146.29600
146.29600, 146.77400, 146.01700, 146.72400
146.71500, 147.61200, 146.10200, 146.93700
146.93500, 147.79200, 146.78800, 147.35300
147.34700, 148.13000, 146.80400, 147.86700
147.87000, 148.89800, 147.78800, 148.59700
148.59700, 148.72700, 147.64000, 148.69400
148.42100, 149.31400, 148.39400, 148.60200
148.59900, 149.08800, 147.57100, 148.03400
148.03600, 148.22800, 146.86500, 147.48000
147.48100, 147.59700, 146.15700, 146.38000
146.38000, 146.66300, 145.97100, 146.32600
146.14200, 146.42600, 145.67500, 145.85500
145.85500, 146.32500, 145.45300, 146.13600
146.13200, 146.52200, 145.76600, 146.36700
146.36500, 146.51700, 145.76100, 145.81000
145.80800, 145.82200, 145.26800, 145.37700
145.43100, 145.92400, 145.24800, 145.86800
145.86800, 147.00900, 145.35400, 146.79800
146.78300, 147.15000, 146.31300, 146.63600
146.61800, 146.65200, 144.99100, 145.32100
145.27400, 145.54900, 144.51200, 144.65800
144.53800, 144.73500, 144.04400, 144.17100
144.17200, 144.43700, 143.80700, 144.10300
144.09400, 144.27800, 142.72900, 142.93300
142.93300, 143.49100, 142.34900, 142.43400
142.46000, 142.56300, 140.93300, 141.60600
140.80500, 141.83500, 140.24000, 141.33500
141.33000, 142.47400, 141.00400, 141.37200
141.37100, 141.76900, 139.89700, 140.60500
140.60200, 141.32700, 140.20900, 140.97700
140.97700, 141.16600, 140.22700, 140.88800
140.91100, 141.21900, 140.71800, 140.83900
140.83600, 142.67600, 140.66600, 142.28700
142.20100, 142.79600, 141.99600, 142.76000
142.66400, 143.01000, 142.42400, 142.60600
142.60500, 143.24000, 142.49900, 142.92900
142.86300, 143.28200, 142.52600, 143.21000
143.19500, 143.66600, 143.04700, 143.10700
143.10500, 145.56600, 142.82200, 145.49800
145.49800, 145.68400, 144.37900, 144.45300
144.34500, 144.69900, 143.49800, 143.95300
143.49100, 143.71700, 142.83700, 143.01300
143.01300, 143.38000, 142.59300, 143.29500
143.29000, 144.96500, 142.65300, 143.93200
143.93100, 144.24200, 142.93900, 143.10800
143.11800, 144.43300, 142.60800, 143.42500
143.45700, 145.02900, 143.07200, 144.75400
144.75100, 145.92800, 144.33900, 145.41600
145.40300, 145.65200, 144.67400, 145.17900
145.17900, 146.81900, 145.01500, 146.68600
146.70600, 147.01800, 146.25600, 146.43500
146.31300, 147.45800, 146.31300, 147.18500
147.08400, 147.91500, 146.78200, 147.72500
147.70000, 148.52900, 147.19600, 147.59600
147.59600, 149.28600, 147.34400, 149.27700
149.26700, 149.71300, 146.98700, 147.18900
146.97200, 148.30100, 146.94500, 147.96400
147.96400, 149.02100, 147.80600, 148.91900
148.91900, 149.09500, 148.27900, 148.44700
148.42200, 148.73000, 147.59600, 148.28800
148.28800, 148.64900, 147.53900, 148.12800
148.29700, 149.42700, 148.17400, 148.63400
148.59200, 148.72100, 147.19400, 147.53800
147.44800, 148.58500, 147.26500, 148.17300
148.17300, 148.63300, 147.70300, 148.36300
148.35600, 149.26600, 148.07900, 149.16400
149.25900, 149.50900, 147.49300, 148.24100
148.21600, 148.75100, 147.34800, 148.46100
148.40200, 149.30400, 148.05800, 148.12100
148.11000, 148.78000, 147.81300, 148.46300
148.43900, 149.00400, 147.16100, 147.59100
146.72900, 147.42700, 146.50800, 146.98400
146.99300, 148.40500, 146.85400, 148.00700
147.97000, 148.25100, 147.05300, 147.73100
147.73100, 147.75200, 145.81500, 146.03000
146.02900, 147.33200, 146.00000, 147.03700
147.12800, 147.57900, 146.05000, 146.27400
146.20600, 146.40200, 145.28900, 145.99500
145.92500, 146.30300, 144.43200, 144.55100
144.49700, 145.03700, 144.01800, 144.06700
144.06700, 144.17500, 142.77100, 143.50300
143.50100, 144.40300, 143.33900, 143.78700
143.79900, 144.39100, 143.21400, 143.72800
143.70100, 145.13300, 143.61700, 144.19000
144.21700, 146.88000, 144.02400, 146.39400
146.37200, 147.25600, 146.28600, 146.64700
147.34900, 147.80600, 146.85200, 147.63800
147.57900, 148.71100, 147.30000, 148.68200
148.51600, 149.22900, 148.32900, 149.06200
148.94700, 149.48600, 148.60500, 148.94500
148.94300, 149.05000, 147.49700, 147.65200
146.98900, 147.57800, 146.06700, 146.26200
146.21100, 148.72900, 145.99100, 147.59000
147.58500, 148.42600, 146.31800, 147.56300
147.54800, 147.92500, 144.25000, 145.11600
145.08400, 145.44300, 144.59500, 144.66000
144.84300, 145.31400, 144.29200, 144.62500
144.58500, 144.91700, 144.01600, 144.17000
144.17800, 144.89100, 144.02000, 144.46200
144.43700, 145.95300, 144.26000, 145.40100
145.39600, 145.52600, 144.34800, 144.64300
144.74700, 145.73800, 144.63900, 145.49300
145.54300, 145.63500, 144.59500, 144.94100
144.93500, 145.83900, 144.85700, 145.77400
145.75200, 145.80100, 144.51400, 145.06900
145.03200, 145.28800, 144.62000, 144.67000
145.07300, 145.51200, 144.17600, 144.58600
144.57900, 144.76300, 142.84500, 143.38300
143.34100, 144.53400, 143.26300, 144.10500
144.07500, 144.16400, 143.25000, 144.04000
143.99400, 144.21800, 143.23100, 143.48800
143.03800, 143.70900, 141.17500, 142.33500
142.28100, 142.93200, 141.51300, 141.59600
141.55200, 143.44600, 141.51200, 143.00100
142.97300, 143.93300, 142.78000, 143.79500
143.63300, 143.85300, 142.37500, 142.68700
142.80700, 143.23600, 142.15600, 142.31900
142.32300, 142.65500, 141.93100, 142.24200
142.12200, 142.53300, 141.57900, 141.83900
141.71700, 142.10500, 140.57400, 140.87100
140.72200, 141.16300, 140.23600, 140.36400
140.23600, 140.84900, 140.20000, 140.56300
140.30600, 140.87000, 139.74200, 140.67900
140.66400, 140.81200, 139.72200, 140.35800
140.30900, 140.36400, 139.49100, 140.02800
139.98700, 140.87500, 139.56600, 139.82400
139.40100, 139.46000, 137.26700, 137.31400
137.29900, 137.29900, 131.42100, 136.02100
135.90000, 138.30000, 135.80100, 137.99200
138.02100, 138.92300, 137.60700, 138.87500
138.87800, 139.43400, 137.97400, 138.24600
138.24300, 139.10500, 137.75900, 138.28000
138.31100, 138.52700, 137.44600, 138.25100
138.21200, 139.48200, 137.63400, 139.31800
139.39600, 140.05500, 138.59900, 139.17400
139.07800, 140.42700, 137.35800, 139.76800
139.69200, 140.69700, 138.98300, 140.48900
140.49800, 142.21700, 139.50800, 141.84100
141.86200, 142.08000, 141.08500, 141.29000
141.18800, 141.52600, 140.68100, 141.36100
141.32900, 141.93200, 140.62100, 141.69500
141.67800, 143.55800, 141.56400, 143.22700
143.18800, 143.54700, 142.70700, 143.20100
143.21200, 144.83700, 143.08000, 144.57800
144.41300, 144.71600, 143.59900, 143.82600
143.83200, 144.48500, 142.73100, 142.91300
142.87400, 143.59300, 142.72900, 143.00600
142.99600, 143.21000, 142.24000, 142.70600
142.59500, 143.49200, 142.07100, 143.21500
143.06300, 144.16900, 143.03000, 143.28100
143.21200, 143.55100, 142.03500, 142.40100
142.36300, 142.51200, 141.75300, 142.17100
142.19600, 142.62300, 141.12300, 142.23300
142.18300, 142.51700, 141.84500, 142.06200
141.94700, 142.55300, 141.85700, 141.93400
141.80900, 142.63200, 141.77900, 142.46100
142.39700, 143.33300, 142.35600, 142.57900
142.57900, 143.02800, 141.28800, 141.44000
141.38200, 142.39900, 141.00500, 142.35900
142.49300, 143.01900, 142.49200, 142.92800
142.86700, 144.69800, 142.47500, 144.47300
144.43900, 145.04000, 144.12200, 144.65100
144.62400, 144.92200, 144.07900, 144.29200
144.33600, 144.74600, 143.77900, 144.45600
144.63500, 145.66800, 144.41300, 145.43900
145.43000, 147.05900, 145.37400, 146.51800
146.51400, 148.04300, 146.16100, 147.73000
147.69800, 148.26200, 146.98000, 147.70600
147.69300, 148.56600, 147.51400, 147.82400
148.19400, 148.30600, 147.10100, 147.29400
147.16900, 147.78400, 146.60100, 147.45000
147.41600, 147.45000, 146.68900, 147.21300
147.16500, 147.28000, 145.78400, 145.97100
145.89600, 146.18100, 144.31400, 144.65800
144.26200, 146.65600, 143.72000, 146.64100
146.67500, 147.78800, 144.57500, 145.55000
145.55500, 148.72300, 145.35900, 148.22400
148.15800, 148.87200, 147.38200, 148.03400
148.02700, 148.37500, 147.42000, 148.06300
148.18500, 148.38500, 147.01200, 147.61300
147.60000, 148.04900, 147.51700, 147.80100
147.81500, 148.08200, 145.87900, 145.99300
145.92200, 146.39600, 144.13100, 145.31100
145.32700, 145.74500, 144.52900, 145.19400
145.30100, 145.79400, 144.63500, 145.03300
145.08100, 146.46600, 145.01100, 146.06200
146.03200, 146.50200, 145.34500, 145.36600
145.33200, 145.65000, 144.19300, 144.33300
144.35300, 145.48200, 143.82600, 144.41700
144.70000, 146.34800, 144.38400, 145.95600
145.89900, 146.44100, 144.93200, 146.22600
146.03900, 147.19200, 146.02300, 146.69200
146.62800, 146.95600, 145.67600, 145.96100
145.96600, 146.54600, 145.09900, 145.59300
145.58200, 145.77300, 145.09600, 145.63400
145.55200, 146.05000, 144.78000, 145.06300
144.93800, 145.88400, 144.87100, 145.28700
145.26900, 145.94800, 145.08100, 145.74500
145.72200, 147.01100, 145.68500, 146.39800
146.35800, 146.99400, 146.33200, 146.75500
146.71100, 146.75000, 146.01000, 146.15300
146.11000, 146.29800, 145.83400, 146.08500
146.05500, 146.11100, 145.28400, 145.37600
145.41500, 145.56700, 145.24700, 145.25100
145.37000, 145.51000, 145.21300, 145.26900
145.26100, 145.62400, 144.58100, 144.68400
144.64200, 145.02000, 144.39600, 144.69500
144.77900, 144.93000, 143.78300, 143.99800
143.98800, 144.45300, 143.76600, 144.16000
144.14300, 144.71500, 144.08300, 144.41700
144.41000, 145.37600, 144.04500, 145.30400
145.28000, 145.69900, 145.12700, 145.39900
145.34800, 145.87500, 145.08500, 145.32100
145.26300, 146.50500, 144.80500, 146.36600
146.32600, 146.32600, 144.98600, 145.20500
145.00500, 145.36600, 143.86100, 144.13500
144.11600, 144.18600, 143.04200, 143.19100
143.15400, 143.24000, 142.23200, 142.72300
142.78400, 143.23600, 142.50800, 142.98100
142.94800, 142.94800, 141.20100, 141.63500
141.60300, 142.17300, 141.36100, 141.43200
141.40000, 141.64100, 140.20000, 140.72600
140.73300, 140.78800, 140.20100, 140.56700
140.49100, 140.68200, 139.54400, 139.92300
139.93900, 140.52800, 139.69500, 139.98900
140.01300, 141.73100, 139.64600, 140.35900
140.35000, 140.70000, 139.31300, 139.71400
139.65500, 139.71500, 138.52400, 138.72700
138.69000, 139.48800, 138.50400, 138.92300
139.05200, 139.64000, 138.67500, 138.87100
138.77800, 139.00900, 138.28500, 138.34100
138.33600, 138.58000, 137.86700, 138.36200
138.31200, 138.73400, 138.05400, 138.22900
138.14900, 138.22300, 136.62800, 136.77200
136.74000, 137.12000, 136.61400, 136.84000
136.82500, 137.47100, 136.55600, 137.32200
137.27300, 137.78000, 137.17800, 137.52600
137.55200, 137.81000, 136.98600, 137.55900
137.55900, 138.16300, 137.48200, 137.80400
137.77400, 138.25400, 137.47800, 137.58300
137.54300, 138.32500, 137.47200, 138.06400
138.03500, 138.23900, 137.55600, 137.66900
137.64100, 137.77800, 137.09600, 137.37500
137.29300, 137.42100, 136.51100, 136.64500
136.64500, 136.93000, 136.00100, 136.01300
136.00100, 136.24600, 135.37600, 136.17400
136.15000, 137.00300, 135.78000, 136.66900
136.62300, 137.17300, 136.19700, 136.30100
136.17100, 136.83500, 135.94200, 136.74500
136.73600, 137.12500, 136.48700, 136.69100
136.61700, 136.84200, 135.80400, 135.97000
135.71000, 136.89200, 135.71000, 136.73100
136.72000, 137.33200, 136.41700, 136.55600
136.50400, 137.20000, 136.26700, 137.02400
136.99100, 137.78400, 136.73700, 137.03900
137.02800, 137.13500, 135.85900, 135.89600
135.79700, 135.90700, 135.16900, 135.53200
135.45100, 135.71600, 135.43800, 135.58500
135.53700, 136.04200, 135.48400, 135.87500
135.86800, 136.13200, 135.53700, 136.08700
135.95100, 136.28000, 135.38900, 135.65000
135.65200, 136.05400, 135.48400, 135.63200
135.53900, 136.05100, 135.07700, 135.90400
135.85100, 136.01900, 135.50100, 135.68200
135.67600, 135.84300, 134.94700, 135.04900
135.02500, 135.26000, 133.96400, 134.28200
134.23500, 134.62300, 133.96800, 134.22600
134.17700, 134.82700, 133.84700, 134.63900
134.55500, 135.00300, 134.52800, 134.61200
134.50900, 135.08500, 134.40600, 134.59000
134.53400, 134.98300, 134.31000, 134.61500
134.57000, 135.27500, 134.24500, 135.04200
135.02800, 135.66600, 134.70800, 135.29900
135.29600, 135.39200, 134.53600, 134.55100
134.40100, 134.57400, 132.84700, 132.90700
132.85900, 133.06800, 131.60500, 131.94400
131.88200, 132.99100, 131.84200, 132.25400
132.20100, 132.55100, 130.15600, 130.21200
130.20300, 130.41600, 129.07600, 129.61300
129.31500, 129.60400, 128.17100, 128.61800
128.60900, 130.06400, 128.10900, 129.53600
129.48100, 129.56000, 128.22000, 129.02800
128.98900, 129.32800, 128.27400, 128.72000
128.64700, 128.74500, 126.96400, 127.06300
127.14700, 127.51600, 126.54400, 127.13900
127.14500, 129.21900, 126.80000, 128.71900
128.67800, 128.75000, 127.49000, 127.69300
127.65600, 128.97800, 127.47000, 128.27200
128.21100, 129.57000, 128.12800, 129.18200
129.10400, 129.53400, 128.97000, 129.31400
129.27000, 129.63300, 128.26200, 129.29200
129.19500, 129.66900, 128.88100, 129.22500
129.22900, 130.69300, 128.75700, 130.44100
130.27900, 130.55000, 128.99000, 129.45100
128.71200, 130.13700, 128.18200, 129.65500
129.55800, 130.38400, 129.00100, 129.96300
129.92000, 130.06700, 128.46800, 129.48000
129.50800, 130.03100, 128.96800, 129.75400
129.69200, 129.81900, 129.07800, 129.23500
128.79000, 129.31200, 127.86800, 128.07000
128.11700, 128.24800, 126.66900, 128.07000
127.99700, 130.37700, 127.87700, 130.36800
130.29900, 132.16300, 129.91200, 131.87000
131.77300, 132.12500, 131.26100, 131.34800
131.02100, 132.56100, 130.80400, 132.35800
132.33100, 132.91300, 132.01400, 132.88800
132.68900, 133.36200, 132.66800, 132.95600
132.85000, 133.64100, 132.16700, 133.29800
133.35000, 135.18900, 133.23400, 135.11700
134.27300, 134.86800, 133.87300, 134.38900
134.42000, 135.42400, 133.98700, 135.13600
135.11600, 135.66100, 134.59400, 135.23600
135.22500, 135.51600, 134.26300, 135.32500
135.29500, 135.74500, 134.06800, 134.10500
134.24800, 134.54700, 133.34800, 133.71000
133.69800, 134.61100, 133.54600, 133.78400
133.67600, 134.00700, 132.83800, 133.08600
133.07600, 133.29000, 132.38200, 132.88300
132.87500, 133.27700, 132.31500, 132.63000
132.69400, 133.33700, 132.47300, 132.88500
132.79700, 133.35400, 131.77800, 132.56800
132.56800, 132.61300, 131.57400, 131.80000
131.79800, 132.54400, 131.47600, 131.78500
131.78000, 131.98800, 131.28100, 131.83800
131.30100, 132.24100, 131.29600, 131.80000
131.83100, 132.11600, 130.42700, 130.85300
130.79900, 131.82000, 130.64600, 131.14800
131.14300, 134.55600, 130.72300, 134.28300
134.23700, 137.88900, 133.96000, 137.14100
136.84800, 137.16400, 135.49400, 136.60700
136.64300, 139.31900, 136.44600, 139.16700
139.14900, 140.09300, 137.50300, 139.50400
139.44500, 141.50200, 138.61600, 140.05800
140.04000, 140.70300, 139.34500, 140.69700
140.45800, 141.35500, 139.46500, 140.73900
140.69500, 141.11900, 139.51400, 139.65200
139.62300, 140.42500, 139.08100, 140.38700
140.31900, 140.73400, 138.86700, 139.59400
139.56800, 139.79900, 139.02100, 139.44600
139.33700, 140.25500, 139.28900, 140.10300
140.12100, 140.53400, 139.46300, 140.05200
140.04000, 140.50700, 139.94000, 140.40300
140.40300, 140.68800, 139.60200, 139.63300
139.65200, 140.15300, 139.63500, 139.90500
139.90300, 140.23300, 139.83900, 139.86800
139.86000, 140.74700, 139.81200, 140.63600
140.57500, 140.66700, 139.87000, 140.11500
140.00000, 140.53000, 139.48800, 140.02700
140.04000, 140.20600, 139.41200, 139.54200
139.66100, 140.48900, 139.36400, 140.13900
140.05900, 140.58700, 139.94100, 140.02300
140.05600, 140.25300, 139.43700, 139.81300
139.79100, 139.88300, 139.39600, 139.65600
139.62400, 140.46100, 139.59200, 140.31100
140.51700, 141.57400, 140.35300, 140.75400
140.71500, 140.93300, 140.10500, 140.29800
140.24500, 140.48500, 139.67900, 140.35300
140.24000, 140.92500, 139.97100, 140.16800
140.15900, 140.51400, 139.31800, 139.40700
139.58000, 140.62300, 139.57400, 140.48400
140.46000, 140.89900, 139.98400, 140.27700
140.13400, 141.53100, 140.04400, 141.32700
141.55800, 141.85400, 141.24500, 141.36500
141.36500, 141.68500, 141.11100, 141.59600
141.41500, 141.81600, 140.94000, 141.01400
140.93000, 141.71100, 140.91600, 141.17000
141.08000, 142.78600, 140.82900, 142.65500
142.59800, 143.24900, 142.59500, 143.11000
143.04500, 143.14400, 142.36600, 142.60200
142.67100, 143.10200, 142.55800, 142.64600
142.66700, 143.66300, 142.59200, 143.06600
142.96500, 143.37600, 142.54500, 143.24200
143.17500, 144.14900, 142.47700, 144.00500
146.91300, 147.95200, 145.45000, 145.74000
145.73400, 146.80900, 145.73400, 146.08500
145.98100, 146.08700, 143.47300, 143.74700
143.64700, 143.85700, 143.07200, 143.30600
143.24100, 143.86500, 141.97600, 142.20700
142.20200, 143.05000, 142.08700, 142.28400
142.22500, 142.53800, 141.15800, 141.48800
141.44300, 141.77300, 141.31300, 141.63900
142.31100, 142.72300, 141.99000, 142.48200
142.44900, 143.63500, 142.03200, 143.24400
143.23500, 143.42500, 142.58700, 142.73500
142.59400, 144.35900, 142.42400, 144.03800
143.80700, 143.94100, 142.26700, 142.58500
142.60900, 142.78200, 140.99800, 141.36300
141.11900, 142.78500, 140.83400, 142.70000
142.61800, 143.29400, 142.01700, 142.29800
142.27800, 143.10200, 141.12000, 142.90400
142.82000, 143.45200, 142.42200, 143.11200
143.06900, 143.49500, 142.88200, 142.97100
142.71800, 142.96600, 142.36200, 142.78400
142.74900, 143.43100, 142.44800, 143.20300
143.08800, 143.38400, 142.65600, 143.28300
143.22800, 144.13800, 143.20900, 144.05100
144.03300, 144.52700, 143.19200, 143.23200
143.09600, 143.36800, 142.79900, 143.32400
143.26400, 143.97200, 142.85700, 143.34100
143.27800, 144.60700, 143.23600, 144.32400
144.26700, 144.41100, 143.20600, 143.70600
143.54300, 144.41200, 142.71500, 142.77900
142.42600, 142.74600, 142.05400, 142.19600
142.09000, 142.45500, 141.47600, 142.18200
142.04700, 142.34300, 141.70700, 141.92400
141.66300, 142.70700, 141.25600, 142.59200
142.56700, 143.28600, 142.45700, 143.06100
142.82300, 143.10600, 141.06500, 141.24700
141.17300, 142.84000, 140.91900, 142.72200
142.59600, 143.37400, 142.22300, 142.77000
142.68700, 142.81900, 142.08700, 142.17600
142.14100, 142.37200, 141.38700, 141.41400
141.36800, 142.09300, 141.23600, 141.75300
141.68200, 142.46200, 141.68100, 142.20900
142.13400, 142.89200, 142.12100, 142.64200
142.59200, 143.47800, 142.14400, 143.22200
143.16500, 143.40700, 142.76600, 143.20300
143.10300, 143.37100, 142.83100, 142.85600
142.83700, 143.23300, 142.31800, 142.78600
142.75400, 144.16800, 142.75400, 143.87100
143.81000, 144.60600, 143.60200, 144.41900
144.39300, 144.95900, 143.72300, 144.52200
144.20400, 144.62500, 142.63200, 143.16200
143.00500, 143.64400, 142.95800, 143.29200
143.16600, 143.72500, 142.24000, 142.40400
142.39800, 142.55400, 141.15600, 141.18400
141.13200, 141.41300, 137.52300, 138.49200
137.86000, 139.18500, 137.15200, 138.17400
138.02700, 138.57200, 136.94100, 137.26400
137.16200, 138.42600, 137.04200, 138.41500
138.32100, 138.67800, 137.37500, 137.49600
137.47200, 137.74000, 136.43900, 137.44600
136.53000, 136.84800, 132.58100, 133.91700
133.96500, 137.21100, 133.69500, 135.56500
135.76500, 136.54800, 133.67400, 133.85500
133.83700, 134.29700, 131.31100, 131.80900
131.63600, 134.31300, 131.22500, 132.75300
132.82800, 132.93700, 128.89700, 129.90800
129.89000, 131.21700, 128.59300, 129.79000
129.85400, 130.33100, 124.05100, 124.96600
125.15200, 129.56800, 124.74300, 127.18200
127.10100, 132.04200, 126.39800, 129.21900
129.33400, 129.42400, 127.34200, 128.26400
128.30900, 131.42800, 127.70600, 130.74600
130.82300, 133.39400, 129.85700, 131.99100
132.00800, 133.82400, 130.54200, 132.96800
132.99600, 134.71300, 132.11600, 134.33400
133.73600, 134.41000, 132.75100, 133.82100
133.62800, 134.61900, 133.04400, 133.48300
133.42400, 133.75000, 132.48200, 132.50400
132.56100, 133.95300, 132.48600, 133.68800
133.73700, 134.08200, 132.54100, 132.97000
132.46300, 134.52700, 132.40900, 133.56200
133.51200, 134.97800, 132.91600, 134.16900
134.14800, 135.02200, 133.69300, 134.72900
134.70000, 135.74900, 134.63700, 135.19200
135.17100, 135.40000, 134.92400, 134.96100
135.07800, 135.20300, 134.50700, 134.73600
134.70500, 135.49900, 134.57200, 135.32600
135.24100, 135.33100, 133.63600, 134.52400
134.37600, 134.88500, 133.71300, 134.38700
134.37500, 134.95700, 133.89500, 134.36400
134.32300, 134.73000, 133.76700, 133.78700
133.75000, 134.06600, 131.90600, 132.46800
132.43600, 133.29700, 132.04600, 132.86100
132.83000, 133.68400, 132.39800, 132.82500
132.84700, 133.15300, 132.39200, 132.83100
132.97200, 133.57300, 132.82100, 133.30200
133.14000, 133.55700, 132.72500, 132.74500
132.74300, 133.00700, 131.93900, 132.95800
132.84500, 135.45300, 132.64900, 134.93700
134.83600, 135.08700, 133.36500, 133.52400
133.30400, 133.44400, 132.51800, 132.75300
132.73600, 133.18100, 132.42100, 132.45000
132.39600, 132.66400, 130.83400, 130.92600
130.94000, 132.02500, 130.65900, 131.34300
131.24900, 132.68600, 131.23600, 132.26400
132.11100, 133.19200, 131.87900, 132.75100
132.69900, 132.86600, 131.30900, 131.34100
131.27700, 131.93600, 130.64800, 130.95000
130.87200, 131.30700, 130.14400, 131.12700
131.11000, 131.41800, 129.55500, 129.62000
129.38300, 131.28200, 129.27500, 130.83900
130.79200, 132.50600, 130.76000, 131.89200
131.89500, 132.42300, 131.43900, 131.56000
131.54100, 131.95100, 131.22000, 131.50300
131.44100, 131.78000, 130.67500, 130.89000
130.88800, 131.40900, 130.87300, 131.18900
131.20900, 133.04000, 131.18500, 132.65700
132.60700, 133.00500, 131.63100, 132.04300
132.02000, 132.88100, 131.82700, 132.58300
132.56600, 133.46200, 131.77700, 133.04700
132.63300, 134.53400, 132.63300, 134.34600
134.31400, 136.51900, 134.21700, 136.39000
136.30600, 137.38800, 136.25200, 136.92800
136.86600, 137.81300, 135.95200, 137.47600
137.51900, 139.74400, 137.27400, 138.79600
138.95000, 139.57800, 137.42300, 137.95200
137.92000, 138.24100, 136.23200, 137.11400
137.06300, 137.42100, 136.47100, 136.52100
136.46900, 136.59300, 134.46600, 134.63300
134.61100, 136.04600, 133.79700, 134.62100
134.26100, 135.30300, 133.48100, 135.27200
135.20200, 136.33800, 134.71200, 134.89800
134.85500, 135.20500, 134.04100, 134.31600
134.11700, 134.51000, 132.37900, 132.83500
132.81600, 133.23300, 131.89900, 131.93300
131.85900, 133.40300, 131.75300, 133.27000
133.15500, 133.97300, 132.58900, 133.37000
133.23100, 133.60400, 132.66600, 132.93900
132.94300, 133.59700, 132.77500, 133.08500
133.09700, 133.24700, 132.02500, 132.20200
132.11800, 132.66900, 131.93900, 132.26500
132.18200, 133.87600, 132.00500, 133.80500
133.73800, 134.21300, 132.93600, 134.03400
133.96200, 134.69400, 133.77100, 134.00600
133.95700, 134.19300, 133.68900, 134.14200
133.96400, 134.66300, 133.81500, 134.13700
134.02500, 135.40300, 134.01900, 134.84400
134.89300, 135.41500, 134.56800, 135.22300
135.22300, 135.91100, 135.04000, 135.11700
135.07000, 135.18900, 134.27400, 134.89400
134.93400, 135.47400, 134.57800, 134.66800
134.62400, 134.76700, 133.97000, 134.61300
134.55100, 135.07500, 134.45800, 134.59400
134.49900, 135.16000, 134.04300, 134.65800
134.60800, 134.89800, 134.11500, 134.46000
134.43000, 135.90000, 134.32600, 135.80400
135.60800, 136.43100, 135.60500, 135.96400
135.75200, 136.61700, 135.27200, 136.44900
136.28800, 136.61400, 135.83000, 136.12000
136.02900, 136.13200, 134.98800, 135.73200
135.59500, 135.81800, 135.13600, 135.70000
135.73300, 136.12000, 135.31400, 135.86400
135.80600, 136.45800, 135.66800, 136.32700
136.24000, 137.37800, 136.05500, 137.11500
137.10500, 139.19100, 136.77800, 138.48800
138.24400, 139.01900, 137.73800, 138.51500
138.55100, 138.87200, 137.79400, 138.15900
138.05200, 138.99300, 138.01600, 138.44900
138.44100, 139.22400, 138.35900, 138.68700
138.65200, 138.73900, 137.83400, 138.20900
138.29900, 138.63600, 138.03900, 138.50300
138.36200, 139.48800, 138.33100, 138.92700
139.00800, 139.61300, 138.86600, 139.25400
139.18300, 140.19700, 139.18300, 139.70700
139.60000, 140.00600, 139.32400, 139.42200
139.52600, 139.67600, 138.72400, 138.89000
138.85400, 139.62900, 138.58600, 139.51500
139.46000, 139.94600, 138.78300, 138.96800
138.90200, 139.86200, 138.55600, 139.77200
139.72500, 139.93400, 138.24000, 138.38600
138.35500, 138.99400, 138.27800, 138.42300
138.40300, 140.02100, 138.33400, 139.89000
139.80300, 140.29100, 139.62200, 140.00200
139.94700, 140.84700, 139.68500, 140.64300
140.58900, 141.60600, 140.00300, 140.61800
140.58600, 142.02800, 140.48500, 141.51800
141.53500, 142.70500, 141.32000, 141.78700
141.73300, 141.96100, 141.00800, 141.74500
141.63700, 141.86000, 140.46600, 141.00600
140.84700, 141.42600, 140.10400, 141.01000
140.79500, 140.98000, 139.57900, 139.83200
139.84800, 139.96500, 137.59500, 137.61500
137.60000, 138.34800, 136.72600, 137.99500
137.92800, 138.34300, 135.55500, 135.86900
135.78700, 136.58200, 135.56000, 135.80100
135.53400, 136.57500, 135.47100, 135.80100
135.67300, 136.42700, 135.40200, 135.87400
135.78200, 136.45500, 135.54200, 136.06300
136.01200, 136.20700, 134.55500, 135.85400
135.78200, 136.14800, 134.94000, 135.03300
135.07400, 135.31800, 133.52300, 134.09000
134.05300, 134.37600, 133.02400, 133.63100
133.57300, 134.60600, 133.12400, 134.06600
134.03100, 134.65600, 133.59400, 134.30100
134.28600, 134.81100, 133.81800, 134.51100
134.60800, 136.21700, 134.34600, 135.32200
135.40800, 136.24900, 135.35200, 135.80200
135.77600, 136.53300, 135.16700, 136.24500
136.27200, 137.00000, 135.34800, 135.99200
135.93000, 136.41400, 135.03800, 136.18600
136.08100, 137.33700, 135.93800, 137.25000
137.11700, 137.43400, 135.93200, 135.98200
135.87100, 136.98300, 135.84300, 136.85800
136.80200, 137.39400, 136.67000, 137.12400
136.93800, 137.81500, 136.77000, 137.73700
137.70800, 137.78900, 137.20700, 137.58000
137.59200, 137.76300, 136.36200, 136.41200
136.37900, 137.32000, 135.65000, 136.82100
136.69500, 137.16000, 135.75200, 136.01800
136.05400, 136.40500, 135.33800, 136.12600
135.87600, 137.24100, 135.84400, 136.51500
136.33900, 137.02000, 136.29700, 136.62100
136.49500, 137.65400, 136.40500, 137.42300
137.38900, 137.57600, 136.95400, 137.20400
137.11100, 137.32600, 136.35200, 136.53700
136.54800, 137.06000, 136.28500, 136.45500
136.45700, 136.57900, 136.06600, 136.23100
136.21000, 136.26300, 134.87200, 135.38600
135.40700, 135.93600, 134.63900, 135.11600
135.17300, 135.79100, 134.39100, 135.49000
135.01100, 135.42300, 134.85700, 135.30800
135.20300, 136.68300, 135.13600, 136.42500
136.34100, 137.36900, 135.35800, 135.67900
135.67200, 136.29400, 135.04700, 136.10400
135.96400, 136.22000, 135.45400, 135.92700
135.92600, 138.90300, 135.71900, 138.69700
138.59500, 139.76100, 138.15300, 139.66600
139.66000, 140.28400, 139.19400, 139.40000
139.29300, 139.42200, 137.73700, 137.93300
137.83600, 138.50100, 137.53100, 138.07300
137.94600, 138.85900, 137.65400, 138.02300
137.91300, 138.34700, 137.80100, 138.01100
137.96600, 138.18200, 137.68700, 137.68900
137.73900, 137.99100, 137.18200, 137.55100
137.53800, 138.11000, 137.39800, 137.95000
137.94800, 139.32900, 137.81000, 139.24900
139.12400, 139.83100, 139.10800, 139.53600
139.37700, 139.84500, 138.98900, 139.79800
139.70500, 139.83500, 138.91700, 139.18500
139.20200, 139.27300, 138.24600, 138.39700
138.61800, 139.45900, 138.32900, 138.92900
138.87100, 140.30000, 138.87100, 139.97900
139.97600, 140.43500, 138.87800, 139.53400
139.41700, 140.27700, 139.41600, 139.68200
139.61900, 140.69600, 139.46600, 139.91600
139.57900, 139.86300, 137.89300, 139.18800
139.12100, 139.35900, 138.39600, 139.10200
139.05900, 140.32000, 139.01700, 139.71700
139.57500, 139.75200, 138.37400, 138.48800
138.52300, 138.72200, 136.77900, 137.51500
138.72200, 139.42500, 138.25700, 138.65700
138.60500, 139.58800, 138.26900, 139.50000
139.45900, 140.05300, 139.13800, 139.69700
139.66600, 140.43700, 139.56600, 139.99600
140.00900, 140.31300, 139.30500, 139.71400
138.75700, 139.51200, 136.95400, 139.01800
139.07500, 139.14700, 137.98400, 138.40900
138.37800, 140.31100, 138.35400, 139.72600
139.66600, 141.19900, 139.64500, 140.42700
140.25900, 140.56100, 139.46400, 139.62400
139.57300, 140.15400, 139.48600, 139.78600
139.78400, 140.65400, 139.67400, 140.59400
140.42200, 141.21300, 140.31100, 141.00000
140.81800, 141.29700, 139.67700, 139.94200
139.86400, 140.14100, 139.50300, 139.94300
139.79600, 140.56300, 139.74600, 140.19700
140.11900, 140.98700, 140.09300, 140.79800
140.73300, 141.36700, 140.70700, 140.91100
140.88600, 140.96900, 140.32900, 140.78100
140.75400, 142.02100, 140.69500, 141.75100
141.76200, 142.24700, 141.51700, 141.60300
141.60800, 142.22600, 141.56100, 142.02400
141.92500, 142.10800, 140.94800, 141.07000
141.05800, 141.18200, 140.34700, 140.84200
140.81100, 141.72500, 140.74100, 141.65500
141.58500, 142.32300, 141.06900, 141.41100
141.34500, 142.21100, 141.30100, 142.10600
142.07200, 142.19300, 141.50200, 141.92300
142.04200, 142.31300, 141.64300, 141.88100
141.81800, 142.44600, 141.26800, 142.29900
142.35300, 142.84700, 142.18900, 142.50400
142.47300, 143.26100, 142.18000, 143.06500
142.94100, 143.94700, 142.91800, 143.39500
143.57100, 144.09400, 143.31000, 143.36700
143.27700, 143.76600, 143.12000, 143.45800
143.33200, 143.67700, 143.10300, 143.26900
143.20800, 144.35500, 142.82800, 144.27900
144.09300, 144.87900, 144.09300, 144.68800
144.44900, 144.92100, 144.39900, 144.59300
144.48200, 144.65900, 144.02400, 144.40600
144.46300, 145.06100, 144.36000, 144.67500
144.55700, 144.89300, 144.53700, 144.69500
144.65700, 145.46600, 144.48500, 145.32600
145.35400, 146.62500, 145.30400, 146.41900
146.48300, 147.45000, 146.35000, 147.39000
147.30700, 147.55300, 146.40600, 146.75700
146.63200, 147.77400, 146.53900, 147.62300
147.61500, 148.14900, 147.27300, 147.57100
147.66300, 148.28300, 147.53300, 147.74100
147.68400, 148.60200, 147.64200, 148.54500
148.30400, 150.09800, 148.30100, 149.63000
149.64700, 150.43300, 148.46800, 148.80300
148.78500, 149.15600, 147.39100, 148.25800
148.43500, 149.28500, 148.32700, 148.64500
148.50800, 149.18300, 148.10200, 148.90300
148.86300, 149.68600, 148.81900, 149.24600
149.22800, 150.72300, 149.03200, 149.98300
149.93700, 150.35600, 149.34700, 149.89800
149.59700, 150.68500, 149.59300, 150.51400
150.42500, 151.26900, 150.35200, 150.65000
150.59500, 151.18000, 150.58600, 151.04900
150.88600, 151.81800, 150.80000, 151.81000
151.71500, 152.22600, 151.21900, 151.72300
151.67200, 152.10400, 151.19200, 151.69400
151.68400, 151.74000, 150.77600, 151.40000
151.40500, 152.05800, 151.32900, 151.91900
151.93800, 152.54100, 151.44700, 151.68300
151.68500, 151.79200, 150.55500, 150.87100
150.25000, 150.91700, 150.23700, 150.82500
150.81500, 150.86500, 149.06700, 149.37000
149.32300, 149.43400, 148.51600, 148.84100
148.80500, 150.04400, 148.74800, 149.94400
149.95600, 151.53500, 149.90000, 151.22800
151.23200, 151.79800, 150.57000, 151.11900
151.07400, 151.93400, 151.00300, 151.59500
151.48000, 152.77100, 151.45900, 152.56100
152.53700, 153.06000, 152.28200, 152.98600
152.95900, 153.19000, 152.69100, 152.95300
152.87700, 153.35600, 152.84500, 153.18000
153.09700, 153.40400, 151.63300, 151.67800
151.64200, 152.06200, 150.64800, 150.87400
150.81900, 151.07900, 149.87400, 150.05300
149.94900, 150.92300, 149.57700, 150.23800
150.32100, 150.57900, 149.74800, 150.31100
150.23900, 150.81700, 149.66000, 149.94700
149.92400, 150.44900, 149.57300, 150.04800
150.01800, 150.19000, 149.67700, 149.84700
149.77500, 150.58900, 149.37300, 150.54700
150.37500, 151.31200, 149.87600, 151.21700
151.23800, 151.96900, 150.55000, 150.64600
150.55800, 150.96200, 150.03300, 150.48600
150.47900, 150.63700, 149.39800, 149.41500
149.32400, 149.94100, 149.04900, 149.71000
149.67400, 150.36800, 149.52500, 150.23800
150.18400, 151.23400, 150.11400, 151.22200
151.20500, 151.55700, 150.98500, 151.40800
151.32000, 152.39900, 151.23700, 151.81600
151.77800, 152.10200, 150.86100, 151.02400
150.86300, 151.91900, 150.84900, 151.67800
151.62700, 152.04600, 150.98500, 151.73200
151.79500, 152.22100, 151.71600, 151.85700
151.75400, 152.11000, 151.23100, 151.52400
151.50800, 152.10400, 151.25300, 151.85000
152.00100, 154.01500, 151.91000, 153.63800
153.55000, 153.95000, 153.13000, 153.57100
153.59900, 154.42300, 153.49100, 154.15600
154.05700, 154.32500, 153.45500, 153.76800
153.70300, 154.27400, 153.60000, 154.09300
154.10600, 154.45200, 153.72200, 154.43400
154.31500, 154.81900, 154.25900, 154.47300
154.42500, 154.80000, 153.52600, 154.06100
154.09300, 154.40000, 153.61000, 154.34800
154.29900, 154.66600, 154.00100, 154.13500
154.11600, 154.20500, 153.75800, 153.95500
153.83300, 154.43900, 153.72200, 153.80500
153.88900, 154.33600, 153.76300, 154.02800
153.98000, 156.06200, 153.82900, 155.94800
155.89200, 156.04800, 155.57500, 155.83600
155.71300, 155.89900, 155.28800, 155.58000
155.65200, 155.92300, 154.84400, 154.86100
154.87200, 155.49100, 154.72600, 155.21200
155.18600, 155.80100, 155.15300, 155.60100
155.45000, 155.74100, 154.98300, 155.04700
155.04000, 155.26800, 154.53700, 154.86100
154.89400, 155.07800, 154.54500, 154.94000
154.95000, 155.30500, 154.47100, 154.71000
154.71000, 155.20600, 154.12000, 154.95400
154.79600, 155.19700, 154.63100, 154.73800
154.60000, 155.33600, 154.30600, 155.24400
155.24500, 155.47400, 154.52700, 154.96300
154.91200, 155.36600, 154.66200, 154.78900
154.79800, 155.00100, 153.12700, 153.45400
153.37900, 153.76300, 151.90200, 152.03500
152.20800, 153.71200, 151.30200, 153.70300
153.61400, 154.45700, 153.08500, 154.31200
154.29200, 155.14500, 154.09300, 154.90300
154.89900, 155.13200, 153.81400, 154.34500
154.24200, 154.52400, 153.58400, 153.74800
153.85200, 154.21500, 153.37600, 153.50200
153.54000, 153.54500, 152.60300, 152.99800
152.86200, 153.74200, 152.65400, 153.67900
153.66700, 153.96200, 153.34200, 153.45400
153.42900, 153.72100, 153.07100, 153.54400
153.41000, 153.73400, 153.36300, 153.60400
153.51300, 154.06000, 152.34400, 152.62000
152.61200, 153.16100, 152.27900, 152.57000
152.64300, 152.72900, 150.65400, 151.32700
151.24400, 153.06900, 151.08800, 152.98600
152.97900, 153.33600, 152.40200, 153.17000
153.19000, 153.47400, 152.40100, 152.77500
152.75800, 153.28800, 152.33000, 152.37600
152.35100, 152.79400, 151.59700, 151.85500
151.82700, 152.60000, 151.41700, 151.49500
151.48300, 151.51900, 149.31800, 149.64900
149.58700, 149.96500, 148.45000, 149.70000
149.60000, 151.33100, 149.27900, 151.19600
151.16300, 151.90300, 150.72600, 151.63100
151.54400, 152.14900, 151.42100, 151.93800
151.89700, 152.59500, 151.39000, 152.49500
152.49600, 152.56800, 151.56300, 152.38100
152.32700, 152.97500, 152.16900, 152.80900
152.79600, 153.43300, 152.50100, 152.83100
152.80900, 153.20200, 152.42800, 152.48700
152.46800, 152.84300, 151.52400, 151.77800
151.73200, 152.18800, 151.15400, 151.68400
151.69200, 152.49900, 151.50200, 152.05000
152.04800, 153.01500, 151.98400, 152.87700
152.87700, 153.23600, 152.64500, 152.90100
153.02200, 153.06300, 152.56500, 152.76200
152.74800, 153.30300, 152.61000, 152.98900
152.98000, 153.28100, 152.85400, 153.09900
153.09000, 153.19100, 152.31500, 152.43000
152.41500, 152.54100, 151.91500, 151.99100
151.89200, 152.18200, 150.91100, 151.21700
151.21700, 151.32300, 150.34000, 150.53700
150.50300, 151.38700, 150.31900, 150.98200
150.97900, 151.20200, 149.61600, 149.65700
149.64100, 149.87100, 149.17300, 149.55000
149.43600, 150.74600, 149.32600, 150.52100
150.50000, 151.00000, 150.04500, 150.57800
150.55800, 151.44400, 150.43400, 151.36100
151.34700, 151.58300, 150.59900, 150.79900
150.76200, 151.50800, 150.44900, 151.11100
151.07900, 151.27300, 150.93500, 151.20600
151.19700, 151.57700, 151.05100, 151.26800
151.26300, 151.93800, 151.23500, 151.48700
151.47800, 152.18600, 151.33800, 152.09200
152.08100, 152.28500, 151.74700, 152.01500
152.04800, 152.24600, 151.78800, 151.93700
151.92900, 152.20900, 151.48600, 152.01700
152.00600, 152.08000, 151.45100, 151.87400
151.85700, 152.15600, 151.41000, 151.84000
151.82000, 152.62500, 151.75900, 151.98900
152.01900, 152.31700, 151.87200, 152.23400
152.22200, 152.83800, 151.31300, 151.42700
151.42300, 151.54700, 150.81600, 151.36900
151.36100, 151.55700, 150.86200, 151.34500
151.32600, 151.91800, 150.94400, 150.94600
151.05000, 151.11700, 149.16700, 149.35500
149.33700, 150.12500, 148.94300, 149.17300
149.16600, 149.94600, 149.00300, 149.51000
149.47700, 151.47300, 149.37300, 151.35700
151.34500, 151.72000, 150.98700, 151.38200
151.22300, 152.18500, 151.11200, 152.10000
152.08400, 152.55800, 150.53000, 150.94300
150.92200, 151.18300, 149.90000, 150.31700
150.30400, 150.93900, 149.79000, 149.86300
149.85900, 150.73000, 149.21500, 150.41300
150.30300, 151.51200, 150.18500, 150.92300
150.91300, 152.03800, 150.73200, 151.86500
151.86900, 152.14500, 150.79900, 151.38600
151.35600, 152.07400, 151.01900, 151.97600
151.96500, 152.92800, 151.89400, 152.82200
152.72300, 154.49900, 152.63900, 154.04800
154.03200, 154.81500, 153.67000, 154.36300
154.34300, 154.94200, 154.09800, 154.68700
154.68200, 155.73000, 154.58500, 155.42600
155.41600, 157.40800, 155.36200, 157.01900
157.02100, 157.34600, 156.59900, 156.91700
156.90800, 158.04600, 156.83600, 157.74800
157.73000, 158.20800, 156.99800, 158.03300
157.99200, 158.18300, 156.76700, 157.25200
157.23400, 157.65100, 155.91800, 156.14400
156.02100, 156.80800, 155.95900, 156.54600
156.53600, 157.76200, 156.45800, 157.10200
157.09200, 157.25600, 155.68800, 156.38000
156.37400, 156.69500, 155.90600, 156.64100
156.63800, 157.08800, 155.77600, 156.03800
156.10200, 156.48200, 155.59600, 155.71000
155.71200, 155.87400, 154.65100, 155.11700
155.11500, 156.06000, 154.95200, 155.99900
155.95700, 156.23500, 153.10600, 153.51300
153.51000, 153.76800, 152.79600, 152.98300
152.86600, 153.64500, 152.69500, 153.58100
153.57500, 153.62300, 152.72300, 153.04300
153.02100, 153.73600, 152.56400, 152.65200
152.65400, 153.00200, 152.37600, 152.43800
152.45000, 152.92300, 152.35900, 152.73100
152.87800, 153.27100, 152.61500, 153.06800
153.05900, 154.17200, 152.97900, 154.15500
154.13700, 154.72200, 153.72700, 153.94100
153.90900, 154.26700, 153.69500, 154.21600
154.20700, 154.44100, 152.50900, 153.23000
153.28700, 154.04700, 153.10900, 153.82700
153.83500, 154.20600, 153.26700, 154.01500
154.00400, 154.14000, 153.35300, 153.81200
153.80700, 154.05200, 153.39900, 153.62200
153.60900, 153.65400, 150.66500, 151.00400
151.37100, 151.90300, 150.67900, 151.16600
151.15300, 151.61800, 149.71100, 150.48400
150.46600, 151.42500, 149.60800, 149.69100
149.67200, 150.78800, 149.56300, 150.51900
150.45900, 150.74100, 148.96200, 149.24600
149.52400, 150.59400, 149.33500, 150.49200
150.42000, 151.11800, 150.11200, 150.37500
150.31200, 150.69300, 149.33500, 150.08700
150.03000, 150.30800, 149.47800, 149.96000
149.94100, 150.49900, 149.66400, 150.38800
150.26400, 150.74600, 149.86200, 150.04300
149.99700, 150.57500, 149.74900, 150.44600
150.43700, 151.29800, 150.26500, 151.23400
151.19800, 152.62200, 151.08000, 151.45000
151.43700, 151.70600, 150.41500, 150.46300
150.38800, 150.53100, 149.51300, 150.05100
150.03200, 151.40100, 149.87900, 151.36900
151.34500, 152.57000, 151.09100, 152.36900
152.34400, 153.69600, 152.19100, 153.46100
153.39700, 153.54800, 153.13200, 153.22500
153.06500, 154.44300, 153.06100, 154.41500
154.39100, 154.56700, 153.99200, 154.19900
154.18800, 155.10500, 154.04200, 155.05900
155.04200, 155.65500, 154.90600, 155.34300
155.32500, 156.00200, 154.98200, 155.67300
155.70800, 155.91100, 154.87800, 155.45500
155.43300, 157.41900, 155.32900, 157.09300
157.07500, 157.75700, 156.56100, 157.37300
157.35900, 157.45300, 156.07400, 156.79400
156.77300, 157.17400, 156.66700, 157.02300
156.96700, 157.36600, 155.93700, 156.43200
156.39700, 157.29900, 156.25400, 157.17600
157.17100, 157.69700, 156.74900, 157.07900
157.07300, 157.44800, 156.30000, 156.48200
156.47800, 156.59800, 155.44500, 156.19300
156.03200, 156.70400, 156.01200, 156.34100
156.33900, 156.89400, 155.46200, 155.79600
155.78700, 156.21900, 155.38800, 155.60900
155.60200, 156.05300, 155.13000, 155.17000
155.15700, 155.18700, 153.89700, 154.04800
153.94100, 154.47500, 152.89200, 153.75600
153.73200, 154.00200, 153.10600, 153.73500
153.72800, 154.73100, 153.66100, 154.37800
154.35200, 154.70800, 153.81000, 154.36000
154.32700, 154.94700, 154.08000, 154.31700
154.37000, 155.32000, 154.36800, 154.76300
154.74600, 155.19700, 154.47700, 155.10700
155.08300, 155.42600, 154.79700, 155.29700
155.29000, 156.49100, 155.03600, 156.35800
156.33600, 156.49300, 155.54900, 155.78500
156.01500, 156.19100, 155.12300, 155.76700
155.76300, 156.70600, 155.59900, 156.52400
156.50100, 156.84400, 156.18400, 156.37100
156.35800, 158.05300, 156.23800, 157.26900
157.24400, 157.70500, 155.84500, 156.49800
156.34300, 156.84900, 155.29000, 156.34900
156.32100, 156.81200, 155.95100, 156.55200
156.51700, 157.10000, 156.33800, 156.80100
156.79800, 156.98300, 156.04100, 156.45700
156.43500, 157.27500, 156.20200, 156.36000
156.29300, 156.73800, 156.00900, 156.05800
156.04000, 156.50100, 155.50200, 156.31900
156.29400, 156.76100, 155.58900, 155.78500
155.76500, 155.87800, 153.35700, 154.48000
154.47400, 155.16800, 154.14100, 154.92300
153.97000, 154.98100, 153.90900, 154.28600
154.26400, 154.67600, 152.64700, 153.07500
153.06000, 154.90300, 152.80500, 154.84100
154.83300, 155.21500, 153.85100, 154.10600
154.10300, 154.21100, 151.45300, 151.98300
151.93700, 152.21500, 151.02400, 151.07800
151.06500, 151.99600, 150.96700, 151.50300
151.48700, 152.74600, 151.41900, 152.71800
152.70100, 152.98400, 151.86700, 151.91300
151.90400, 153.39000, 151.87300, 152.89600
152.91400, 154.17800, 152.85800, 153.66100
153.66500, 154.67700, 153.21000, 154.19300
154.19200, 156.14100, 154.18500, 156.07600
156.07600, 156.69800, 155.44200, 155.94600
155.90900, 157.21200, 155.84700, 156.92300
156.89700, 157.49800, 156.36000, 157.22700
157.23400, 160.25500, 157.23000, 160.20900
160.19900, 161.08700, 159.02300, 159.89600
159.89900, 161.39400, 159.57500, 161.25000
161.28100, 161.48100, 159.84000, 160.79300
160.81400, 164.62400, 160.75400, 162.24900
162.16900, 162.69500, 160.24200, 160.87800
160.84400, 161.35500, 159.02900, 160.00200
159.99500, 160.86700, 159.42300, 159.92700
159.89300, 161.17000, 159.77000, 160.67100
160.59500, 161.29000, 160.26400, 160.99800
160.99600, 161.95700, 160.48100, 161.53800
161.52700, 162.26400, 161.44400, 161.74800
161.72600, 162.25800, 161.39100, 162.08900
162.08000, 162.33800, 161.63000, 161.97300
161.64200, 163.83300, 161.56800, 163.33500
163.32600, 163.61300, 162.77300, 163.01900
162.99800, 164.82200, 162.92600, 164.80400
164.66700, 164.83000, 164.01600, 164.63100
164.60600, 165.39200, 164.35900, 165.01400
164.85100, 165.39900, 164.62900, 165.20700
165.19900, 167.59700, 165.11500, 167.55100
167.53500, 168.41600, 166.41500, 167.02500
166.98600, 167.89900, 166.82900, 167.20600
167.20700, 167.58100, 164.78600, 164.99600
164.87500, 165.28200, 162.04200, 163.24000
163.23300, 163.58500, 159.94600, 159.97900
159.97200, 161.37500, 159.62100, 161.08000
161.07600, 164.24000, 160.86800, 163.06400
162.99500, 163.97400, 162.37200, 163.30100
163.19900, 163.88000, 162.27200, 162.58300
162.56100, 163.40100, 162.34100, 162.58800
162.57800, 163.17900, 161.75900, 163.08700
163.05600, 163.56200, 160.45300, 160.82500
160.82900, 161.59300, 160.30600, 161.02900
160.95500, 162.17300, 160.14600, 160.64700
160.63700, 161.50400, 160.02600, 160.65900
160.63600, 161.29800, 158.82400, 159.17300
159.14800, 159.27300, 155.58300, 156.48500
156.46900, 158.45800, 156.38900, 158.44900
158.30100, 159.26500, 157.41400, 159.07200
159.05100, 161.83700, 158.77700, 161.57900
161.54400, 161.76000, 158.04700, 158.24500
158.21900, 159.90500, 157.86500, 159.48100
159.42800, 160.18400, 158.72100, 159.77100
159.54300, 160.99000, 159.37000, 160.98600
160.93300, 160.95900, 157.97500, 158.99900
158.97300, 160.29000, 158.37700, 160.11300
160.07600, 160.81300, 159.00400, 160.18600
160.10900, 160.63900, 159.75800, 160.51600
160.23200, 161.50900, 160.22900, 161.46500
161.42000, 162.34500, 160.92600, 162.20200
162.16600, 163.30300, 161.95200, 162.47500
162.46400, 163.40600, 162.09600, 163.30800
163.28800, 164.08100, 163.04600, 163.30800
163.38500, 165.45700, 162.89300, 165.21300
165.20600, 167.09400, 165.19100, 166.98100
166.96200, 168.51800, 166.81700, 168.27300
168.22300, 168.71000, 166.67600, 167.89300
167.86600, 168.01600, 165.15700, 165.38500
165.38000, 166.10500, 162.23200, 163.12400
163.11500, 164.30000, 161.32200, 162.44400
162.43900, 163.14600, 161.71100, 162.88400
162.84300, 163.77700, 159.97800, 163.24300
163.24000, 166.21100, 162.94000, 164.85000
164.84000, 165.64600, 164.45300, 165.40600
165.35100, 167.80000, 165.19400, 167.77100
167.74200, 167.81500, 165.75300, 167.00700
167.00700, 167.02400, 164.64000, 165.47100
165.43700, 166.29800, 164.79400, 165.88900
165.55900, 166.51900, 165.11200, 166.16800
166.14200, 166.91800, 165.70700, 165.88900
165.86700, 166.32500, 165.39000, 165.59200
165.58200, 165.80900, 164.79400, 165.29100
165.26800, 165.29900, 161.55600, 163.55200
163.58300, 164.73700, 162.99300, 164.18500
164.10800, 165.26500, 161.56900, 162.46000
162.36000, 162.56600, 160.37500, 162.01600
162.00100, 163.61300, 161.57000, 163.50000
163.49100, 163.92000, 161.80700, 163.77200
163.40900, 164.45800, 163.01600, 163.35400
163.34800, 163.53400, 161.81800, 162.65700
162.63100, 164.10300, 162.34000, 163.38800
163.37600, 165.17700, 163.06900, 164.30200
164.27400, 164.68700, 163.63200, 164.34000
164.37600, 166.08100, 164.15700, 165.09000
165.05800, 165.96300, 164.70300, 165.79000
165.78100, 166.22800, 165.12400, 165.61600
165.57700, 165.96800, 164.52000, 164.72600
164.70900, 165.13400, 162.98600, 163.34100
163.24300, 165.08000, 162.98000, 164.61400
164.58100, 164.95300, 163.46000, 164.71200
164.68200, 166.31800, 164.53600, 166.08200
166.02500, 166.06700, 162.84600, 163.48600
163.47400, 163.88400, 161.51800, 162.28700
162.03400, 162.48100, 161.02000, 161.25800
161.23900, 161.99000, 159.42400, 161.88400
161.89500, 163.04600, 161.19000, 162.60200
162.57900, 163.92600, 161.10400, 161.64700
161.62600, 163.35400, 161.09700, 162.96800
162.86300, 163.83200, 162.55200, 163.07900
163.05100, 163.65900, 162.60500, 163.17000
163.13800, 163.56700, 161.66600, 162.27900
162.30100, 162.44100, 161.24200, 162.21400
162.21900, 162.77800, 161.78800, 161.98300
161.76400, 162.06500, 160.34000, 160.66000
160.66300, 162.73600, 160.07500, 162.39200
162.35000, 163.55200, 162.13900, 162.79900
162.76600, 163.23100, 161.66900, 162.11800
162.09800, 162.82500, 161.62100, 161.84500
161.68300, 162.51400, 161.14800, 161.78700
161.75500, 162.30000, 160.79000, 161.78800
161.77900, 161.87800, 160.82300, 161.75800
161.70100, 161.98200, 161.30800, 161.50300
161.49100, 162.67200, 161.20200, 161.38500
161.46600, 162.63400, 161.34000, 162.34700
162.26900, 162.57300, 161.48300, 161.73900
161.69300, 161.89000, 160.88300, 161.46600
161.44600, 161.82900, 160.95900, 161.81800
161.80500, 162.48000, 161.13900, 161.41300
160.85200, 161.93100, 160.64900, 161.90100
161.87800, 165.08600, 161.83700, 164.46500
164.45400, 166.00000, 164.17100, 165.82500
165.77900, 166.29900, 164.87300, 165.69400
165.70100, 166.22700, 164.29300, 165.25200
165.19900, 167.02400, 165.13400, 166.84900
166.84500, 168.16900, 165.99200, 166.10100
166.10000, 166.49900, 164.74300, 165.20600
165.17800, 165.71900, 164.46000, 164.50900
164.47700, 164.56000, 162.72900, 163.27600
163.01700, 163.82200, 162.92500, 163.69700
163.68700, 164.42900, 163.12700, 163.60000
163.56600, 163.92900, 162.22200, 162.35300
162.32800, 164.42300, 159.10200, 160.26300
160.22700, 160.42800, 155.44300, 155.44300
155.01100, 157.19500, 148.72300, 154.67000
154.60100, 156.35300, 154.08100, 155.40400
155.38500, 157.08500, 152.53100, 156.92200
156.87600, 160.41000, 155.59200, 160.40600
160.43300, 162.16300, 159.41800, 161.47600
161.49400, 163.88000, 160.55100, 163.64400
163.63000, 165.52200, 163.41000, 165.40900
165.37700, 165.70200, 162.59400, 163.84000
163.75000, 164.43200, 161.07900, 161.96700
161.92800, 162.58700, 160.76100, 161.16500
161.07500, 161.54600, 160.45200, 161.14300
161.11400, 162.66100, 159.71500, 160.02400
159.98400, 163.30900, 159.71600, 163.01700
162.99400, 167.26800, 162.30800, 166.79400
166.70500, 167.19800, 165.01000, 166.25800
166.61000, 170.08600, 166.45400, 169.31400
169.28000, 169.78800, 167.55300, 168.92300
168.90200, 169.35700, 167.61900, 168.14500
168.11600, 169.71500, 167.41000, 168.63800
168.59800, 169.56000, 164.89900, 166.68900
168.03300, 169.74300, 165.41400, 168.10500
168.02700, 169.92500, 167.75600, 169.74600
169.71800, 170.58900, 169.30500, 170.21200
170.13000, 170.23700, 168.71400, 169.15100
169.13600, 171.35100, 168.76200, 171.25400
171.22700, 172.11600, 170.32000, 170.55700
170.56000, 170.93400, 169.46800, 170.17800
170.21200, 170.28700, 168.15600, 168.29200
168.26800, 168.55100, 165.07500, 165.33800
165.34600, 166.96300, 165.07200, 166.77600
166.16700, 169.07900, 165.80100, 168.81900
168.81000, 169.06200, 167.29200, 168.18600
168.12200, 168.30500, 165.95500, 166.24400
166.22600, 167.38300, 164.35900, 165.12000
165.07700, 166.07900, 163.03900, 164.16700
164.08500, 165.69900, 163.67400, 164.40800
164.39400, 166.19100, 164.29500, 165.32700
165.28300, 166.38200, 164.68400, 166.27600
166.22100, 166.35000, 165.17100, 166.34800
166.27800, 167.30500, 166.11200, 166.81200
166.70800, 167.99200, 166.08600, 167.97500
167.99900, 168.29300, 167.32700, 167.79300
167.79900, 168.98600, 167.71800, 168.23500
168.22700, 168.27300, 167.14200, 167.89100
167.85100, 168.77800, 167.62000, 168.12300
168.08100, 168.18200, 165.82800, 166.10500
166.06800, 166.65600, 165.51000, 165.70900
165.69600, 167.39300, 165.44500, 166.49500
166.44600, 167.21300, 164.49700, 165.85000
165.80100, 165.97000, 164.02400, 165.04800
164.99900, 166.77600, 164.76200, 166.75400
166.67500, 167.48100, 166.12700, 166.23900
166.18900, 167.41300, 165.94400, 166.76700
166.71100, 167.33500, 166.27100, 167.26600
167.21800, 168.04600, 166.19600, 167.43600
167.19700, 169.00500, 167.09700, 168.77300
168.76500, 169.26100, 167.08200, 167.65500
167.61700, 168.36500, 166.71200, 168.34900
168.29600, 168.82800, 167.61100, 167.79000
167.76700, 167.98900, 165.97300, 166.12800
165.00700, 166.89100, 165.00700, 166.31600
166.28800, 167.00600, 158.57800, 160.49000
160.38600, 161.01800, 159.45900, 159.94700
159.91200, 160.23400, 158.78700, 159.30600
159.19800, 160.50900, 159.04100, 159.93500
160.02100, 160.80900, 159.98100, 160.28800
160.07400, 160.93600, 160.07300, 160.58300
160.52000, 162.32900, 160.25100, 161.58900
161.54300, 161.54300, 160.04100, 160.34800
160.34000, 160.43200, 157.82000, 158.53300
157.97800, 158.45400, 157.28700, 157.36000
157.32600, 158.36300, 155.34500, 156.77200
156.76300, 160.16400, 156.48800, 159.95800
159.91400, 160.03000, 158.49500, 158.88900
158.85300, 160.00500, 158.51500, 159.79900
159.30200, 161.22300, 159.28600, 160.66600
160.56000, 160.91900, 160.02800, 160.63300
160.59900, 161.19700, 160.36100, 160.96700
160.88700, 160.90200, 157.70500, 157.93800
157.82800, 157.98300, 155.63100, 156.44600
155.99200, 157.06100, 155.95500, 156.69400
156.69400, 158.01700, 156.37200, 157.47000
157.43700, 161.51000, 157.16600, 159.09700
159.08500, 159.20900, 157.55400, 159.13700
159.09500, 161.27300, 158.98200, 160.68900
160.56500, 161.79700, 160.34900, 161.75800
161.74400, 161.75400, 159.97700, 160.63600
160.59000, 160.91200, 159.48900, 160.68600
160.67600, 161.71900, 159.99600, 161.64400
161.60300, 161.60300, 160.39800, 160.96100
160.56100, 161.40700, 160.19400, 161.08700
161.07400, 161.17900, 159.75200, 160.24600
160.19100, 160.65700, 158.90000, 159.48900
159.44700, 159.60100, 157.16900, 157.32300
157.30300, 158.73600, 156.71700, 158.09300
159.06600, 159.94400, 158.40000, 159.43400
159.42900, 159.55900, 157.41800, 157.95900
157.87900, 158.82300, 157.59900, 158.65500
158.62600, 159.49600, 158.08800, 159.36700
159.38600, 159.61600, 157.51300, 158.42100
158.42900, 161.18200, 158.34000, 160.70700
160.68500, 162.16600, 160.09100, 162.03900
162.00800, 162.03300, 160.71900, 161.41500
161.34300, 161.49800, 160.45500, 160.54800
160.54300, 161.63300, 160.47800, 161.50800
161.36400, 161.71100, 161.15600, 161.68800
161.66600, 163.74200, 161.42000, 163.49600
163.47600, 163.54800, 162.37900, 162.49500
162.44500, 162.84100, 161.65900, 161.82500
161.80900, 163.10700, 161.18900, 162.94200
162.99400, 164.32600, 162.59100, 164.31200
164.25200, 165.99900, 163.70300, 163.75500
163.68200, 164.49700, 162.85400, 163.80200
163.72600, 163.92100, 163.05400, 163.38000
163.34200, 163.63000, 163.03800, 163.61100
163.44600, 163.77600, 162.96900, 163.46300
163.44900, 163.84500, 162.03700, 162.20000
162.09000, 162.96700, 161.69600, 162.68500
162.65700, 162.65700, 161.60000, 162.27000
162.25700, 164.27100, 161.93200, 162.52600
161.87900, 163.04500, 160.03000, 162.24400
162.28200, 164.07000, 161.85000, 163.14200
163.13900, 164.12500, 159.19800, 160.63000
160.64200, 162.09400, 158.54200, 161.69600
161.74500, 162.17500, 160.10200, 160.45800
160.85700, 161.71800, 158.94400, 161.13700
161.13700, 162.24600, 160.74300, 161.79900
161.78300, 163.32200, 160.77600, 161.17600
161.11000, 161.83900, 159.92000, 160.71000
160.72800, 160.82700, 158.24800, 159.84000
159.50300, 161.83300, 159.44700, 161.65400
161.62700, 161.76600, 160.71700, 161.54000
161.52200, 163.66700, 161.33400, 163.60200
163.54700, 164.43900, 162.96800, 164.37400
164.35100, 165.45200, 163.61500, 163.73300
164.25900, 164.89000, 163.41300, 164.40200
164.37300, 166.38900, 164.16400, 164.64600
164.61500, 164.66400, 162.76000, 163.54000
163.53100, 164.09900, 162.88600, 163.86500
163.85400, 164.28800, 163.52300, 164.02200
163.98900, 165.48300, 163.78200, 165.42400
165.40200, 166.17900, 165.17700, 166.12100
166.10700, 166.58400, 165.37400, 166.20900
166.16800, 166.83200, 165.39100, 166.01700
165.99400, 166.21300, 165.39500, 166.02200
166.03500, 166.61700, 165.68000, 166.43400
166.40300, 166.99800, 166.15200, 166.61000
166.61000, 167.95600, 166.47500, 167.50800
167.49700, 167.69300, 166.83000, 167.01900
166.98500, 167.05300, 165.50200, 166.88200
166.67500, 167.70800, 166.53000, 167.59600
167.56000, 167.94600, 165.41400, 165.94000
165.96700, 166.99900, 165.63400, 166.67800
166.63400, 167.48700, 166.30200, 167.42800
167.31300, 171.15400, 166.41500, 171.08800
170.89400, 172.07800, 170.87200, 171.71500
171.72700, 172.31400, 169.93600, 170.29400
170.26300, 170.36600, 169.13200, 169.40200
169.32500, 169.52300, 168.04500, 168.79200
168.72500, 170.60600, 168.61200, 170.26300
170.31000, 171.05700, 170.16900, 170.48500
170.46300, 170.69900, 169.84300, 170.66500
170.63500, 171.16500, 169.09300, 169.64400
169.60600, 169.72600, 167.82700, 168.36500
168.33300, 169.11800, 168.16200, 168.92900
168.82000, 170.60800, 168.77800, 170.48200
170.46300, 170.81900, 169.38900, 170.25000
170.23500, 171.99500, 170.09700, 171.80500
171.80600, 172.14700, 171.17900, 172.09500
172.08000, 172.49400, 171.23500, 171.69500
171.63100, 172.56600, 171.18000, 172.35800
172.35100, 172.61400, 171.27300, 172.04700
172.03400, 172.77900, 171.21700, 172.43700
172.39500, 172.76400, 171.68100, 172.53500
172.53200, 173.72000, 172.19200, 173.59900
173.46600, 173.94500, 172.93700, 173.51100
173.49100, 174.26400, 172.98000, 173.47400
173.45400, 173.63400, 172.51500, 173.32300
173.30200, 174.13400, 172.95100, 173.85400
173.84600, 174.66600, 173.71500, 174.23800
174.11200, 174.34800, 172.84100, 173.52700
173.49200, 173.76300, 172.66500, 173.48800
173.48800, 174.42100, 172.65700, 174.34400
174.25800, 174.50300, 173.88900, 174.44700
174.41400, 175.53200, 174.24400, 175.32200
175.02300, 175.75600, 174.34000, 174.66800
174.65800, 176.83100, 174.44400, 176.82700
176.75400, 177.39600, 176.43000, 177.38200
177.35200, 179.38600, 177.17600, 179.31600
179.29800, 182.03200, 178.81200, 181.89100
181.58800, 182.11000, 181.20800, 181.53600
181.48600, 182.07900, 179.91200, 180.52100
180.48700, 181.57800, 179.90900, 181.10300
181.03300, 182.54900, 180.69400, 182.41200
182.39300, 182.93100, 181.22400, 182.74600
182.28400, 182.97900, 181.67400, 182.42800
182.41500, 183.75000, 182.22200, 183.64800
183.64100, 183.65600, 182.13300, 182.57600
182.55400, 182.86600, 182.20200, 182.57600
182.54500, 183.86300, 182.18900, 183.15900
183.20400, 183.74400, 183.05200, 183.60800
183.55500, 183.89400, 183.22000, 183.65700
183.60900, 184.00100, 183.14000, 183.76100
183.68500, 183.99300, 182.48900, 183.51900
183.51600, 183.55000, 182.00600, 182.39500
182.30600, 183.21000, 181.08600, 181.71800
181.71800, 181.97800, 180.79000, 181.48900
181.47900, 181.47900, 179.45800, 179.93300
179.89000, 181.45100, 179.48000, 181.33700
181.27100, 182.27100, 180.19100, 181.69000
181.55500, 182.13600, 180.56200, 181.32900
181.32900, 181.82900, 180.35200, 180.96100
180.96900, 181.61500, 179.81000, 180.75000
180.71200, 180.71200, 179.70300, 180.22900
180.21300, 182.51600, 179.89700, 182.29100
181.94900, 182.33400, 180.74000, 181.39600
181.38300, 181.99600, 181.14000, 181.80900
181.78300, 181.93000, 180.90000, 181.49500
181.46700, 181.91200, 177.40600, 178.52600
178.48100, 181.48000, 176.30100, 181.33300
180.98200, 183.17700, 180.85900, 182.62300
182.60500, 183.23800, 182.51100, 183.11200
183.09400, 183.11700, 181.74100, 182.16900
182.14600, 182.75000, 180.39100, 181.11500
181.11900, 181.73100, 180.63700, 180.73200
180.46900, 182.17800, 180.46000, 182.13700
182.12700, 182.94500, 181.37000, 182.75000
182.65100, 183.00500, 182.35400, 182.78300
182.77200, 184.23100, 182.65000, 183.45700
183.45500, 184.22900, 183.33800, 184.01200
183.91100, 184.59500, 183.45300, 184.57900
184.58300, 185.31300, 184.32700, 184.92200
184.90800, 186.30000, 184.68100, 186.27000
186.24200, 186.45900, 185.55000, 185.88800
184.82600, 184.82600, 184.82600, 184.82600