1.93701, 1.94203, 1.93491, 1.93563
1.93709, 1.94765, 1.93553, 1.94623
1.94626, 1.95225, 1.93276, 1.93745
1.93626, 1.93973, 1.92344, 1.92714
1.92541, 1.93233, 1.91795, 1.92589
1.92311, 1.94199, 1.92306, 1.93613
1.93665, 1.94080, 1.92946, 1.93374
1.93306, 1.93459, 1.92109, 1.92493
1.92493, 1.93215, 1.92246, 1.92645
1.92458, 1.93164, 1.91707, 1.92883
1.92845, 1.94054, 1.92503, 1.93623
1.93590, 1.95091, 1.93373, 1.94744
1.94581, 1.95608, 1.94547, 1.94646
1.94481, 1.95390, 1.93837, 1.93970
1.93814, 1.95234, 1.93437, 1.93618
1.93667, 1.94956, 1.93593, 1.94135
1.93924, 1.95095, 1.93813, 1.94981
1.94962, 1.96511, 1.94717, 1.96329
1.96247, 1.97469, 1.96186, 1.97044
1.97040, 1.97564, 1.96766, 1.96962
1.97005, 1.97518, 1.94199, 1.94426
1.94351, 1.95714, 1.94285, 1.95599
1.95488, 1.95809, 1.94139, 1.94354
1.94270, 1.94695, 1.93626, 1.94037
1.93978, 1.94136, 1.92624, 1.92749
1.92696, 1.93564, 1.92533, 1.92576
1.92659, 1.93445, 1.92533, 1.93148
1.93106, 1.94471, 1.92837, 1.94359
1.94207, 1.94712, 1.93816, 1.93930
1.93849, 1.96466, 1.93849, 1.94086
1.94101, 1.94894, 1.93730, 1.94366
1.94427, 1.96249, 1.94293, 1.96058
1.96002, 1.96980, 1.95488, 1.96818
1.96659, 1.96897, 1.95140, 1.95536
1.95441, 1.96628, 1.95407, 1.96551
1.96400, 1.96636, 1.94584, 1.94585
1.94457, 1.95197, 1.93236, 1.93306
1.93176, 1.94007, 1.92649, 1.93638
1.93662, 1.94520, 1.92835, 1.92984
1.92846, 1.93930, 1.92576, 1.93061
1.93070, 1.93193, 1.92129, 1.92129
1.92286, 1.92408, 1.91381, 1.91687
1.91613, 1.92198, 1.90841, 1.92044
1.91928, 1.92522, 1.89845, 1.90041
1.90039, 1.90750, 1.89269, 1.89887
1.89888, 1.91390, 1.89251, 1.90970
1.91072, 1.91352, 1.89187, 1.89280
1.89290, 1.90704, 1.89080, 1.90666
1.90655, 1.90974, 1.89993, 1.90671
1.90662, 1.91249, 1.89903, 1.90905
1.90853, 1.91426, 1.90221, 1.90657
1.90882, 1.90959, 1.89746, 1.90507
1.90493, 1.91079, 1.89683, 1.90822
1.90809, 1.91018, 1.89282, 1.90433
1.90433, 1.91113, 1.89313, 1.90138
1.90138, 1.91596, 1.90014, 1.91209
1.91295, 1.91739, 1.90310, 1.91021
1.91011, 1.91981, 1.90617, 1.90773
1.90770, 1.92190, 1.90334, 1.91882
1.91873, 1.93003, 1.91269, 1.92763
1.92763, 1.93142, 1.91468, 1.91881
1.91558, 1.92833, 1.91377, 1.92565
1.92416, 1.93259, 1.92308, 1.92930
1.92927, 1.94135, 1.92424, 1.93065
1.93054, 1.94031, 1.92588, 1.93557
1.93554, 1.95126, 1.93348, 1.94814
1.94124, 1.96173, 1.94115, 1.95695
1.95678, 1.96207, 1.95047, 1.95333
1.95333, 1.95861, 1.94734, 1.95563
1.95556, 1.95816, 1.94424, 1.94684
1.94680, 1.94819, 1.93602, 1.94131
1.94634, 1.95293, 1.92907, 1.93885
1.93881, 1.94812, 1.93172, 1.94113
1.94113, 1.95500, 1.94113, 1.95431
1.95431, 1.95669, 1.94825, 1.94829
1.94825, 1.95747, 1.94303, 1.95553
1.95597, 1.95795, 1.95233, 1.95259
1.95256, 1.95841, 1.93037, 1.93343
1.93343, 1.94001, 1.91954, 1.92361
1.92361, 1.93469, 1.92082, 1.93038
1.93034, 1.93391, 1.92210, 1.92778
1.93043, 1.93316, 1.92560, 1.93073
1.93067, 1.93413, 1.92717, 1.93279
1.93275, 1.93621, 1.92848, 1.92920
1.92913, 1.93653, 1.92684, 1.93256
1.93246, 1.93615, 1.92613, 1.92699
1.92847, 1.93103, 1.92310, 1.92443
1.92413, 1.93208, 1.92169, 1.92484
1.92484, 1.93364, 1.92286, 1.93250
1.93252, 1.94221, 1.92708, 1.93085
1.93089, 1.93479, 1.92513, 1.92671
1.92655, 1.92923, 1.91995, 1.92231
1.92211, 1.92481, 1.91868, 1.92104
1.92089, 1.92203, 1.90681, 1.90925
1.90910, 1.94374, 1.90910, 1.93878
1.93877, 1.94556, 1.92735, 1.94120
1.93929, 1.94237, 1.93518, 1.93999
1.93999, 1.94508, 1.93007, 1.93494
1.93473, 1.94144, 1.93115, 1.93415
1.93415, 1.93573, 1.92528, 1.93015
1.93000, 1.93199, 1.92026, 1.92072
1.91911, 1.92933, 1.91829, 1.92564
1.92472, 1.93011, 1.92173, 1.92685
1.92665, 1.93010, 1.91889, 1.92779
1.92718, 1.93233, 1.92543, 1.93066
1.93055, 1.93392, 1.91865, 1.91949
1.91957, 1.92777, 1.91823, 1.92455
1.92404, 1.92769, 1.91566, 1.91823
1.91819, 1.94277, 1.91484, 1.94070
1.94067, 1.96065, 1.93920, 1.95382
1.95373, 1.96168, 1.95272, 1.95613
1.95058, 1.95965, 1.94337, 1.94965
1.94958, 1.96356, 1.94663, 1.96145
1.96137, 1.97544, 1.94925, 1.95818
1.95826, 1.96463, 1.95349, 1.96183
1.96183, 1.98185, 1.96013, 1.97683
1.97626, 1.99879, 1.97626, 1.99657
1.99654, 2.00289, 1.98921, 1.99672
1.99660, 2.00067, 1.98606, 1.98959
1.98953, 1.99747, 1.98648, 1.99453
1.99431, 1.99845, 1.98922, 1.99573
1.99267, 2.00128, 1.99234, 1.99987
1.99963, 2.00322, 1.98913, 1.99592
1.99667, 1.99969, 1.98225, 1.98741
1.98728, 1.99270, 1.97525, 1.98438
1.98394, 1.98628, 1.95508, 1.95730
1.96001, 1.97684, 1.95593, 1.97465
1.97465, 1.98388, 1.97019, 1.98275
1.98253, 1.98604, 1.96985, 1.97788
1.97788, 1.98354, 1.97183, 1.97703
1.97703, 1.98152, 1.96425, 1.96860
1.96903, 1.98523, 1.96603, 1.97091
1.97173, 1.97759, 1.96401, 1.96831
1.96714, 1.98880, 1.96690, 1.98633
1.98633, 2.01112, 1.98624, 2.01003
2.00993, 2.03703, 2.00712, 2.03659
2.03596, 2.04208, 2.01937, 2.02850
2.02833, 2.03592, 2.02308, 2.03091
2.03084, 2.04691, 2.02520, 2.04685
2.04669, 2.04694, 2.02166, 2.02753
2.02753, 2.03472, 2.01893, 2.01972
2.01146, 2.01820, 2.00503, 2.00663
2.00713, 2.01003, 1.99383, 2.00143
2.00076, 2.00350, 1.99108, 2.00243
2.00218, 2.00413, 1.98823, 1.98959
1.98959, 1.99559, 1.97223, 1.98171
1.97721, 1.98516, 1.97169, 1.97829
1.97848, 1.99027, 1.97627, 1.98123
1.98123, 1.98313, 1.97046, 1.97493
1.97493, 1.98267, 1.96370, 1.96472
1.96472, 1.98210, 1.96273, 1.96541
1.96542, 1.96889, 1.95663, 1.96134
1.96143, 1.96280, 1.93643, 1.93907
1.93860, 1.96203, 1.93413, 1.95797
1.95843, 1.96549, 1.94386, 1.95605
1.95632, 1.95723, 1.94343, 1.95010
1.96176, 1.96176, 1.94863, 1.95645
1.95827, 1.96465, 1.94393, 1.94459
1.94262, 1.94836, 1.92811, 1.93513
1.93341, 1.93838, 1.92881, 1.93315
1.93301, 1.93848, 1.92393, 1.92475
1.91881, 1.92352, 1.90585, 1.91477
1.91412, 1.92828, 1.90640, 1.91697
1.91768, 1.92609, 1.89736, 1.91139
1.91032, 1.91477, 1.86583, 1.87033
1.86921, 1.88600, 1.86251, 1.86374
1.87006, 1.88536, 1.86685, 1.87904
1.87863, 1.88502, 1.86884, 1.88245
1.88320, 1.88534, 1.86581, 1.86999
1.86789, 1.89838, 1.86789, 1.88959
1.88905, 1.89432, 1.88274, 1.88916
1.89621, 1.89782, 1.88360, 1.89194
1.89205, 1.89594, 1.87385, 1.87544
1.87710, 1.88445, 1.86110, 1.86586
1.86572, 1.87586, 1.85712, 1.86404
1.86267, 1.86505, 1.85154, 1.85179
1.84487, 1.85322, 1.83247, 1.83609
1.83594, 1.84311, 1.82767, 1.83464
1.83470, 1.85098, 1.83086, 1.84577
1.84576, 1.86331, 1.84377, 1.85813
1.85794, 1.86119, 1.85078, 1.85539
1.84806, 1.85929, 1.81827, 1.82808
1.82727, 1.84087, 1.81543, 1.81673
1.81496, 1.84797, 1.81247, 1.84101
1.84061, 1.84702, 1.83538, 1.84542
1.84438, 1.86000, 1.84258, 1.85142
1.85295, 1.85716, 1.84807, 1.85284
1.85539, 1.85539, 1.83796, 1.84543
1.84506, 1.86557, 1.83884, 1.86291
1.86220, 1.88222, 1.85989, 1.86848
1.86684, 1.88568, 1.86495, 1.88193
1.87956, 1.89490, 1.87712, 1.89160
1.88551, 1.88645, 1.87623, 1.87703
1.87612, 1.88963, 1.87499, 1.88738
1.88587, 1.89643, 1.88432, 1.89215
1.89068, 1.91185, 1.88792, 1.89914
1.89862, 1.90171, 1.88604, 1.89507
1.89334, 1.90462, 1.86460, 1.88808
1.88621, 1.89668, 1.88403, 1.88730
1.88592, 1.89228, 1.88231, 1.89162
1.89062, 1.89801, 1.88902, 1.89116
1.89102, 1.89248, 1.87536, 1.88371
1.88330, 1.88748, 1.87509, 1.88023
1.87926, 1.88275, 1.86014, 1.87753
1.88196, 1.89397, 1.88071, 1.88562
1.88469, 1.89097, 1.86165, 1.88629
1.88553, 1.90375, 1.88181, 1.90020
1.90071, 1.92475, 1.89942, 1.91960
1.91950, 1.92315, 1.90497, 1.90839
1.90511, 1.91849, 1.90511, 1.91506
1.91406, 1.92972, 1.91361, 1.91993
1.91807, 1.92880, 1.90742, 1.92498
1.92439, 1.93219, 1.91956, 1.93189
1.93112, 1.94259, 1.92124, 1.92944
1.92941, 1.93283, 1.91943, 1.92593
1.92692, 1.93029, 1.91121, 1.91121
1.91101, 1.91826, 1.89780, 1.90102
1.90217, 1.90414, 1.89037, 1.89455
1.89375, 1.89862, 1.88206, 1.89694
1.89439, 1.90609, 1.89257, 1.89341
1.88822, 1.89765, 1.87610, 1.87833
1.87681, 1.91113, 1.87599, 1.90720
1.90771, 1.92092, 1.90185, 1.91864
1.91846, 1.92450, 1.91155, 1.91876
1.91791, 1.91791, 1.90882, 1.90991
1.90788, 1.91700, 1.90729, 1.91349
1.91322, 1.91528, 1.88322, 1.88954
1.88921, 1.89076, 1.86848, 1.87164
1.87251, 1.87880, 1.86594, 1.87659
1.88184, 1.88976, 1.87318, 1.88653
1.88609, 1.90306, 1.88219, 1.89680
1.89677, 1.90692, 1.89393, 1.90329
1.90265, 1.91942, 1.89652, 1.91585
1.91637, 1.92831, 1.90303, 1.90636
1.90404, 1.90551, 1.89455, 1.90253
1.90213, 1.92778, 1.90171, 1.92231
1.92261, 1.95102, 1.91947, 1.94406
1.94177, 1.95406, 1.93853, 1.94706
1.94772, 1.94831, 1.93419, 1.94236
1.93961, 1.94876, 1.93023, 1.93046
1.93151, 1.94095, 1.92887, 1.93854
1.94010, 1.94714, 1.93402, 1.94626
1.94489, 1.94758, 1.93268, 1.93659
1.93641, 1.93813, 1.90821, 1.91232
1.91019, 1.93036, 1.90211, 1.92974
1.92998, 1.94354, 1.89991, 1.90523
1.90520, 1.95075, 1.90506, 1.94322
1.94159, 1.94899, 1.93459, 1.93990
1.93973, 1.94303, 1.92573, 1.94039
1.94153, 1.94364, 1.92318, 1.93332
1.93312, 1.93999, 1.92760, 1.93604
1.93553, 1.94189, 1.90753, 1.90775
1.90658, 1.91133, 1.88544, 1.90545
1.90585, 1.92245, 1.90410, 1.92063
1.91803, 1.92239, 1.90494, 1.90717
1.90863, 1.91952, 1.90640, 1.91230
1.91236, 1.95110, 1.90950, 1.93473
1.93472, 1.94260, 1.92126, 1.92499
1.92498, 1.93301, 1.90493, 1.91373
1.91020, 1.93014, 1.90613, 1.92580
1.92768, 1.94654, 1.91793, 1.94390
1.94250, 1.94665, 1.93362, 1.94111
1.94093, 1.94438, 1.93184, 1.93589
1.93523, 1.94332, 1.93170, 1.93493
1.93590, 1.94216, 1.93158, 1.93760
1.93760, 1.94157, 1.93228, 1.93533
1.93345, 1.94209, 1.93274, 1.93551
1.93543, 1.94430, 1.93238, 1.93983
1.93871, 1.94373, 1.93014, 1.93263
1.93200, 1.94152, 1.92984, 1.93684
1.93535, 1.94109, 1.92853, 1.92940
1.92781, 1.95562, 1.92587, 1.93850
1.93844, 1.94826, 1.93614, 1.94258
1.94259, 1.94509, 1.94040, 1.94094
1.94134, 1.94695, 1.94134, 1.94308
1.94308, 1.95449, 1.94046, 1.94323
1.94313, 1.96189, 1.94239, 1.95706
1.95703, 1.95884, 1.94508, 1.94606
1.94603, 1.94634, 1.93522, 1.93905
1.93872, 1.94223, 1.93410, 1.93886
1.93885, 1.95707, 1.93593, 1.95206
1.95203, 1.97138, 1.95001, 1.97043
1.97021, 1.97312, 1.96465, 1.96949
1.96947, 1.98420, 1.96247, 1.98241
1.98199, 1.99115, 1.97879, 1.98190
1.98180, 1.98826, 1.97718, 1.98072
1.98068, 2.00203, 1.97114, 1.97780
1.97762, 1.98060, 1.97218, 1.97364
1.97353, 1.97644, 1.96758, 1.97004
1.96998, 1.97976, 1.96800, 1.97312
1.97314, 1.97375, 1.96164, 1.96274
1.96274, 1.96996, 1.95550, 1.95663
1.95663, 1.96218, 1.94874, 1.95793
1.95783, 1.95864, 1.95013, 1.95133
1.95103, 1.95165, 1.94500, 1.94695
1.94684, 1.96774, 1.94497, 1.95223
1.95223, 1.95761, 1.94295, 1.94985
1.94781, 1.95135, 1.94023, 1.94128
1.94123, 1.94611, 1.93107, 1.93995
1.93971, 1.94487, 1.93499, 1.93721
1.93700, 1.93768, 1.93060, 1.93336
1.93334, 1.94553, 1.93166, 1.93931
1.93931, 1.93969, 1.93393, 1.93706
1.93697, 1.93904, 1.92923, 1.93141
1.93323, 1.93496, 1.91818, 1.91936
1.91936, 1.92521, 1.91774, 1.92123
1.92123, 1.92258, 1.91092, 1.91670
1.91670, 1.91941, 1.91167, 1.91659
1.91659, 1.92200, 1.90839, 1.91178
1.91129, 1.92235, 1.90948, 1.91971
1.91953, 1.93444, 1.91843, 1.93253
1.93243, 1.93984, 1.92785, 1.93046
1.93033, 1.93579, 1.92695, 1.93047
1.93027, 1.94136, 1.92863, 1.93915
1.93862, 1.93955, 1.92963, 1.92973
1.92973, 1.93110, 1.91854, 1.92292
1.92273, 1.93776, 1.92101, 1.93384
1.93343, 1.93526, 1.92249, 1.92937
1.92919, 1.93589, 1.92482, 1.93346
1.93397, 1.93437, 1.92075, 1.92443
1.92384, 1.92524, 1.90804, 1.91079
1.91063, 1.92113, 1.89515, 1.89931
1.89913, 1.90264, 1.88967, 1.89063
1.89063, 1.89569, 1.88772, 1.89000
1.88934, 1.89592, 1.88299, 1.89324
1.89375, 1.89657, 1.88603, 1.88734
1.88693, 1.88774, 1.87079, 1.87479
1.87453, 1.88425, 1.87303, 1.88028
1.88043, 1.89198, 1.87906, 1.88926
1.89037, 1.89123, 1.88215, 1.88896
1.88869, 1.88965, 1.88093, 1.88595
1.88593, 1.89531, 1.87900, 1.88249
1.88243, 1.88315, 1.87729, 1.87971
1.87955, 1.88196, 1.87417, 1.87814
1.87753, 1.87987, 1.86174, 1.86289
1.86139, 1.86414, 1.84691, 1.85221
1.85219, 1.85297, 1.84276, 1.84669
1.84664, 1.85357, 1.84383, 1.84968
1.84963, 1.85220, 1.84448, 1.84864
1.84576, 1.85097, 1.83676, 1.84553
1.84417, 1.85725, 1.84401, 1.85538
1.85516, 1.86681, 1.85448, 1.86162
1.86123, 1.87226, 1.86081, 1.86863
1.86863, 1.87280, 1.86513, 1.86523
1.86500, 1.86681, 1.84223, 1.84233
1.84188, 1.84402, 1.82773, 1.83697
1.83678, 1.85622, 1.83651, 1.85299
1.85273, 1.85599, 1.84066, 1.85035
1.84995, 1.86322, 1.84563, 1.85986
1.85900, 1.87524, 1.85553, 1.85885
1.85885, 1.86706, 1.84323, 1.86449
1.86433, 1.90587, 1.85802, 1.88404
1.88383, 1.88726, 1.86866, 1.87273
1.87273, 1.87694, 1.85786, 1.85963
1.86215, 1.87563, 1.85849, 1.87372
1.87205, 1.88304, 1.86461, 1.86743
1.86742, 1.88123, 1.86359, 1.87289
1.87253, 1.88836, 1.86640, 1.87520
1.87521, 1.89356, 1.87260, 1.88966
1.88941, 1.89519, 1.88569, 1.89283
1.89125, 1.89710, 1.88270, 1.89647
1.89646, 1.89868, 1.88958, 1.89267
1.89267, 1.92633, 1.89174, 1.92462
1.92462, 1.92482, 1.90971, 1.92001
1.92068, 1.93394, 1.90999, 1.91231
1.91219, 1.93377, 1.90932, 1.93131
1.93116, 1.94113, 1.91610, 1.92784
1.92773, 1.93649, 1.91934, 1.92977
1.92977, 1.93664, 1.92693, 1.92750
1.92745, 1.93189, 1.90774, 1.91197
1.91201, 1.92186, 1.89949, 1.90712
1.90703, 1.92552, 1.90589, 1.92545
1.92585, 1.93632, 1.91511, 1.93420
1.93392, 1.93624, 1.90849, 1.91092
1.91166, 1.92406, 1.90545, 1.92011
1.92012, 1.92997, 1.91491, 1.92419
1.92407, 1.92862, 1.91895, 1.92234
1.92227, 1.92849, 1.91130, 1.92365
1.92365, 1.96103, 1.92365, 1.95949
1.95901, 1.96209, 1.94516, 1.95781
1.95780, 1.97043, 1.95693, 1.96615
1.96603, 1.97994, 1.96332, 1.97413
1.97399, 1.99009, 1.96946, 1.98782
1.98779, 2.00018, 1.98569, 1.99225
1.99045, 1.99198, 1.97375, 1.97545
1.97545, 1.98243, 1.97123, 1.97543
1.97543, 1.97812, 1.96382, 1.97001
1.97001, 1.97096, 1.95136, 1.95792
1.95781, 1.96138, 1.94993, 1.95154
1.95458, 1.96870, 1.95231, 1.96276
1.96272, 1.97739, 1.95935, 1.97104
1.97100, 1.97108, 1.96061, 1.96113
1.96128, 1.97060, 1.95338, 1.95733
1.95733, 1.95921, 1.94032, 1.95283
1.95243, 1.96168, 1.94761, 1.95420
1.95411, 1.95487, 1.93150, 1.94008
1.93991, 1.94656, 1.93190, 1.93973
1.94039, 1.97258, 1.93107, 1.96839
1.96750, 2.00345, 1.95742, 1.99560
1.99418, 2.01280, 1.98996, 2.00017
2.00232, 2.03489, 1.99725, 2.03088
2.03145, 2.05582, 2.01780, 2.03907
2.03837, 2.05101, 2.01757, 2.03104
2.03037, 2.03389, 2.01563, 2.03304
2.02957, 2.03429, 2.01519, 2.02314
2.02293, 2.02639, 2.00743, 2.00932
2.01084, 2.01473, 2.00426, 2.01074
2.01016, 2.02267, 2.00574, 2.01375
2.01300, 2.02081, 2.01052, 2.02077
2.01796, 2.03069, 2.01635, 2.02516
2.02532, 2.03161, 2.01546, 2.02319
2.02351, 2.03223, 2.01407, 2.01411
2.01485, 2.02423, 2.00981, 2.01461
2.01500, 2.01956, 2.00698, 2.01156
2.00888, 2.01602, 2.00022, 2.01227
2.01143, 2.02176, 2.00404, 2.02103
2.02004, 2.02418, 2.01566, 2.01838
2.01758, 2.02337, 2.00761, 2.01195
2.01235, 2.02556, 2.00774, 2.01809
2.01796, 2.02627, 2.00950, 2.02008
2.01965, 2.03297, 2.01868, 2.02911
2.02866, 2.03030, 2.00020, 2.00433
2.00397, 2.02540, 2.00095, 2.01833
2.01808, 2.02018, 2.01220, 2.01398
2.01601, 2.02751, 2.01530, 2.02411
2.02218, 2.02956, 2.00803, 2.00974
2.00913, 2.01687, 2.00754, 2.01360
2.01271, 2.02072, 2.01001, 2.01605
2.01492, 2.01814, 2.00018, 2.00345
2.00423, 2.01621, 1.99913, 2.00997
2.00908, 2.01277, 1.99891, 2.00102
2.00001, 2.01147, 1.99591, 2.00955
2.01223, 2.02086, 2.00836, 2.01046
2.01053, 2.01799, 2.00172, 2.01357
2.00617, 2.00978, 1.98574, 1.99008
1.98866, 1.99689, 1.98670, 1.99331
1.99258, 2.00856, 1.99008, 2.00690
2.00670, 2.01562, 1.99758, 2.01007
2.00936, 2.01159, 1.99594, 1.99933
2.00275, 2.01006, 2.00073, 2.00722
2.00507, 2.01788, 2.00055, 2.01366
2.00803, 2.01405, 1.99949, 2.00375
2.00331, 2.00884, 1.98399, 1.99558
2.03298, 2.04153, 2.01410, 2.02169
2.01924, 2.03465, 2.01566, 2.02071
2.02081, 2.02132, 1.99293, 1.99663
1.99585, 2.00036, 1.97783, 1.98532
1.98474, 1.99510, 1.96717, 1.96754
1.96843, 1.97959, 1.96485, 1.96819
1.96972, 1.97178, 1.94796, 1.94903
1.94833, 1.95500, 1.94656, 1.95044
1.95385, 1.95409, 1.94706, 1.94803
1.94758, 1.96033, 1.94144, 1.95099
1.95254, 1.95537, 1.94703, 1.94845
1.94781, 1.96932, 1.94609, 1.96720
1.96659, 1.97551, 1.95985, 1.96068
1.95919, 1.96864, 1.95888, 1.96226
1.96442, 1.97553, 1.96103, 1.97394
1.97283, 1.98395, 1.97193, 1.97574
1.97583, 1.98173, 1.96697, 1.96909
1.96918, 1.97786, 1.96488, 1.97555
1.97493, 1.97898, 1.96515, 1.96793
1.96301, 1.96637, 1.95406, 1.95893
1.95880, 1.97019, 1.95434, 1.96813
1.96803, 1.97502, 1.96496, 1.97004
1.96923, 1.97240, 1.95826, 1.97064
1.96890, 1.97610, 1.96440, 1.96681
1.96468, 1.97107, 1.96051, 1.96742
1.96751, 1.97998, 1.96623, 1.97738
1.97672, 1.99450, 1.97671, 1.99215
1.99253, 1.99499, 1.98011, 1.98313
1.98154, 1.98844, 1.97611, 1.97745
1.98381, 1.99704, 1.97991, 1.99463
1.99419, 1.99799, 1.98766, 1.98973
1.98843, 1.99718, 1.98841, 1.99419
1.99253, 2.02015, 1.99178, 2.01670
2.01563, 2.04419, 2.01440, 2.04198
2.03523, 2.04172, 2.00910, 2.01124
2.00996, 2.02037, 2.00187, 2.00613
2.00780, 2.01522, 1.99949, 2.00759
2.00770, 2.01163, 1.99991, 2.00163
2.00120, 2.01930, 1.99966, 2.01220
2.01157, 2.02523, 2.00897, 2.02236
2.02300, 2.02566, 2.01735, 2.02316
2.02173, 2.02373, 2.00009, 2.00470
2.00412, 2.02754, 2.00311, 2.02580
2.02558, 2.03002, 2.02026, 2.02729
2.02181, 2.02946, 2.01770, 2.01965
2.02004, 2.04016, 2.01829, 2.03532
2.03504, 2.03568, 2.02294, 2.02350
2.02423, 2.03732, 2.02122, 2.03383
2.03393, 2.05086, 2.03099, 2.03968
2.04814, 2.05395, 2.03428, 2.03914
2.03884, 2.05769, 2.03514, 2.05647
2.05519, 2.06140, 2.04791, 2.05134
2.05065, 2.05542, 2.03325, 2.04332
2.04280, 2.06728, 2.03996, 2.05068
2.06281, 2.06347, 2.03320, 2.03646
2.03803, 2.04555, 2.02566, 2.04164
2.04090, 2.04763, 2.02713, 2.04338
2.04317, 2.05756, 2.03988, 2.05374
2.05534, 2.05821, 2.03729, 2.05180
2.06925, 2.18196, 2.03523, 2.06760
2.06693, 2.07631, 2.05037, 2.05560
2.05653, 2.06212, 2.03740, 2.04261
2.04281, 2.06786, 2.03146, 2.05074
2.05114, 2.06221, 2.02081, 2.02486
2.03206, 2.06124, 2.00514, 2.03048
2.03128, 2.04003, 2.00768, 2.02553
2.02248, 2.05395, 1.98923, 2.01687
2.01799, 2.10028, 1.98874, 2.02181
2.02050, 2.06848, 2.00219, 2.03314
2.05556, 2.07771, 2.00654, 2.02406
2.02343, 2.04024, 1.99462, 2.01329
2.01386, 2.04337, 2.00597, 2.03087
2.03023, 2.05148, 2.02350, 2.04568
2.04707, 2.07353, 2.03458, 2.06330
2.05764, 2.07254, 2.05059, 2.06369
2.06164, 2.09605, 2.04432, 2.08088
2.08228, 2.10379, 2.07601, 2.09000
2.09416, 2.10291, 2.07706, 2.09388
2.09606, 2.10151, 2.08467, 2.09314
2.08146, 2.09174, 2.05983, 2.06285
2.06065, 2.06480, 2.04935, 2.06450
2.06422, 2.07331, 2.05601, 2.06040
2.05988, 2.07396, 2.04614, 2.04818
2.04902, 2.05692, 2.04222, 2.04766
2.04771, 2.06009, 2.04454, 2.05320
2.05219, 2.07656, 2.04763, 2.06856
2.06706, 2.09438, 2.06635, 2.08889
2.08809, 2.09893, 2.08480, 2.08971
2.08683, 2.08778, 2.06589, 2.07210
2.06847, 2.07722, 2.04707, 2.05842
2.05913, 2.07588, 2.05347, 2.05974
2.06005, 2.07624, 2.05080, 2.07118
2.07170, 2.08339, 2.04830, 2.05420
2.05497, 2.06303, 2.05168, 2.05380
2.05681, 2.05787, 2.04705, 2.05514
2.05420, 2.07153, 2.04879, 2.05026
2.05130, 2.05241, 2.03053, 2.03358
2.03211, 2.05457, 2.02785, 2.05430
2.05518, 2.07019, 2.05422, 2.06028
2.06117, 2.07133, 2.05338, 2.05609
2.05704, 2.06017, 2.04954, 2.05381
2.05378, 2.05976, 2.04230, 2.05235
2.05360, 2.05695, 2.02769, 2.03082
2.02894, 2.03262, 2.01735, 2.02141
2.02004, 2.03494, 2.01795, 2.03084
2.02821, 2.03459, 2.01222, 2.01723
2.01768, 2.04501, 2.01225, 2.04148
2.04083, 2.04767, 2.03457, 2.03979
2.03690, 2.04719, 2.03326, 2.03885
2.03368, 2.03973, 2.01857, 2.01911
2.01720, 2.02296, 2.00601, 2.01560
2.01557, 2.01916, 1.98845, 1.99020
1.99328, 2.00303, 1.98926, 1.99596
1.99593, 2.00396, 1.99219, 1.99565
1.99717, 2.00119, 1.99498, 1.99722
1.99630, 2.00057, 1.98137, 1.99001
1.98917, 1.99335, 1.97591, 1.98129
1.98071, 1.98598, 1.97774, 1.98365
1.98315, 1.99884, 1.97710, 1.98915
1.98865, 1.99336, 1.98232, 1.98303
1.98442, 2.00016, 1.96936, 1.97035
1.97044, 1.97284, 1.95522, 1.95626
1.95804, 1.95893, 1.94753, 1.94810
1.94816, 1.95650, 1.94183, 1.94709
1.94950, 1.95115, 1.93737, 1.93980
1.93958, 1.95584, 1.93745, 1.95394
1.95245, 1.95863, 1.94469, 1.94949
1.94859, 1.96380, 1.94797, 1.95909
1.95866, 1.96378, 1.94122, 1.94504
1.94158, 1.95267, 1.93848, 1.94688
1.94768, 1.95997, 1.94286, 1.94768
1.94730, 1.95131, 1.93675, 1.94360
1.94404, 1.95122, 1.92751, 1.93251
1.93191, 1.94013, 1.91965, 1.92660
1.93086, 1.93288, 1.91510, 1.92312
1.92205, 1.93363, 1.91380, 1.92840
1.92776, 1.94740, 1.92435, 1.93750
1.93629, 1.94051, 1.92927, 1.93071
1.93184, 1.93481, 1.91957, 1.92057
1.92397, 1.92529, 1.91216, 1.91525
1.91569, 1.92284, 1.91311, 1.92064
1.92000, 1.92889, 1.91519, 1.92545
1.92393, 1.92566, 1.91275, 1.91530
1.91450, 1.91698, 1.90660, 1.90990
1.91055, 1.91294, 1.90353, 1.90537
1.90545, 1.91782, 1.90198, 1.91542
1.91710, 1.92079, 1.91362, 1.91765
1.91790, 1.92427, 1.91643, 1.91866
1.91738, 1.92476, 1.91612, 1.92020
1.92049, 1.92685, 1.91402, 1.91937
1.91898, 1.92447, 1.91491, 1.92181
1.92050, 1.92457, 1.91459, 1.91559
1.91387, 1.92291, 1.91263, 1.92055
1.92052, 1.92125, 1.91356, 1.91656
1.91480, 1.92735, 1.91151, 1.92485
1.92455, 1.93205, 1.91496, 1.91685
1.91579, 1.91803, 1.90020, 1.91177
1.91047, 1.92148, 1.90037, 1.91948
1.91855, 1.92913, 1.91743, 1.92547
1.92774, 1.92932, 1.91948, 1.92647
1.92744, 1.94490, 1.92461, 1.94174
1.94127, 1.95282, 1.93897, 1.94831
1.94725, 1.97044, 1.94660, 1.95475
1.95426, 1.97775, 1.95239, 1.97340
1.97199, 1.97874, 1.96312, 1.97705
1.97768, 1.98008, 1.96768, 1.97311
1.97076, 1.97559, 1.96595, 1.97299
1.97144, 1.98545, 1.96437, 1.96535
1.96519, 1.97913, 1.96312, 1.97761
1.97507, 1.98643, 1.97369, 1.98239
1.98182, 1.99031, 1.97510, 1.98366
1.98445, 1.99651, 1.97619, 1.97941
1.98061, 1.99779, 1.97911, 1.99434
1.99390, 2.00661, 1.99228, 2.00006
1.99984, 2.00802, 1.99445, 1.99748
1.99653, 2.01184, 1.99606, 2.00627
2.00392, 2.00692, 1.98546, 1.99696
1.99536, 2.02701, 1.99348, 2.02148
2.02169, 2.02695, 1.99961, 1.99964
2.00236, 2.00702, 1.99656, 2.00099
2.00076, 2.01293, 1.99833, 2.00730
2.00793, 2.00849, 1.99334, 1.99482
1.99528, 1.99645, 1.98551, 1.98744
1.98757, 1.99164, 1.97440, 1.98061
1.98175, 1.98528, 1.97638, 1.98469
1.98441, 1.99285, 1.97799, 1.97968
1.97903, 1.98172, 1.96693, 1.97192
1.97040, 1.98303, 1.96821, 1.97799
1.97804, 1.98277, 1.97014, 1.97499
1.97247, 1.97571, 1.96214, 1.96660
1.96650, 1.96757, 1.95495, 1.96077
1.95991, 1.96235, 1.94072, 1.94435
1.94473, 1.95227, 1.92092, 1.92691
1.92474, 1.92777, 1.90988, 1.91903
1.91747, 1.92529, 1.91271, 1.91647
1.91612, 1.92067, 1.91112, 1.91997
1.91765, 1.92985, 1.91278, 1.92594
1.92582, 1.93826, 1.91251, 1.92007
1.91982, 1.92208, 1.90607, 1.91164
1.90930, 1.92295, 1.90569, 1.92153
1.92193, 1.92730, 1.91303, 1.91904
1.92035, 1.94472, 1.91499, 1.94146
1.94136, 1.95822, 1.93942, 1.94618
1.94642, 1.94843, 1.93689, 1.94563
1.94864, 1.96929, 1.94539, 1.95735
1.95893, 1.96180, 1.94644, 1.94986
1.94969, 1.95857, 1.94540, 1.95181
1.95155, 1.95247, 1.93217, 1.93753
1.93663, 1.95407, 1.93535, 1.94853
1.94641, 1.95696, 1.94228, 1.95396
1.95184, 1.96027, 1.94290, 1.95411
1.95233, 1.96558, 1.94808, 1.96342
1.96206, 1.97267, 1.95680, 1.96443
1.96214, 1.96550, 1.94976, 1.95512
1.95621, 1.96810, 1.95365, 1.96504
1.96330, 1.96744, 1.94391, 1.94503
1.94438, 1.96113, 1.93446, 1.95424
1.95305, 1.96470, 1.95150, 1.95553
1.95591, 1.96180, 1.94696, 1.95406
1.95115, 1.96226, 1.94981, 1.95923
1.95855, 1.97677, 1.95791, 1.96800
1.96425, 1.97520, 1.96139, 1.97485
1.97477, 1.97995, 1.95654, 1.95955
1.95921, 1.96316, 1.94790, 1.94959
1.94958, 1.95486, 1.94232, 1.95016
1.94980, 1.95052, 1.94003, 1.94347
1.94321, 1.95795, 1.93985, 1.95360
1.95366, 1.96125, 1.94678, 1.94811
1.94850, 1.96191, 1.94487, 1.95792
1.95516, 1.96034, 1.94560, 1.94701
1.94660, 1.95143, 1.94356, 1.94928
1.95036, 1.95687, 1.93432, 1.93886
1.93813, 1.94290, 1.93145, 1.94152
1.94106, 1.94532, 1.93147, 1.94046
1.93732, 1.93991, 1.92169, 1.92919
1.92963, 1.94838, 1.92748, 1.94305
1.94212, 1.94627, 1.91828, 1.92080
1.92020, 1.92237, 1.90966, 1.91803
1.91589, 1.93140, 1.91522, 1.92663
1.92362, 1.92653, 1.90912, 1.91108
1.90963, 1.92743, 1.90941, 1.92209
1.92123, 1.92657, 1.91250, 1.91639
1.91670, 1.92409, 1.91280, 1.91631
1.91633, 1.91839, 1.90940, 1.91630
1.91771, 1.92792, 1.91221, 1.92416
1.92364, 1.92512, 1.90717, 1.91412
1.91288, 1.91952, 1.90703, 1.91008
1.90895, 1.91334, 1.90304, 1.90540
1.90562, 1.90731, 1.88984, 1.89085
1.89552, 1.90356, 1.89028, 1.90022
1.89788, 1.90327, 1.89135, 1.89965
1.89911, 1.90183, 1.88697, 1.89126
1.88959, 1.90738, 1.88894, 1.90037
1.90021, 1.91872, 1.89935, 1.90714
1.90297, 1.90866, 1.88448, 1.89933
1.89901, 1.90104, 1.88828, 1.89530
1.89552, 1.90835, 1.89054, 1.90797
1.90627, 1.91057, 1.87206, 1.87248
1.87252, 1.87632, 1.85207, 1.86528
1.87924, 1.89005, 1.87508, 1.88184
1.88069, 1.89989, 1.87934, 1.89835
1.89807, 1.90922, 1.89099, 1.89847
1.89843, 1.90470, 1.89187, 1.89857
1.89869, 1.90042, 1.88757, 1.89402
1.88427, 1.89951, 1.87777, 1.89646
1.89403, 1.90677, 1.89120, 1.89763
1.89580, 1.91011, 1.89282, 1.90179
1.90067, 1.91479, 1.90053, 1.90565
1.90401, 1.90736, 1.89186, 1.89373
1.89390, 1.89707, 1.88377, 1.88887
1.88706, 1.89246, 1.88334, 1.89053
1.88957, 1.90097, 1.88429, 1.89971
1.89756, 1.90408, 1.88738, 1.89007
1.89140, 1.89319, 1.87631, 1.87854
1.87777, 1.87962, 1.86317, 1.86482
1.86384, 1.87863, 1.86255, 1.86788
1.86877, 1.87999, 1.86627, 1.87268
1.87565, 1.88670, 1.87350, 1.88638
1.88550, 1.89924, 1.88356, 1.89013
1.89116, 1.90606, 1.88952, 1.89950
1.89908, 1.90134, 1.89000, 1.89412
1.89593, 1.90778, 1.89394, 1.90446
1.90227, 1.91097, 1.90170, 1.90977
1.90994, 1.91689, 1.90514, 1.91559
1.91384, 1.92126, 1.90153, 1.90447
1.90338, 1.90971, 1.89739, 1.90285
1.90159, 1.90718, 1.89951, 1.90458
1.90643, 1.90698, 1.89544, 1.89967
1.89873, 1.90170, 1.89200, 1.89703
1.89611, 1.91396, 1.89588, 1.91210
1.91037, 1.91974, 1.90936, 1.91226
1.91254, 1.91583, 1.90006, 1.90614
1.91193, 1.91508, 1.90500, 1.90850
1.90795, 1.91145, 1.89860, 1.89873
1.89911, 1.90069, 1.89098, 1.89206
1.89323, 1.91103, 1.88596, 1.91012
1.90932, 1.91745, 1.90512, 1.90598
1.90731, 1.90832, 1.90046, 1.90350
1.90190, 1.90913, 1.89934, 1.90845
1.90694, 1.92248, 1.90629, 1.91837
1.91659, 1.91951, 1.90719, 1.91115
1.90918, 1.92428, 1.90836, 1.91784
1.92033, 1.92641, 1.91719, 1.92299
1.92341, 1.93149, 1.91645, 1.92831
1.92624, 1.93448, 1.92581, 1.92821
1.92619, 1.94162, 1.92526, 1.93438
1.93378, 1.93790, 1.91666, 1.91804
1.92045, 1.92190, 1.91428, 1.91873
1.91945, 1.92760, 1.91834, 1.92172
1.92216, 1.93126, 1.89596, 1.89901
1.89949, 1.90556, 1.89547, 1.90122
1.89994, 1.92865, 1.89355, 1.92448
1.92457, 1.93228, 1.91245, 1.91658
1.91262, 1.92827, 1.91048, 1.91339
1.91538, 1.92670, 1.91105, 1.92469
1.92078, 1.93556, 1.91782, 1.93300
1.93041, 1.94170, 1.92879, 1.93017
1.92611, 1.94621, 1.92575, 1.94009
1.93652, 1.94505, 1.93388, 1.93537
1.93621, 1.94359, 1.93307, 1.93591
1.93469, 1.94179, 1.92638, 1.93568
1.93484, 1.94254, 1.93360, 1.93892
1.93782, 1.93966, 1.92799, 1.93011
1.93006, 1.93404, 1.92321, 1.93156
1.93132, 1.94058, 1.92036, 1.92979
1.93017, 1.94504, 1.92428, 1.94310
1.94265, 1.94538, 1.93172, 1.93418
1.93593, 1.93753, 1.92580, 1.93538
1.93534, 1.96681, 1.93518, 1.96259
1.96219, 1.96946, 1.95938, 1.96432
1.96402, 1.97667, 1.96047, 1.97405
1.97439, 1.97560, 1.96829, 1.96991
1.97129, 1.98215, 1.96294, 1.96631
1.96584, 1.97017, 1.95877, 1.96691
1.96687, 1.97462, 1.96351, 1.97358
1.97300, 1.98128, 1.96757, 1.96900
1.96990, 1.97146, 1.96241, 1.96560
1.96605, 1.97068, 1.96534, 1.96870
1.96834, 1.97498, 1.95865, 1.95912
1.95741, 1.96639, 1.95381, 1.95818
1.95753, 1.96124, 1.94459, 1.94507
1.94582, 1.95298, 1.94396, 1.94726
1.94764, 1.95668, 1.94473, 1.95486
1.95402, 1.96023, 1.94695, 1.94873
1.94797, 1.95119, 1.92818, 1.92923
1.92863, 1.93023, 1.91988, 1.92109
1.92119, 1.93809, 1.91724, 1.93670
1.93925, 1.95011, 1.92829, 1.94701
1.94633, 1.94886, 1.93520, 1.94295
1.94137, 1.94529, 1.93052, 1.93169
1.93060, 1.93917, 1.92907, 1.93167
1.93167, 1.93593, 1.92708, 1.92871
1.92826, 1.93171, 1.91778, 1.92103
1.91956, 1.93060, 1.91917, 1.92843
1.92977, 1.93193, 1.91826, 1.91909
1.91937, 1.93181, 1.91704, 1.92485
1.92268, 1.93072, 1.92061, 1.92909
1.92651, 1.93516, 1.92310, 1.93091
1.93157, 1.94806, 1.92868, 1.94187
1.94289, 1.94371, 1.92651, 1.92690
1.92660, 1.93318, 1.91874, 1.91981
1.91985, 1.92998, 1.91743, 1.92028
1.92037, 1.94440, 1.91987, 1.94388
1.94225, 1.94844, 1.93779, 1.94454
1.94327, 1.96689, 1.94094, 1.96264
1.96327, 1.96585, 1.95182, 1.95445
1.95670, 1.95773, 1.94262, 1.94306
1.94621, 1.96223, 1.94320, 1.95935
1.95934, 1.96112, 1.95297, 1.95930
1.95638, 1.97271, 1.95590, 1.96818
1.96678, 1.97214, 1.96124, 1.96922
1.96959, 1.97695, 1.96691, 1.97362
1.97050, 1.97436, 1.95996, 1.95999
1.96131, 1.96436, 1.95080, 1.95670
1.95632, 1.95839, 1.93355, 1.93784
1.93707, 1.94764, 1.93259, 1.94610
1.94677, 1.96068, 1.94480, 1.95674
1.95382, 1.95979, 1.94890, 1.95234
1.95406, 1.95689, 1.94883, 1.94939
1.94980, 1.95987, 1.94596, 1.95778
1.95736, 1.97788, 1.95585, 1.97342
1.97336, 1.97768, 1.96190, 1.96282
1.96370, 1.96574, 1.95739, 1.96082
1.95991, 1.96781, 1.95885, 1.96674
1.96539, 1.96979, 1.96172, 1.96562
1.96470, 1.97053, 1.95972, 1.97026
1.96788, 1.98304, 1.96524, 1.97982
1.97577, 1.97860, 1.97026, 1.97494
1.97470, 1.98150, 1.96960, 1.97686
1.97507, 1.98628, 1.97175, 1.98278
1.98236, 1.99137, 1.96942, 1.98682
1.98698, 1.99586, 1.98417, 1.98982
1.98892, 1.99318, 1.98103, 1.99306
1.99172, 1.99587, 1.98327, 1.98566
1.98644, 1.99088, 1.97913, 1.98017
1.98126, 1.98250, 1.96651, 1.97134
1.97006, 1.97191, 1.96010, 1.96337
1.96163, 1.97629, 1.96012, 1.97082
1.97060, 1.98115, 1.96677, 1.97895
1.97943, 1.98535, 1.97456, 1.97871
1.97737, 1.97957, 1.96976, 1.97386
1.97429, 1.97919, 1.96525, 1.96622
1.96643, 1.97378, 1.96169, 1.96859
1.96891, 1.97498, 1.95264, 1.96798
1.96791, 1.96936, 1.95938, 1.96606
1.96589, 1.98531, 1.96401, 1.98422
1.98348, 1.98913, 1.97899, 1.98602
1.98242, 1.99279, 1.98233, 1.98731
1.98578, 1.99557, 1.98174, 1.98847
1.98697, 1.98900, 1.96798, 1.96944
1.96756, 1.98395, 1.96714, 1.97999
1.97823, 1.97985, 1.96254, 1.96558
1.96547, 1.97765, 1.96421, 1.96945
1.96839, 1.98067, 1.96674, 1.96919
1.96768, 1.97253, 1.96298, 1.96697
1.96452, 1.97896, 1.96452, 1.97325
1.97252, 1.97453, 1.96538, 1.96926
1.96995, 1.97803, 1.96764, 1.97433
1.97387, 1.99682, 1.97317, 1.99461
1.99389, 2.00654, 1.99173, 1.99785
1.99736, 2.00217, 1.98996, 1.99118
1.99111, 1.99674, 1.98818, 1.99292
1.99408, 1.99715, 1.98763, 1.99109
1.98967, 1.99081, 1.97979, 1.98227
1.98210, 1.98210, 1.96687, 1.97184
1.97152, 1.97437, 1.96771, 1.97405
1.97363, 1.97962, 1.97141, 1.97827
1.97710, 1.98512, 1.97397, 1.98036
1.97989, 1.98604, 1.97290, 1.97390
1.97377, 1.97613, 1.96459, 1.96886
1.96853, 1.97688, 1.96666, 1.97146
1.97111, 1.97363, 1.96554, 1.97014
1.96580, 1.97491, 1.96357, 1.97140
1.97108, 1.99650, 1.96632, 1.98522
1.98493, 2.00064, 1.97890, 1.99861
1.99771, 2.00729, 1.98932, 1.99699
1.99519, 2.00065, 1.98860, 1.99187
1.99395, 1.99744, 1.98820, 1.99130
1.99063, 1.99360, 1.97210, 1.97435
1.97404, 1.97921, 1.97020, 1.97274
1.97266, 1.97729, 1.96790, 1.97198
1.97148, 1.97753, 1.96044, 1.96143
1.96296, 1.96916, 1.96056, 1.96489
1.96480, 1.96617, 1.94860, 1.95127
1.95097, 1.95553, 1.94683, 1.94707
1.94668, 1.95147, 1.94072, 1.94435
1.94443, 1.94718, 1.93399, 1.93745
1.93342, 1.94152, 1.93220, 1.93823
1.93796, 1.94476, 1.93396, 1.94087
1.94082, 1.94226, 1.93547, 1.93955
1.93944, 1.94698, 1.93607, 1.94609
1.94588, 1.95100, 1.93886, 1.94436
1.94122, 1.94810, 1.94037, 1.94391
1.94343, 1.95087, 1.93761, 1.94515
1.94505, 1.95030, 1.94335, 1.94636
1.94590, 1.95065, 1.93938, 1.94955
1.94936, 1.95643, 1.94640, 1.95074
1.95045, 1.95370, 1.94049, 1.94190
1.94089, 1.95062, 1.93780, 1.94873
1.94864, 1.95203, 1.93900, 1.94417
1.94303, 1.95118, 1.93658, 1.94049
1.94032, 1.95306, 1.93735, 1.94879
1.94626, 1.95791, 1.94310, 1.95327
1.95293, 1.96235, 1.94246, 1.94447
1.94438, 1.95679, 1.94283, 1.95517
1.95472, 1.96112, 1.94826, 1.95229
1.95191, 1.95776, 1.94676, 1.95144
1.95118, 1.95676, 1.94797, 1.95336
1.95316, 1.96118, 1.95227, 1.95766
1.95680, 1.97111, 1.95222, 1.96460
1.96400, 1.96724, 1.95850, 1.96431
1.96382, 1.96860, 1.95948, 1.96502
1.96632, 1.97050, 1.95689, 1.95958
1.95947, 1.96227, 1.95286, 1.95986
1.95947, 1.96582, 1.95167, 1.96057
1.96039, 1.96127, 1.94183, 1.94291
1.94289, 1.94993, 1.93777, 1.94230
1.94250, 1.94718, 1.93568, 1.93656
1.93622, 1.93815, 1.92478, 1.92779
1.92742, 1.92984, 1.91728, 1.91948
1.91890, 1.92961, 1.91551, 1.92707
1.92688, 1.93066, 1.91764, 1.92418
1.91960, 1.92819, 1.91835, 1.92057
1.92053, 1.92634, 1.91804, 1.92146
1.92073, 1.92470, 1.91254, 1.91575
1.91556, 1.91895, 1.91183, 1.91503
1.91503, 1.92582, 1.90894, 1.91036
1.90946, 1.90986, 1.89846, 1.89960
1.89999, 1.91807, 1.89965, 1.91084
1.91069, 1.91663, 1.90640, 1.91069
1.91105, 1.91380, 1.89497, 1.89860
1.89854, 1.90602, 1.89310, 1.89503
1.89429, 1.89882, 1.88512, 1.89233
1.89193, 1.90466, 1.89057, 1.90090
1.90088, 1.90895, 1.89657, 1.89852
1.89840, 1.91025, 1.89637, 1.90330
1.90319, 1.91004, 1.89796, 1.90347
1.90441, 1.90729, 1.89704, 1.90430
1.90403, 1.92121, 1.90170, 1.92035
1.92013, 1.92863, 1.91534, 1.92746
1.92705, 1.92807, 1.91270, 1.91496
1.91430, 1.92283, 1.91330, 1.92071
1.92038, 1.92650, 1.91401, 1.92482
1.92435, 1.93312, 1.92230, 1.92429
1.92336, 1.94253, 1.92233, 1.93871
1.93791, 1.94586, 1.93501, 1.94171
1.94108, 1.96043, 1.94096, 1.95743
1.95153, 1.95888, 1.94931, 1.95005
1.94926, 1.96316, 1.94515, 1.94865
1.94893, 1.95092, 1.93964, 1.94830
1.94806, 1.95901, 1.94610, 1.94967
1.94961, 1.96203, 1.94834, 1.96041
1.95636, 1.96656, 1.95569, 1.96257
1.96228, 1.96891, 1.94936, 1.94963
1.94926, 1.95434, 1.93642, 1.93845
1.93830, 1.94751, 1.93528, 1.94394
1.94414, 1.95252, 1.94350, 1.95102
1.94803, 1.96316, 1.94715, 1.95546
1.95520, 1.96235, 1.95272, 1.96132
1.96109, 1.96933, 1.95258, 1.95346
1.95330, 1.96143, 1.94570, 1.95814
1.95745, 1.96888, 1.95712, 1.96367
1.96215, 1.97009, 1.96154, 1.96670
1.96528, 1.96881, 1.95752, 1.95836
1.95731, 1.96552, 1.95692, 1.95954
1.95914, 1.97351, 1.95543, 1.96404
1.96478, 1.96815, 1.96199, 1.96485
1.95956, 1.97616, 1.95956, 1.97162
1.97060, 1.97709, 1.96933, 1.97268
1.97299, 1.97791, 1.97097, 1.97476
1.97405, 1.97846, 1.96964, 1.97500
1.97475, 1.98005, 1.97088, 1.97527
1.97660, 1.98699, 1.97209, 1.98509
1.98343, 1.99358, 1.98069, 1.98610
1.98643, 1.99571, 1.98167, 1.99359
1.99357, 2.00768, 1.99278, 2.00479
2.00420, 2.00949, 2.00324, 2.00491
2.00159, 2.01165, 2.00155, 2.00667
2.00606, 2.01370, 2.00503, 2.00834
2.00835, 2.01317, 1.99879, 2.00050
1.99967, 2.00294, 1.99308, 1.99591
1.99595, 2.01070, 1.99546, 2.00852
2.00734, 2.01297, 2.00235, 2.00642
2.00573, 2.01499, 2.00310, 2.00718
2.00701, 2.00886, 2.00219, 2.00617
2.00565, 2.01597, 2.00427, 2.01143
2.01103, 2.02270, 2.01003, 2.01777
2.01728, 2.02069, 2.01216, 2.01236
2.01233, 2.02330, 2.00892, 2.01910
2.01811, 2.02525, 2.01548, 2.02300
2.02256, 2.03564, 2.02014, 2.03171
2.03206, 2.04982, 2.03052, 2.04627
2.04404, 2.04803, 2.03631, 2.04388
2.04288, 2.04799, 2.03429, 2.03611
2.03633, 2.04754, 2.03371, 2.04534
2.04487, 2.05293, 2.03594, 2.03986
2.04023, 2.05257, 2.03597, 2.04404
2.04353, 2.04839, 2.03793, 2.03966
2.03899, 2.04385, 2.03355, 2.03723
2.03633, 2.03998, 2.02182, 2.02530
2.02497, 2.03483, 2.02276, 2.03063
2.03022, 2.04225, 2.02895, 2.03937
2.03849, 2.04888, 2.03765, 2.04456
2.04320, 2.04784, 2.03690, 2.03877
2.03861, 2.04249, 2.03147, 2.03199
2.03180, 2.03624, 2.02603, 2.03382
2.03432, 2.03536, 2.02439, 2.02954
2.02834, 2.03335, 2.02121, 2.02891
2.02841, 2.03258, 2.00885, 2.01685
2.01668, 2.01801, 1.99597, 1.99966
1.99901, 2.01242, 1.99480, 1.99732
1.99700, 2.00308, 1.98403, 1.98696
1.98970, 2.00013, 1.97817, 1.97968
1.97942, 1.98622, 1.96732, 1.97115
1.97109, 1.97535, 1.96181, 1.97359
1.97418, 1.97880, 1.96003, 1.96274
1.96109, 1.96794, 1.92434, 1.92814
1.92720, 1.93117, 1.90441, 1.91949
1.91887, 1.92746, 1.91412, 1.92391
1.92354, 1.92847, 1.91919, 1.92647
1.92598, 1.93130, 1.90398, 1.90517
1.90542, 1.91694, 1.90451, 1.91460
1.91471, 1.92844, 1.91401, 1.92655
1.92646, 1.93646, 1.92262, 1.92560
1.92541, 1.93397, 1.91852, 1.92278
1.92341, 1.92926, 1.90739, 1.91060
1.90954, 1.91207, 1.90510, 1.90658
1.90804, 1.91604, 1.90184, 1.91117
1.91120, 1.91454, 1.90076, 1.90423
1.90406, 1.91107, 1.88939, 1.89285
1.89271, 1.89965, 1.89176, 1.89305
1.89283, 1.89891, 1.88871, 1.89269
1.89430, 1.89946, 1.89028, 1.89799
1.89754, 1.91032, 1.88484, 1.88703
1.88667, 1.88820, 1.87969, 1.88193
1.88141, 1.89581, 1.88111, 1.89422
1.89413, 1.89940, 1.88803, 1.89374
1.89069, 1.89723, 1.88201, 1.88628
1.88608, 1.88885, 1.87091, 1.88154
1.88397, 1.89230, 1.87573, 1.88855
1.88813, 1.89857, 1.88677, 1.89637
1.89638, 1.90552, 1.89472, 1.90279
1.90028, 1.90982, 1.89887, 1.90799
1.90755, 1.91135, 1.89164, 1.89685
1.89607, 1.93228, 1.88447, 1.92877
1.92869, 1.93015, 1.91841, 1.92617
1.92598, 1.93055, 1.92288, 1.92800
1.92450, 1.93699, 1.92450, 1.93184
1.93185, 1.93452, 1.92485, 1.92952
1.92881, 1.93180, 1.91457, 1.91896
1.91770, 1.93719, 1.91544, 1.93447
1.93406, 1.94690, 1.92639, 1.93367
1.93445, 1.94312, 1.92265, 1.92359
1.92347, 1.92641, 1.91183, 1.91516
1.91517, 1.91965, 1.90770, 1.91653
1.91625, 1.93176, 1.91422, 1.91958
1.91852, 1.94940, 1.91569, 1.94698
1.94483, 1.95537, 1.93959, 1.94070
1.94017, 1.95377, 1.93518, 1.94048
1.94071, 1.94486, 1.92326, 1.93072
1.92953, 1.93093, 1.90323, 1.92188
1.92244, 1.92730, 1.91342, 1.92448
1.92571, 1.95049, 1.92490, 1.94980
1.94963, 1.96174, 1.94620, 1.95655
1.95640, 1.95940, 1.94122, 1.94490
1.94428, 1.95984, 1.94360, 1.95663
1.95646, 1.95753, 1.94725, 1.94902
1.94970, 1.96464, 1.94638, 1.95125
1.95111, 1.96709, 1.94674, 1.96338
1.96310, 1.96559, 1.94835, 1.96018
1.95931, 1.96233, 1.94726, 1.95309
1.95273, 1.95609, 1.94605, 1.94778
1.94776, 1.95051, 1.93790, 1.94554
1.94457, 1.95546, 1.93759, 1.93917
1.93834, 1.94714, 1.92451, 1.94159
1.94090, 1.94907, 1.93952, 1.94482
1.94409, 1.94884, 1.92866, 1.93136
1.93045, 1.93535, 1.92777, 1.92797
1.92796, 1.93779, 1.92546, 1.93318
1.93227, 1.94166, 1.91978, 1.92477
1.92404, 1.93013, 1.91534, 1.91637
1.91630, 1.92396, 1.91393, 1.91860
1.91578, 1.93266, 1.91563, 1.92990
1.92935, 1.94660, 1.92673, 1.93883
1.93814, 1.94764, 1.93688, 1.94366
1.94319, 1.95987, 1.93872, 1.95699
1.95622, 1.95714, 1.93368, 1.93679
1.93859, 1.94208, 1.93031, 1.93715
1.93655, 1.94528, 1.92530, 1.92933
1.92898, 1.93832, 1.92602, 1.93581
1.93613, 1.95093, 1.92461, 1.94035
1.94027, 1.94750, 1.93430, 1.93434
1.93622, 1.93680, 1.92413, 1.93261
1.93284, 1.94024, 1.93168, 1.93798
1.93743, 1.96254, 1.93636, 1.95030
1.95010, 1.95828, 1.94501, 1.95272
1.95268, 1.95331, 1.94013, 1.94314
1.94246, 1.95213, 1.94025, 1.94622
1.94525, 1.95276, 1.94397, 1.95191
1.95153, 1.95908, 1.94588, 1.94717
1.94700, 1.95576, 1.94402, 1.94984
1.94992, 1.96320, 1.93941, 1.94757
1.94957, 1.95272, 1.93910, 1.94815
1.94789, 1.95779, 1.93594, 1.93717
1.93626, 1.94162, 1.92243, 1.93807
1.93742, 1.94743, 1.93075, 1.94502
1.94515, 1.95196, 1.93745, 1.94276
1.94396, 1.95024, 1.93765, 1.94433
1.94425, 1.94612, 1.93196, 1.93853
1.93811, 1.94790, 1.93427, 1.93855
1.93789, 1.94489, 1.92845, 1.93031
1.92955, 1.93254, 1.92104, 1.92657
1.92799, 1.94614, 1.91866, 1.94111
1.94124, 1.94336, 1.92516, 1.92646
1.92610, 1.92813, 1.91342, 1.92220
1.92184, 1.93065, 1.91705, 1.91832
1.91818, 1.92460, 1.90629, 1.91889
1.91751, 1.92712, 1.91550, 1.92232
1.92203, 1.93178, 1.91935, 1.92981
1.92935, 1.94445, 1.92730, 1.93968
1.93928, 1.94371, 1.93037, 1.93443
1.93454, 1.94272, 1.92902, 1.93496
1.93487, 1.93788, 1.92827, 1.93396
1.93280, 1.94559, 1.92987, 1.94353
1.94361, 1.95375, 1.93422, 1.93550
1.93429, 1.93694, 1.91477, 1.92840
1.92797, 1.93510, 1.92679, 1.93301
1.92910, 1.93658, 1.91943, 1.92006
1.92052, 1.92973, 1.91934, 1.91997
1.91940, 1.92295, 1.90289, 1.90683
1.90686, 1.90849, 1.89307, 1.89651
1.89613, 1.89726, 1.87856, 1.87947
1.87915, 1.90139, 1.87816, 1.89305
1.89253, 1.91026, 1.89167, 1.90581
1.90529, 1.92354, 1.89738, 1.91743
1.91657, 1.92401, 1.90510, 1.90559
1.90496, 1.91689, 1.90375, 1.91499
1.91244, 1.91574, 1.90127, 1.90606
1.90538, 1.90671, 1.89629, 1.90353
1.90307, 1.91010, 1.90151, 1.90469
1.90439, 1.90826, 1.89472, 1.90063
1.89977, 1.91454, 1.89893, 1.91178
1.91318, 1.91395, 1.90080, 1.90131
1.90090, 1.90602, 1.89452, 1.90078
1.90087, 1.90263, 1.89222, 1.89785
1.89795, 1.90415, 1.89255, 1.89802
1.89745, 1.90687, 1.88007, 1.88241
1.88764, 1.89043, 1.87970, 1.88947
1.88839, 1.90940, 1.88839, 1.90627
1.90611, 1.91190, 1.89546, 1.89842
1.89760, 1.90703, 1.89502, 1.89933
1.89877, 1.89972, 1.89014, 1.89685
1.91015, 1.91015, 1.89667, 1.90260
1.90247, 1.92020, 1.90060, 1.91497
1.91491, 1.92991, 1.91369, 1.92156
1.91983, 1.92235, 1.91375, 1.92133
1.92151, 1.92392, 1.90473, 1.90493
1.90474, 1.92132, 1.90380, 1.91773
1.91728, 1.93734, 1.91509, 1.92956
1.92886, 1.93190, 1.91836, 1.92489
1.92424, 1.93800, 1.92263, 1.92510
1.92453, 1.93127, 1.88614, 1.88694
1.87764, 1.90614, 1.81628, 1.89560
1.89555, 1.90645, 1.88597, 1.90395
1.90337, 1.92432, 1.87754, 1.89914
1.89865, 1.94444, 1.89259, 1.94050
1.93976, 1.99619, 1.93762, 1.99327
1.99222, 1.99563, 1.96905, 1.97772
1.97775, 2.00488, 1.97437, 2.00149
2.00229, 2.00405, 1.97037, 1.97368
1.97222, 1.98003, 1.95472, 1.97144
1.97035, 1.98363, 1.96532, 1.97740
1.97625, 1.99017, 1.97174, 1.98557
1.98507, 1.99179, 1.96163, 1.96427
1.96413, 1.98143, 1.95700, 1.97740
1.97725, 2.02642, 1.97270, 2.00776
2.00720, 2.01647, 1.98639, 2.00898
2.01362, 2.03139, 2.00920, 2.01527
2.01492, 2.01552, 1.98047, 1.98965
1.98924, 1.99235, 1.97560, 1.97686
1.97678, 1.99025, 1.96447, 1.97761
1.97719, 1.98096, 1.95561, 1.95996
1.96823, 1.99722, 1.96254, 1.97994
1.97881, 1.99730, 1.97276, 1.99258
1.99198, 1.99793, 1.98499, 1.99155
1.99066, 1.99755, 1.97634, 1.98307
1.98238, 2.00062, 1.97134, 1.99555
1.99680, 1.99988, 1.97021, 1.97227
1.97174, 1.97252, 1.95675, 1.96201
1.96239, 1.96874, 1.94463, 1.95496
1.95497, 1.96143, 1.92895, 1.93183
1.93153, 1.94104, 1.91231, 1.91633
1.92482, 1.94391, 1.91866, 1.93727
1.93766, 1.94266, 1.92762, 1.93674
1.93628, 1.94472, 1.92524, 1.92890
1.92847, 1.95110, 1.92757, 1.94189
1.94199, 1.94706, 1.92610, 1.93269
1.93660, 1.94087, 1.91960, 1.92796
1.92788, 1.94430, 1.91902, 1.92671
1.92595, 1.93835, 1.91821, 1.93651
1.93671, 1.94682, 1.93239, 1.93579
1.93495, 1.93695, 1.92135, 1.93103
1.92848, 1.93889, 1.92573, 1.93664
1.93636, 1.93925, 1.92604, 1.93074
1.93044, 1.93814, 1.92028, 1.92958
1.92923, 1.93720, 1.92755, 1.93269
1.93256, 1.94144, 1.93044, 1.93303
1.93862, 1.94525, 1.93456, 1.93860
1.93850, 1.94082, 1.92067, 1.92632
1.92592, 1.92959, 1.90991, 1.91457
1.91384, 1.92713, 1.90904, 1.92272
1.92244, 1.92525, 1.91258, 1.91667
1.91666, 1.93023, 1.91151, 1.92946
1.92821, 1.93487, 1.91910, 1.91956
1.91865, 1.92435, 1.91148, 1.92050
1.91948, 1.92542, 1.91445, 1.91714
1.91693, 1.92207, 1.90923, 1.91055
1.90950, 1.92776, 1.90896, 1.92088
1.92154, 1.92405, 1.90658, 1.91186
1.91163, 1.92930, 1.91047, 1.92346
1.92331, 1.93871, 1.91809, 1.91930
1.91909, 1.92233, 1.90187, 1.90187
1.90275, 1.91412, 1.90210, 1.90691
1.90689, 1.92366, 1.90642, 1.91834
1.91804, 1.93187, 1.91576, 1.91867
1.91782, 1.92788, 1.91303, 1.92618
1.92450, 1.92862, 1.91302, 1.91607
1.91497, 1.93163, 1.91251, 1.91692
1.91421, 1.92343, 1.90732, 1.91651
1.90851, 1.92003, 1.90076, 1.90374
1.90301, 1.91180, 1.89508, 1.89859
1.89804, 1.90710, 1.89341, 1.90324
1.90360, 1.90707, 1.89749, 1.90298
1.90319, 1.92407, 1.89794, 1.91389
1.91270, 1.91802, 1.89923, 1.91418
1.91413, 1.92118, 1.90349, 1.91133
1.90731, 1.91531, 1.90109, 1.90378
1.90343, 1.91262, 1.89646, 1.91205
1.90996, 1.91352, 1.90443, 1.90709
1.90554, 1.91407, 1.90312, 1.90748
1.90712, 1.91799, 1.90304, 1.90868
1.90773, 1.92108, 1.90562, 1.91511
1.91271, 1.91708, 1.90545, 1.91051
1.90835, 1.91704, 1.90296, 1.91051
1.90955, 1.91971, 1.89804, 1.91532
1.91507, 1.94039, 1.91345, 1.93646
1.93645, 1.93812, 1.91367, 1.91441
1.91573, 1.92059, 1.90391, 1.90689
1.90571, 1.90931, 1.89056, 1.89624
1.89671, 1.91517, 1.89346, 1.91386
1.91257, 1.91605, 1.90586, 1.91200
1.91149, 1.91271, 1.90446, 1.90797
1.90931, 1.91220, 1.90496, 1.90888
1.90806, 1.91997, 1.90101, 1.91256
1.91142, 1.91759, 1.90050, 1.90130
1.90114, 1.90384, 1.88365, 1.88711
1.88702, 1.90584, 1.88339, 1.90455
1.90582, 1.91816, 1.90204, 1.90617
1.90564, 1.90915, 1.89640, 1.90346
1.90282, 1.91660, 1.90061, 1.91408
1.91327, 1.91689, 1.90102, 1.91482
1.91488, 1.91887, 1.90967, 1.91021
1.90919, 1.91357, 1.89941, 1.90872
1.90735, 1.92738, 1.90594, 1.92095
1.91963, 1.93031, 1.91163, 1.91539
1.91453, 1.92166, 1.90967, 1.91556
1.91484, 1.92892, 1.91441, 1.92811
1.92647, 1.93233, 1.92164, 1.92472
1.92476, 1.95090, 1.92171, 1.94888
1.94730, 1.95232, 1.93433, 1.93645
1.93576, 1.93656, 1.92806, 1.92919
1.92757, 1.94199, 1.92586, 1.93629
1.93597, 1.95601, 1.93499, 1.95586
1.95437, 1.96756, 1.94233, 1.94365
1.94213, 1.94888, 1.91754, 1.92159
1.92073, 1.92820, 1.91802, 1.92085
1.92006, 1.93570, 1.91883, 1.93440
1.93253, 1.94608, 1.93226, 1.94035
1.94040, 1.94279, 1.93229, 1.93595
1.93504, 1.94088, 1.92998, 1.93900
1.93785, 1.95448, 1.93460, 1.95401
1.95362, 1.96601, 1.95065, 1.96088
1.96528, 1.96775, 1.94209, 1.95680
1.95732, 1.95939, 1.94695, 1.94902
1.94902, 1.95876, 1.94324, 1.95329
1.95380, 1.96576, 1.95079, 1.95484
1.95483, 1.95641, 1.94034, 1.94173
1.94294, 1.96573, 1.94020, 1.96299
1.96268, 1.98134, 1.96227, 1.97141
1.97134, 1.97942, 1.96189, 1.96983
1.97048, 1.97184, 1.95752, 1.96441
1.96418, 1.97327, 1.96322, 1.97134
1.96931, 1.98557, 1.96834, 1.98275
1.98099, 1.98337, 1.97255, 1.97307
1.97259, 1.98173, 1.96568, 1.97829
1.97665, 1.98364, 1.97552, 1.97738
1.97686, 1.97979, 1.96890, 1.97047
1.96880, 1.97802, 1.96711, 1.97136
1.97019, 1.98769, 1.96587, 1.98041
1.97950, 1.98196, 1.95741, 1.97187
1.97162, 1.99285, 1.97033, 1.99114
1.99062, 1.99567, 1.98160, 1.98543
1.98423, 1.99449, 1.98356, 1.99033
1.99026, 2.00872, 1.98712, 2.00580
2.00547, 2.01010, 1.99647, 2.00840
2.00755, 2.01281, 1.98424, 1.98785
1.98757, 2.00224, 1.98257, 1.99899
1.99776, 2.00943, 1.99699, 2.00139
2.00010, 2.00395, 1.99817, 2.00073
2.00026, 2.01176, 1.99863, 2.00611
2.00435, 2.02050, 2.00241, 2.01369
2.01336, 2.02844, 2.01131, 2.02599
2.02470, 2.02895, 2.02250, 2.02401
2.02326, 2.02568, 2.01460, 2.02121
2.02035, 2.03904, 2.01773, 2.03791
2.03737, 2.03898, 2.02530, 2.03202
2.03120, 2.03672, 2.02637, 2.03191
2.03065, 2.03542, 2.02316, 2.02551
2.02507, 2.02548, 2.00560, 2.00776
2.00695, 2.01676, 1.99815, 2.01559
2.01526, 2.02483, 1.99906, 2.00136
2.00085, 2.00910, 1.99556, 2.00612
2.00533, 2.00681, 1.98657, 1.98818
1.98785, 1.99635, 1.98438, 1.99170
1.99170, 1.99478, 1.98234, 1.98271
1.98229, 1.98820, 1.97904, 1.98593
1.98513, 2.01579, 1.98239, 2.01010
2.00870, 2.01485, 2.00327, 2.00701
2.00632, 2.00771, 2.00018, 2.00334
2.00224, 2.00450, 1.98906, 1.99813
1.99693, 2.00106, 1.98935, 1.99275
1.99233, 1.99305, 1.97692, 1.98172
1.98276, 1.98676, 1.97741, 1.97769
1.97715, 1.98794, 1.97451, 1.98651
1.98525, 2.02948, 1.98364, 2.02287
2.02191, 2.03981, 2.02073, 2.03203
2.03094, 2.04362, 2.02913, 2.04147
2.03612, 2.04234, 2.03500, 2.03992
2.03806, 2.05727, 2.03524, 2.05320
2.05225, 2.06940, 2.05100, 2.06572
2.06529, 2.07362, 2.06238, 2.06300
2.06179, 2.06714, 2.05165, 2.05358
2.04955, 2.05576, 2.04163, 2.04780
2.04441, 2.05052, 2.03921, 2.04337
2.04268, 2.06053, 2.04006, 2.05969
2.05805, 2.06170, 2.04964, 2.06021
2.05911, 2.06168, 2.04838, 2.05136
2.04943, 2.05602, 2.04086, 2.04346
2.04240, 2.05206, 2.03913, 2.05039
2.04923, 2.05234, 2.03415, 2.03955
2.03833, 2.05487, 2.03569, 2.04961
2.04835, 2.06415, 2.04625, 2.05356
2.05576, 2.06884, 2.05525, 2.06256
2.06121, 2.07304, 2.05792, 2.06913
2.06819, 2.07487, 2.05505, 2.05750
2.05695, 2.06432, 2.04941, 2.06286
2.06240, 2.07975, 2.05877, 2.06902
2.06678, 2.07157, 2.05671, 2.06174
2.06055, 2.06846, 2.05531, 2.06834
2.06748, 2.09000, 2.06461, 2.07988
2.07896, 2.08295, 2.07353, 2.07718
2.07656, 2.08150, 2.06717, 2.06745
2.06872, 2.07129, 2.05924, 2.06132
2.06095, 2.06591, 2.04902, 2.05315
2.05202, 2.05584, 2.04917, 2.05551
2.05446, 2.06965, 2.04480, 2.06872
2.06796, 2.07194, 2.05944, 2.06668
2.06391, 2.07372, 2.06391, 2.07062
2.06970, 2.09173, 2.06786, 2.08596
2.08463, 2.08964, 2.05913, 2.06215
2.06135, 2.06428, 2.04820, 2.05409
2.05371, 2.05991, 2.04850, 2.05438
2.05594, 2.06959, 2.05462, 2.06661
2.06536, 2.08925, 2.06372, 2.07795
2.07664, 2.08270, 2.06127, 2.06564
2.06444, 2.06773, 2.04917, 2.06364
2.06256, 2.08534, 2.06190, 2.08323
2.07997, 2.08846, 2.06418, 2.06610
2.06575, 2.07395, 2.06009, 2.07346
2.07170, 2.08363, 2.06956, 2.08361
2.08256, 2.08418, 2.06530, 2.06922
2.06858, 2.09180, 2.06563, 2.08575
2.08548, 2.08834, 2.06421, 2.06690
2.06535, 2.08318, 2.06307, 2.07710
2.07642, 2.09576, 2.06973, 2.09007
2.08923, 2.09601, 2.07895, 2.09070
2.08949, 2.09265, 2.08392, 2.08940
2.08912, 2.09559, 2.08408, 2.09337
2.09218, 2.10575, 2.09063, 2.10108
2.09990, 2.10615, 2.09523, 2.10103
2.09975, 2.10493, 2.09466, 2.10452
2.10326, 2.12316, 2.10132, 2.12087
2.11799, 2.12757, 2.11714, 2.12240
2.12156, 2.13482, 2.11741, 2.13424
2.13316, 2.14468, 2.12571, 2.14354
2.14243, 2.15313, 2.14013, 2.15104
2.14386, 2.14386, 2.14386, 2.14386