1.83860, 1.84120, 1.81000, 1.82690
1.82660, 1.83580, 1.80100, 1.83050
1.83130, 1.86190, 1.82660, 1.85950
1.86020, 1.87540, 1.84750, 1.87330
1.87280, 1.87720, 1.82970, 1.83160
1.83190, 1.84490, 1.80820, 1.81950
1.81920, 1.84660, 1.81470, 1.84130
1.84280, 1.84580, 1.81310, 1.84340
1.84320, 1.84660, 1.81560, 1.81970
1.81860, 1.82100, 1.78800, 1.79040
1.79010, 1.80670, 1.77360, 1.77640
1.77660, 1.80270, 1.77070, 1.79640
1.79820, 1.80380, 1.77380, 1.79310
1.79250, 1.80850, 1.78140, 1.80550
1.80570, 1.81610, 1.79270, 1.79850
1.79910, 1.79910, 1.77440, 1.79450
1.79490, 1.80670, 1.78390, 1.80410
1.80420, 1.83190, 1.79220, 1.82800
1.82830, 1.84500, 1.81940, 1.83600
1.83850, 1.85610, 1.82960, 1.85430
1.85480, 1.86170, 1.83750, 1.85610
1.85560, 1.86350, 1.84370, 1.85690
1.85800, 1.90350, 1.85180, 1.89380
1.89380, 1.94440, 1.88480, 1.94360
1.94210, 1.95070, 1.90130, 1.91470
1.90820, 1.95490, 1.90620, 1.94160
1.94480, 1.95060, 1.90970, 1.92370
1.92300, 1.94170, 1.91170, 1.91810
1.91940, 1.92000, 1.86430, 1.87060
1.87070, 1.89370, 1.86370, 1.87040
1.86980, 1.88260, 1.85240, 1.87690
1.87840, 1.89280, 1.86240, 1.88790
1.88720, 1.89190, 1.87260, 1.87570
1.87300, 1.87570, 1.84930, 1.86830
1.86890, 1.89750, 1.86410, 1.89420
1.89290, 1.91950, 1.89060, 1.91930
1.91780, 1.92710, 1.90420, 1.92260
1.92300, 1.93240, 1.91110, 1.92600
1.92550, 1.92920, 1.90950, 1.92210
1.92030, 1.92180, 1.86580, 1.87030
1.87020, 1.89700, 1.85910, 1.88210
1.88170, 1.88580, 1.86680, 1.88510
1.88520, 1.89730, 1.87380, 1.89250
1.89140, 1.92160, 1.88780, 1.91430
1.91430, 1.91730, 1.89880, 1.90860
1.90820, 1.90860, 1.88840, 1.89060
1.89000, 1.89120, 1.84800, 1.85060
1.85030, 1.85090, 1.82310, 1.82680
1.82700, 1.83580, 1.81850, 1.82400
1.82360, 1.82560, 1.80750, 1.81510
1.81400, 1.84020, 1.81060, 1.81200
1.81190, 1.83120, 1.80000, 1.83080
1.82970, 1.83300, 1.81220, 1.82450
1.82430, 1.83140, 1.76670, 1.76730
1.76800, 1.76800, 1.73090, 1.73780
1.73790, 1.77880, 1.73520, 1.75170
1.75150, 1.76160, 1.72800, 1.73880
1.73870, 1.76120, 1.73300, 1.75750
1.75770, 1.78310, 1.75380, 1.77910
1.77760, 1.81760, 1.77250, 1.81490
1.81440, 1.81710, 1.78900, 1.79440
1.79610, 1.80970, 1.79050, 1.80030
1.80060, 1.84460, 1.78190, 1.84180
1.84180, 1.85010, 1.83190, 1.83940
1.84010, 1.84260, 1.80180, 1.80830
1.80770, 1.81460, 1.77450, 1.77520
1.77420, 1.78010, 1.75650, 1.76420
1.76490, 1.78110, 1.75110, 1.76090
1.76030, 1.77060, 1.73900, 1.76820
1.76860, 1.77970, 1.74220, 1.76820
1.76800, 1.79030, 1.76320, 1.77300
1.77360, 1.78230, 1.74560, 1.74890
1.74770, 1.75170, 1.73270, 1.74150
1.74170, 1.74960, 1.70970, 1.71730
1.71730, 1.72860, 1.70630, 1.71430
1.71330, 1.73780, 1.70460, 1.73250
1.73150, 1.75660, 1.72700, 1.75450
1.75020, 1.78090, 1.74890, 1.77280
1.76910, 1.77300, 1.73040, 1.73340
1.73390, 1.74070, 1.71270, 1.72260
1.72260, 1.77210, 1.71770, 1.77040
1.76800, 1.77810, 1.75200, 1.77660
1.77660, 1.77950, 1.75260, 1.77060
1.77010, 1.79330, 1.76650, 1.76710
1.76830, 1.78580, 1.75920, 1.76260
1.76270, 1.76410, 1.73740, 1.74400
1.74370, 1.74870, 1.72800, 1.74190
1.74070, 1.75550, 1.73480, 1.74550
1.74380, 1.75930, 1.73750, 1.75530
1.75590, 1.76230, 1.72300, 1.72590
1.72560, 1.75960, 1.72250, 1.75620
1.75580, 1.75860, 1.73090, 1.74210
1.74250, 1.75370, 1.73160, 1.73690
1.73660, 1.76150, 1.72490, 1.74260
1.74180, 1.75730, 1.73740, 1.75100
1.75110, 1.79340, 1.74620, 1.78220
1.78290, 1.82590, 1.77920, 1.82560
1.82470, 1.86520, 1.82040, 1.85900
1.86020, 1.89980, 1.85130, 1.89440
1.89440, 1.90240, 1.87000, 1.87940
1.87940, 1.88870, 1.85290, 1.85910
1.85910, 1.88690, 1.85580, 1.88200
1.88200, 1.88790, 1.83380, 1.83980
1.83980, 1.85590, 1.83150, 1.85010
1.85010, 1.85300, 1.81260, 1.81740
1.81740, 1.84990, 1.80740, 1.84800
1.84870, 1.85400, 1.83250, 1.85080
1.85060, 1.85220, 1.83080, 1.83800
1.83810, 1.85990, 1.81740, 1.85840
1.85900, 1.86760, 1.83840, 1.86350
1.86310, 1.91290, 1.86120, 1.90770
1.90740, 1.91450, 1.88660, 1.89010
1.89060, 1.90240, 1.87750, 1.88130
1.88080, 1.89980, 1.87990, 1.88700
1.88700, 1.90930, 1.88600, 1.90520
1.90490, 1.90800, 1.86270, 1.86500
1.86530, 1.89200, 1.86020, 1.88100
1.87930, 1.90630, 1.87350, 1.89950
1.89900, 1.90730, 1.86330, 1.87220
1.87220, 1.88990, 1.86730, 1.86870
1.86970, 1.87130, 1.85160, 1.85550
1.85520, 1.88590, 1.85230, 1.88310
1.88330, 1.90040, 1.86740, 1.89770
1.89550, 1.91360, 1.89440, 1.90110
1.90190, 1.91790, 1.89480, 1.91040
1.91000, 1.91520, 1.88340, 1.89410
1.89500, 1.93510, 1.89320, 1.93220
1.94610, 1.98480, 1.93060, 1.98100
1.97620, 1.98390, 1.95100, 1.95470
1.95160, 1.97290, 1.94660, 1.95210
1.95250, 1.97490, 1.94340, 1.95790
1.95690, 1.97590, 1.95140, 1.95860
1.95870, 1.97500, 1.92630, 1.92900
1.93040, 1.96080, 1.92610, 1.95900
1.95940, 1.97790, 1.95700, 1.97340
1.97400, 1.99160, 1.95550, 1.95920
1.95970, 1.97470, 1.94810, 1.96590
1.96610, 1.97330, 1.94560, 1.94900
1.94790, 1.96780, 1.94020, 1.94950
1.94960, 1.96530, 1.94310, 1.96330
1.96360, 1.96740, 1.94110, 1.94320
1.94290, 1.94500, 1.91820, 1.93180
1.93190, 1.95050, 1.92120, 1.94230
1.94120, 1.97270, 1.93820, 1.96130
1.96120, 1.97220, 1.95460, 1.96780
1.96810, 1.98240, 1.96350, 1.96500
1.96540, 1.98870, 1.95910, 1.98580
1.98580, 2.01330, 1.98520, 2.00190
2.00480, 2.00620, 1.98640, 1.99760
1.99600, 2.00750, 1.98430, 1.99180
1.99410, 1.99990, 1.97620, 1.98140
1.98110, 1.98740, 1.97000, 1.97450
1.97490, 1.98950, 1.96750, 1.98360
1.98390, 1.99000, 1.97340, 1.98220
1.98170, 1.99680, 1.96220, 1.97000
1.96980, 1.97840, 1.96500, 1.97590
1.97590, 1.99960, 1.97450, 1.99890
1.99860, 2.00870, 1.99290, 2.00860
2.00820, 2.02060, 2.00580, 2.01070
2.01170, 2.03660, 2.00970, 2.03400
2.03340, 2.05870, 2.03100, 2.05590
2.05600, 2.06530, 2.02240, 2.02400
2.02400, 2.04620, 2.01820, 2.04000
2.03950, 2.04620, 2.01520, 2.02180
2.02150, 2.02590, 1.96510, 1.98040
1.98040, 2.01490, 1.97430, 2.01410
2.01360, 2.02340, 1.99580, 2.01680
2.01720, 2.03250, 2.00420, 2.02850
2.02770, 2.03660, 2.00530, 2.00720
2.00540, 2.02140, 1.98790, 2.02000
2.02100, 2.04890, 2.00850, 2.04710
2.04570, 2.04940, 2.02770, 2.04190
2.04170, 2.04800, 2.02470, 2.03580
2.03440, 2.05240, 2.02860, 2.05140
2.05390, 2.05730, 2.02580, 2.05180
2.05500, 2.08970, 2.05180, 2.08930
2.08910, 2.11620, 2.07810, 2.08990
2.08580, 2.08990, 2.03520, 2.05440
2.05410, 2.07650, 2.04510, 2.06240
2.06020, 2.08330, 2.05330, 2.05590
2.05460, 2.06790, 2.01790, 2.03000
2.03020, 2.05820, 2.01460, 2.01740
2.01450, 2.02280, 1.98090, 1.98340
1.98350, 2.00230, 1.96950, 1.99590
1.99470, 2.01020, 1.96730, 1.97350
1.97380, 1.98290, 1.94830, 1.95640
1.95780, 1.97920, 1.95120, 1.95500
1.95750, 1.98480, 1.93360, 1.98260
1.98260, 1.99580, 1.96440, 1.96480
1.96530, 1.97870, 1.93880, 1.94550
1.94590, 1.97390, 1.94020, 1.96080
1.95710, 1.97090, 1.93620, 1.96650
1.96920, 1.99710, 1.96160, 1.98880
1.98870, 2.02170, 1.97200, 2.01300
2.01460, 2.03980, 1.99950, 2.01890
2.01760, 2.02730, 1.97350, 1.98110
1.98150, 2.01930, 1.97560, 1.99380
1.99570, 2.00470, 1.97280, 1.99320
1.99520, 1.99520, 1.96490, 1.96860
1.96520, 1.99980, 1.95990, 1.99750
1.99630, 2.00270, 1.96760, 1.98570
1.98440, 1.99650, 1.96230, 1.97140
1.97250, 1.97840, 1.94590, 1.95350
1.95070, 1.96330, 1.93620, 1.95650
1.95670, 1.98520, 1.94530, 1.97970
1.97940, 1.98470, 1.96720, 1.98190
1.97300, 1.98190, 1.94610, 1.97080
1.96890, 1.98010, 1.94100, 1.94750
1.94950, 1.97910, 1.94510, 1.97590
1.97450, 1.99530, 1.95850, 1.99480
1.99450, 2.00070, 1.97940, 1.98190
1.98240, 1.99590, 1.96480, 1.98880
1.99070, 2.01550, 1.98110, 1.99830
1.99780, 2.00760, 1.98160, 1.99140
1.99170, 1.99680, 1.97250, 1.97510
1.97410, 1.97590, 1.91460, 1.92090
1.91200, 1.92560, 1.85120, 1.86590
1.86410, 1.87940, 1.85040, 1.85260
1.85050, 1.85900, 1.81730, 1.82080
1.81490, 1.81500, 1.75360, 1.76630
1.77800, 1.79760, 1.74450, 1.79400
1.80520, 1.83870, 1.77330, 1.83120
1.83330, 1.86690, 1.82610, 1.84420
1.83530, 1.84420, 1.75500, 1.77120
1.76860, 1.77190, 1.67700, 1.70430
1.71490, 1.76300, 1.69190, 1.72810
1.73250, 1.75170, 1.52590, 1.58990
1.58110, 1.66720, 1.52760, 1.60750
1.60770, 1.63980, 1.55300, 1.56440
1.58150, 1.58830, 1.45570, 1.47330
1.46510, 1.52490, 1.46390, 1.49180
1.49200, 1.55340, 1.48380, 1.53670
1.53630, 1.53990, 1.44670, 1.46820
1.47340, 1.51200, 1.46740, 1.49430
1.49540, 1.57210, 1.48120, 1.49260
1.49260, 1.51930, 1.45580, 1.45580
1.46590, 1.48240, 1.43510, 1.45460
1.45400, 1.53740, 1.44250, 1.51620
1.51380, 1.51620, 1.44680, 1.47340
1.48310, 1.49090, 1.35020, 1.37940
1.37310, 1.45440, 1.35470, 1.45350
1.44700, 1.48450, 1.40520, 1.47830
1.47880, 1.49860, 1.41350, 1.43510
1.42090, 1.44820, 1.40930, 1.44310
1.44300, 1.46610, 1.41100, 1.43120
1.43120, 1.43120, 1.39570, 1.40900
1.40840, 1.41820, 1.36530, 1.39980
1.39630, 1.45970, 1.38430, 1.44620
1.44660, 1.47800, 1.42660, 1.43170
1.42520, 1.48460, 1.41100, 1.48360
1.48330, 1.49590, 1.45820, 1.46730
1.46320, 1.50680, 1.46000, 1.47940
1.47980, 1.48100, 1.43960, 1.46760
1.46690, 1.49480, 1.45140, 1.49190
1.49060, 1.52480, 1.48360, 1.52320
1.52270, 1.53530, 1.50600, 1.51750
1.51620, 1.59450, 1.51150, 1.59270
1.59100, 1.61990, 1.57770, 1.61860
1.61940, 1.66640, 1.59390, 1.59780
1.59560, 1.66220, 1.58020, 1.64410
1.64350, 1.65620, 1.61850, 1.64920
1.65070, 1.66020, 1.62090, 1.65230
1.65230, 1.67450, 1.63020, 1.63300
1.63200, 1.63810, 1.59830, 1.62110
1.62050, 1.64790, 1.60330, 1.63340
1.63220, 1.65860, 1.63100, 1.64250
1.64680, 1.67330, 1.63390, 1.67110
1.67180, 1.70430, 1.66510, 1.66830
1.66720, 1.67190, 1.63900, 1.65420
1.65080, 1.66250, 1.62750, 1.65070
1.64990, 1.65450, 1.61530, 1.62660
1.62640, 1.64140, 1.61130, 1.63900
1.63880, 1.67420, 1.63210, 1.66550
1.66770, 1.66880, 1.62300, 1.62700
1.62240, 1.64680, 1.59150, 1.59490
1.59650, 1.61260, 1.57700, 1.59480
1.59430, 1.61210, 1.58250, 1.58430
1.58340, 1.63990, 1.57080, 1.63550
1.63550, 1.66940, 1.62400, 1.63040
1.62900, 1.66040, 1.62500, 1.64600
1.64030, 1.66360, 1.62610, 1.66100
1.66580, 1.68430, 1.65150, 1.66700
1.66920, 1.68780, 1.64600, 1.65010
1.65030, 1.67460, 1.62700, 1.64990
1.64970, 1.67220, 1.63800, 1.64750
1.64680, 1.65160, 1.61660, 1.62610
1.62600, 1.64110, 1.60510, 1.61510
1.61170, 1.61650, 1.59210, 1.59630
1.59590, 1.62370, 1.58310, 1.61620
1.61040, 1.62420, 1.58960, 1.60220
1.60210, 1.63550, 1.60210, 1.62620
1.62620, 1.64580, 1.60770, 1.61120
1.61120, 1.62760, 1.59770, 1.59820
1.59810, 1.60700, 1.55580, 1.56380
1.55890, 1.57650, 1.55340, 1.56980
1.56980, 1.58160, 1.53450, 1.54700
1.54740, 1.55760, 1.51510, 1.52270
1.52270, 1.52270, 1.47800, 1.51350
1.51310, 1.52180, 1.48730, 1.52030
1.51690, 1.53820, 1.49780, 1.50110
1.50230, 1.51120, 1.47980, 1.48950
1.48950, 1.52990, 1.48920, 1.52040
1.52820, 1.53920, 1.51290, 1.53690
1.53670, 1.55230, 1.53360, 1.53600
1.52690, 1.54730, 1.51910, 1.53740
1.53780, 1.54980, 1.51250, 1.52670
1.53180, 1.53340, 1.44760, 1.48010
1.48700, 1.50550, 1.44950, 1.45310
1.45300, 1.45460, 1.42270, 1.44560
1.44560, 1.46110, 1.42580, 1.44530
1.44540, 1.47700, 1.43950, 1.44510
1.44520, 1.47590, 1.43460, 1.45490
1.45690, 1.48870, 1.45500, 1.48190
1.48190, 1.50770, 1.46880, 1.50560
1.50530, 1.52290, 1.48730, 1.51930
1.51930, 1.52410, 1.50500, 1.50630
1.50780, 1.54720, 1.49480, 1.52960
1.52760, 1.54490, 1.51230, 1.54240
1.54170, 1.57210, 1.54060, 1.56840
1.57040, 1.59980, 1.56930, 1.59420
1.59500, 1.59950, 1.55610, 1.55920
1.55950, 1.57030, 1.54620, 1.55340
1.55300, 1.56200, 1.53710, 1.55270
1.55200, 1.55760, 1.53260, 1.54500
1.54240, 1.55330, 1.52960, 1.53560
1.53550, 1.57280, 1.53470, 1.56260
1.56480, 1.58440, 1.55030, 1.58140
1.58150, 1.59230, 1.56690, 1.58180
1.57920, 1.60180, 1.57480, 1.59620
1.59410, 1.61060, 1.57550, 1.59910
1.59740, 1.60040, 1.56500, 1.56840
1.56790, 1.60440, 1.56610, 1.60350
1.60440, 1.62980, 1.59620, 1.61780
1.61940, 1.62120, 1.59520, 1.61120
1.61450, 1.61530, 1.58380, 1.59760
1.59700, 1.60840, 1.55750, 1.55840
1.55890, 1.57870, 1.54840, 1.57560
1.57570, 1.58620, 1.56550, 1.58000
1.57940, 1.59110, 1.54540, 1.55260
1.55050, 1.55760, 1.53560, 1.54220
1.54360, 1.56640, 1.53440, 1.56080
1.55490, 1.56460, 1.54050, 1.55430
1.55190, 1.58880, 1.54750, 1.58660
1.58620, 1.60580, 1.58350, 1.59960
1.59940, 1.60160, 1.57510, 1.58570
1.58470, 1.62780, 1.58200, 1.61100
1.60960, 1.61850, 1.59630, 1.60050
1.59850, 1.62630, 1.59810, 1.62500
1.62550, 1.62730, 1.60310, 1.61170
1.61090, 1.63440, 1.60720, 1.62660
1.62750, 1.63410, 1.59770, 1.60800
1.60890, 1.62560, 1.59780, 1.62290
1.62310, 1.64010, 1.60070, 1.60390
1.60000, 1.61510, 1.59360, 1.61100
1.61090, 1.64280, 1.60910, 1.63790
1.63720, 1.64260, 1.62270, 1.63220
1.63080, 1.65990, 1.61660, 1.65010
1.65260, 1.67450, 1.64310, 1.67040
1.67100, 1.67380, 1.63540, 1.63640
1.63510, 1.65170, 1.61460, 1.61930
1.62090, 1.63050, 1.61050, 1.62250
1.62240, 1.65120, 1.60580, 1.65030
1.64950, 1.65460, 1.62840, 1.64220
1.64060, 1.64720, 1.62110, 1.62190
1.62210, 1.64420, 1.60790, 1.61900
1.61600, 1.62630, 1.59380, 1.59560
1.59600, 1.61180, 1.59110, 1.60690
1.60570, 1.61390, 1.59310, 1.60560
1.60120, 1.61930, 1.57800, 1.61430
1.61080, 1.63380, 1.60050, 1.62960
1.63290, 1.64700, 1.62610, 1.64210
1.64230, 1.64750, 1.62240, 1.63880
1.64660, 1.64750, 1.61100, 1.62790
1.62770, 1.66180, 1.62560, 1.64630
1.64660, 1.65720, 1.62080, 1.63670
1.63490, 1.64540, 1.61310, 1.62140
1.61500, 1.62000, 1.58430, 1.58800
1.58320, 1.58850, 1.57060, 1.57870
1.57310, 1.57560, 1.53280, 1.54450
1.54770, 1.57160, 1.54320, 1.55790
1.55460, 1.56460, 1.52720, 1.55600
1.55570, 1.58520, 1.55270, 1.58170
1.58280, 1.59730, 1.56320, 1.59460
1.59310, 1.61520, 1.58900, 1.61240
1.61210, 1.61660, 1.58760, 1.60300
1.60660, 1.61290, 1.58680, 1.60630
1.60870, 1.60920, 1.56900, 1.58050
1.57960, 1.57970, 1.54230, 1.54370
1.54880, 1.57800, 1.54590, 1.55950
1.56250, 1.57700, 1.55610, 1.56670
1.56530, 1.56580, 1.54090, 1.55430
1.55420, 1.57740, 1.54650, 1.55850
1.55940, 1.56970, 1.53620, 1.55410
1.54970, 1.56700, 1.53750, 1.54250
1.54230, 1.55010, 1.52330, 1.53160
1.52780, 1.55760, 1.52750, 1.55730
1.55540, 1.57400, 1.55170, 1.57270
1.57310, 1.58830, 1.56540, 1.58110
1.58040, 1.59290, 1.57290, 1.57540
1.57760, 1.58620, 1.56440, 1.58210
1.58450, 1.58990, 1.56480, 1.58730
1.58830, 1.59920, 1.57990, 1.58320
1.58350, 1.58820, 1.56620, 1.56730
1.56630, 1.58610, 1.56020, 1.58410
1.58350, 1.59230, 1.57700, 1.58670
1.58730, 1.60370, 1.58000, 1.60160
1.60210, 1.60620, 1.58050, 1.58720
1.58860, 1.59840, 1.58090, 1.58440
1.58460, 1.61500, 1.58190, 1.61180
1.61210, 1.62790, 1.60760, 1.62630
1.62710, 1.63010, 1.61410, 1.61460
1.61350, 1.61980, 1.60610, 1.60650
1.60630, 1.61230, 1.57320, 1.58090
1.57970, 1.58480, 1.56300, 1.56640
1.56910, 1.57170, 1.52680, 1.53600
1.53590, 1.56010, 1.53210, 1.54690
1.55060, 1.57260, 1.54530, 1.57100
1.57030, 1.57770, 1.55560, 1.55800
1.55650, 1.57140, 1.54840, 1.57040
1.56960, 1.57220, 1.54600, 1.54850
1.54740, 1.55800, 1.53930, 1.55740
1.55760, 1.57370, 1.55160, 1.56180
1.56240, 1.57670, 1.54580, 1.57420
1.57350, 1.57500, 1.54900, 1.56370
1.56150, 1.57010, 1.55460, 1.56860
1.56710, 1.57440, 1.56360, 1.56940
1.57040, 1.59130, 1.56770, 1.58080
1.58190, 1.58950, 1.57530, 1.58620
1.58770, 1.60340, 1.58250, 1.60100
1.60160, 1.62560, 1.59590, 1.62150
1.62200, 1.63090, 1.61630, 1.62280
1.62350, 1.62720, 1.61140, 1.61650
1.61460, 1.62160, 1.60660, 1.61330
1.61320, 1.61410, 1.59760, 1.60630
1.60710, 1.61780, 1.59970, 1.60000
1.60000, 1.61430, 1.59130, 1.61030
1.61040, 1.61750, 1.60060, 1.60190
1.60100, 1.60420, 1.58870, 1.58930
1.59020, 1.59150, 1.58260, 1.58780
1.58850, 1.60510, 1.58820, 1.60210
1.60300, 1.60630, 1.59620, 1.60100
1.60160, 1.61310, 1.60010, 1.60360
1.60370, 1.61780, 1.60130, 1.61720
1.61680, 1.63070, 1.61520, 1.61660
1.61510, 1.62060, 1.60660, 1.61540
1.61740, 1.63390, 1.60090, 1.60660
1.60720, 1.61790, 1.59920, 1.61280
1.61300, 1.61550, 1.58540, 1.58610
1.58480, 1.58940, 1.57450, 1.57930
1.57600, 1.58780, 1.56740, 1.56890
1.56900, 1.58450, 1.56300, 1.57910
1.57940, 1.58100, 1.54620, 1.55160
1.55030, 1.55080, 1.51310, 1.51620
1.50770, 1.52220, 1.49850, 1.50350
1.50410, 1.51990, 1.48840, 1.49130
1.49170, 1.51760, 1.48310, 1.51100
1.51200, 1.52480, 1.50260, 1.52280
1.52300, 1.52600, 1.50920, 1.51860
1.51870, 1.53630, 1.50330, 1.53340
1.53070, 1.54110, 1.52380, 1.53440
1.53450, 1.53850, 1.52160, 1.52280
1.52290, 1.54980, 1.51960, 1.54680
1.54840, 1.56060, 1.54670, 1.55700
1.55690, 1.55980, 1.53140, 1.53430
1.53540, 1.53840, 1.51570, 1.51660
1.51830, 1.52810, 1.50130, 1.51160
1.51350, 1.52390, 1.50070, 1.51920
1.52070, 1.56830, 1.51910, 1.55540
1.55130, 1.57370, 1.54940, 1.56970
1.57140, 1.57510, 1.53670, 1.54030
1.53790, 1.54780, 1.51650, 1.52100
1.52000, 1.53040, 1.48570, 1.48860
1.48770, 1.52220, 1.48130, 1.51000
1.51170, 1.52820, 1.50270, 1.52510
1.52700, 1.54340, 1.52560, 1.53760
1.53800, 1.54140, 1.51020, 1.52800
1.52850, 1.55740, 1.52040, 1.54960
1.54940, 1.56570, 1.54220, 1.56290
1.56200, 1.57170, 1.55380, 1.55660
1.55650, 1.56120, 1.54270, 1.54890
1.55320, 1.56800, 1.55040, 1.56270
1.56190, 1.58850, 1.56140, 1.58700
1.59420, 1.61630, 1.58850, 1.60020
1.60020, 1.61470, 1.59540, 1.61370
1.61420, 1.62600, 1.60050, 1.60050
1.60210, 1.61240, 1.59130, 1.59440
1.59730, 1.62250, 1.58930, 1.61660
1.61680, 1.62560, 1.61150, 1.61610
1.61710, 1.62080, 1.59080, 1.59210
1.59250, 1.61180, 1.59030, 1.60110
1.60030, 1.61340, 1.58530, 1.61150
1.61210, 1.62270, 1.60590, 1.62230
1.62230, 1.63830, 1.61320, 1.63670
1.63700, 1.64420, 1.62920, 1.63470
1.63450, 1.64650, 1.62620, 1.63000
1.62950, 1.64830, 1.62180, 1.63320
1.63390, 1.65770, 1.63210, 1.64790
1.64810, 1.66000, 1.63940, 1.64170
1.64020, 1.65160, 1.63370, 1.64820
1.64780, 1.65070, 1.63090, 1.64220
1.64190, 1.66670, 1.63950, 1.64830
1.65050, 1.66240, 1.64270, 1.64370
1.64290, 1.64400, 1.62510, 1.64060
1.64040, 1.67550, 1.63820, 1.67470
1.67660, 1.68220, 1.66120, 1.66160
1.66290, 1.67680, 1.65830, 1.67420
1.67140, 1.67850, 1.66400, 1.67150
1.67190, 1.67400, 1.65680, 1.66470
1.66400, 1.66650, 1.64750, 1.64860
1.64750, 1.66500, 1.64650, 1.66390
1.66530, 1.66830, 1.65530, 1.65760
1.65740, 1.68190, 1.65650, 1.67300
1.67290, 1.68410, 1.66600, 1.67890
1.67940, 1.68380, 1.67620, 1.68020
1.68040, 1.69210, 1.67770, 1.68720
1.68830, 1.69950, 1.68310, 1.68490
1.68440, 1.69020, 1.67310, 1.68150
1.68140, 1.69210, 1.68010, 1.68320
1.68360, 1.68810, 1.66920, 1.67550
1.67660, 1.68440, 1.66980, 1.67990
1.68070, 1.69910, 1.67370, 1.69630
1.69730, 1.70620, 1.69200, 1.70130
1.70140, 1.70510, 1.69510, 1.70350
1.70330, 1.71790, 1.70080, 1.71590
1.71630, 1.71670, 1.70850, 1.71210
1.71210, 1.71910, 1.70360, 1.70830
1.70870, 1.70990, 1.69600, 1.69750
1.69790, 1.70000, 1.68100, 1.68260
1.68260, 1.68880, 1.67660, 1.67740
1.67780, 1.68440, 1.66570, 1.66920
1.67200, 1.67370, 1.65610, 1.65720
1.65550, 1.66130, 1.65350, 1.65970
1.65940, 1.66430, 1.62820, 1.63260
1.61740, 1.62770, 1.60510, 1.62650
1.62740, 1.65240, 1.61610, 1.62850
1.63050, 1.64150, 1.62370, 1.62430
1.62290, 1.62860, 1.59510, 1.59630
1.59650, 1.62260, 1.59530, 1.60750
1.60710, 1.61260, 1.58740, 1.60900
1.61040, 1.61830, 1.59940, 1.60870
1.60850, 1.61820, 1.59410, 1.59940
1.59660, 1.60240, 1.57890, 1.58710
1.58800, 1.59440, 1.55920, 1.56680
1.56840, 1.57370, 1.55890, 1.56540
1.56400, 1.58250, 1.56130, 1.56540
1.56440, 1.57620, 1.55670, 1.55860
1.55740, 1.57560, 1.55410, 1.57200
1.57220, 1.57850, 1.55400, 1.56250
1.56290, 1.56640, 1.54850, 1.55590
1.55670, 1.56190, 1.53260, 1.53260
1.52480, 1.53190, 1.50340, 1.51550
1.51750, 1.52690, 1.50750, 1.51470
1.51340, 1.52120, 1.49500, 1.49920
1.50060, 1.52230, 1.49860, 1.50530
1.50950, 1.53520, 1.49870, 1.52480
1.52230, 1.54210, 1.51960, 1.53940
1.54240, 1.54800, 1.53150, 1.54020
1.53970, 1.55510, 1.53320, 1.54350
1.54210, 1.54280, 1.50310, 1.50360
1.50420, 1.51360, 1.46990, 1.47440
1.47400, 1.51670, 1.46340, 1.49580
1.49690, 1.49940, 1.47960, 1.48740
1.48890, 1.49440, 1.47390, 1.49190
1.49160, 1.49810, 1.45860, 1.46310
1.46200, 1.50530, 1.45650, 1.49630
1.49600, 1.51870, 1.48550, 1.51860
1.51790, 1.54970, 1.51060, 1.51360
1.51460, 1.55220, 1.50880, 1.54390
1.54480, 1.58160, 1.53920, 1.57260
1.57380, 1.57450, 1.54460, 1.54880
1.54760, 1.55070, 1.52360, 1.52890
1.52940, 1.54410, 1.51700, 1.52670
1.52730, 1.55970, 1.52210, 1.55600
1.55510, 1.59300, 1.54870, 1.58780
1.58770, 1.59090, 1.56660, 1.57480
1.57050, 1.57880, 1.55550, 1.55750
1.55420, 1.56280, 1.53290, 1.55140
1.54970, 1.56750, 1.54500, 1.56060
1.56140, 1.56700, 1.54660, 1.55120
1.55110, 1.56890, 1.54900, 1.56190
1.56350, 1.56520, 1.54240, 1.54930
1.54900, 1.56600, 1.54570, 1.56440
1.56560, 1.57220, 1.55620, 1.56920
1.56780, 1.58180, 1.53340, 1.53910
1.54120, 1.54360, 1.51640, 1.51690
1.51780, 1.54750, 1.51710, 1.54280
1.54290, 1.56580, 1.53290, 1.55270
1.55190, 1.55670, 1.51340, 1.51800
1.51920, 1.52400, 1.51060, 1.51800
1.51910, 1.53830, 1.51360, 1.53200
1.53160, 1.55080, 1.52000, 1.54380
1.54440, 1.55080, 1.53070, 1.53120
1.53050, 1.54670, 1.52420, 1.54290
1.54500, 1.54960, 1.50260, 1.50490
1.50520, 1.52640, 1.50410, 1.52310
1.52320, 1.53350, 1.51540, 1.51930
1.51830, 1.51960, 1.50300, 1.50320
1.50350, 1.51580, 1.48940, 1.51080
1.51090, 1.52390, 1.49560, 1.52250
1.52290, 1.52300, 1.48640, 1.48910
1.48960, 1.49410, 1.48050, 1.49400
1.49090, 1.49340, 1.47850, 1.48130
1.47350, 1.48150, 1.45060, 1.45210
1.45260, 1.46030, 1.42510, 1.42550
1.42540, 1.43620, 1.40790, 1.42660
1.42680, 1.44120, 1.41480, 1.42440
1.42450, 1.46680, 1.42280, 1.45010
1.44960, 1.45780, 1.43500, 1.45060
1.44930, 1.45350, 1.42340, 1.44040
1.42810, 1.43060, 1.38530, 1.38710
1.38600, 1.42480, 1.38350, 1.42330
1.42180, 1.44360, 1.41170, 1.43840
1.43780, 1.45140, 1.40520, 1.44770
1.44600, 1.44670, 1.40560, 1.41340
1.41240, 1.44580, 1.41200, 1.42280
1.42200, 1.43210, 1.40050, 1.41260
1.41150, 1.43480, 1.40900, 1.42020
1.41960, 1.44510, 1.41310, 1.44030
1.44530, 1.46700, 1.44020, 1.46100
1.45970, 1.47690, 1.44140, 1.44280
1.44160, 1.45300, 1.43400, 1.43590
1.43500, 1.46630, 1.43320, 1.45000
1.45060, 1.47390, 1.44420, 1.46180
1.46100, 1.47240, 1.43850, 1.45170
1.44680, 1.46630, 1.41790, 1.42600
1.42660, 1.43870, 1.40120, 1.43560
1.44720, 1.50180, 1.32280, 1.36760
1.34200, 1.35330, 1.31190, 1.32780
1.32640, 1.33400, 1.27960, 1.29540
1.29440, 1.34800, 1.28500, 1.31830
1.31940, 1.33140, 1.30640, 1.31110
1.31420, 1.33010, 1.30560, 1.32250
1.32380, 1.33710, 1.30210, 1.30680
1.30810, 1.30960, 1.29030, 1.29190
1.29260, 1.31850, 1.28650, 1.30760
1.30590, 1.32780, 1.30330, 1.31320
1.31310, 1.33520, 1.30590, 1.32940
1.32990, 1.34450, 1.32380, 1.32700
1.32670, 1.33460, 1.29960, 1.29990
1.30030, 1.31200, 1.29140, 1.29630
1.29660, 1.30580, 1.29150, 1.29780
1.29800, 1.29800, 1.14767, 1.24301
1.24025, 1.24439, 1.20887, 1.21844
1.21488, 1.23322, 1.21357, 1.22261
1.22164, 1.22707, 1.20821, 1.21863
1.21837, 1.25571, 1.21434, 1.25113
1.24500, 1.26736, 1.23521, 1.26021
1.25625, 1.25913, 1.23018, 1.23530
1.23379, 1.25122, 1.23121, 1.24755
1.24614, 1.27368, 1.23854, 1.27312
1.26749, 1.27746, 1.25485, 1.25723
1.25714, 1.27279, 1.23758, 1.24830
1.24779, 1.25022, 1.22282, 1.22839
1.22253, 1.23877, 1.22007, 1.23520
1.23436, 1.24322, 1.21988, 1.22817
1.22501, 1.23168, 1.20373, 1.21912
1.19985, 1.24154, 1.19860, 1.23726
1.23732, 1.26733, 1.23693, 1.25474
1.25854, 1.27061, 1.24123, 1.24812
1.24773, 1.25821, 1.23465, 1.24834
1.24681, 1.25483, 1.23829, 1.24051
1.24070, 1.25695, 1.24010, 1.24599
1.24722, 1.24783, 1.22141, 1.22924
1.22861, 1.23002, 1.21339, 1.21609
1.21657, 1.24047, 1.21087, 1.23923
1.23896, 1.25309, 1.23349, 1.24673
1.24912, 1.26152, 1.23759, 1.25464
1.25462, 1.25559, 1.23650, 1.23725
1.23772, 1.25742, 1.23653, 1.25188
1.25302, 1.29046, 1.25148, 1.28060
1.28400, 1.29652, 1.27719, 1.29443
1.29342, 1.29839, 1.28305, 1.29788
1.29832, 1.29881, 1.28442, 1.28832
1.28821, 1.30477, 1.28644, 1.30323
1.29935, 1.30428, 1.27752, 1.28044
1.28038, 1.29207, 1.27690, 1.28888
1.28608, 1.29775, 1.26347, 1.27403
1.27097, 1.28175, 1.26384, 1.27732
1.27632, 1.28143, 1.25888, 1.27174
1.27337, 1.30382, 1.27061, 1.30242
1.29997, 1.30233, 1.28663, 1.28817
1.28766, 1.31134, 1.28114, 1.31021
1.30930, 1.31256, 1.29324, 1.29933
1.29866, 1.31590, 1.29862, 1.31317
1.31287, 1.32681, 1.30236, 1.30333
1.30407, 1.30589, 1.29392, 1.30076
1.30033, 1.30216, 1.28313, 1.28725
1.28634, 1.29162, 1.27739, 1.28757
1.29249, 1.29951, 1.28522, 1.29516
1.29616, 1.32239, 1.29086, 1.31909
1.31860, 1.36162, 1.31488, 1.35876
1.35596, 1.36573, 1.34499, 1.34936
1.34878, 1.35704, 1.33427, 1.33955
1.33718, 1.34018, 1.30268, 1.30654
1.30903, 1.33373, 1.30745, 1.32815
1.32927, 1.33112, 1.30874, 1.31854
1.31850, 1.32788, 1.30695, 1.31203
1.31268, 1.33204, 1.30394, 1.30743
1.30707, 1.32291, 1.30581, 1.31881
1.31623, 1.32599, 1.30617, 1.32162
1.32158, 1.33596, 1.31854, 1.33348
1.33156, 1.35491, 1.32208, 1.34748
1.34389, 1.35382, 1.33196, 1.33764
1.33746, 1.34645, 1.33010, 1.33198
1.33092, 1.34200, 1.33076, 1.33544
1.33739, 1.35440, 1.33472, 1.35093
1.35340, 1.36124, 1.34941, 1.35638
1.35592, 1.37438, 1.34578, 1.37257
1.37275, 1.39447, 1.37238, 1.38481
1.38920, 1.43450, 1.38567, 1.41579
1.41392, 1.42781, 1.39796, 1.41210
1.41023, 1.41503, 1.37641, 1.38240
1.38063, 1.41447, 1.37955, 1.40335
1.40130, 1.40489, 1.38564, 1.39676
1.39888, 1.40698, 1.37113, 1.38002
1.37924, 1.39291, 1.37661, 1.38462
1.38507, 1.39954, 1.38408, 1.39423
1.39420, 1.42174, 1.39128, 1.41298
1.41325, 1.42446, 1.40106, 1.40166
1.40170, 1.41057, 1.39653, 1.40870
1.40825, 1.42962, 1.40782, 1.42392
1.42402, 1.43764, 1.40022, 1.40030
1.39948, 1.40310, 1.37469, 1.37765
1.37694, 1.37921, 1.34859, 1.35235
1.35324, 1.36173, 1.34597, 1.35381
1.35384, 1.36081, 1.34510, 1.34670
1.34591, 1.34914, 1.32931, 1.32939
1.33139, 1.33619, 1.32041, 1.33468
1.33386, 1.34721, 1.32948, 1.34066
1.34050, 1.34466, 1.32110, 1.32797
1.32622, 1.33147, 1.31018, 1.32616
1.32498, 1.32919, 1.30493, 1.32055
1.31760, 1.32900, 1.30947, 1.32850
1.33060, 1.33628, 1.31023, 1.32367
1.32271, 1.32925, 1.29573, 1.31289
1.31207, 1.32132, 1.30712, 1.30981
1.31088, 1.31726, 1.29754, 1.30019
1.29976, 1.30076, 1.27227, 1.27702
1.27529, 1.28272, 1.26616, 1.27490
1.27453, 1.29357, 1.27291, 1.28465
1.28441, 1.30434, 1.28287, 1.29559
1.29149, 1.30291, 1.27853, 1.29151
1.29182, 1.31435, 1.28968, 1.30691
1.30671, 1.32984, 1.30542, 1.30808
1.30713, 1.32175, 1.30000, 1.30295
1.30378, 1.31230, 1.29219, 1.31148
1.31167, 1.32577, 1.30280, 1.31512
1.30850, 1.32364, 1.30112, 1.30655
1.30670, 1.30899, 1.27768, 1.28243
1.28249, 1.30409, 1.26942, 1.29570
1.30232, 1.31743, 1.29581, 1.29743
1.29151, 1.30718, 1.27228, 1.28201
1.28433, 1.29273, 1.27640, 1.28056
1.28178, 1.28637, 1.27250, 1.27452
1.27644, 1.28399, 1.26583, 1.27324
1.27021, 1.27597, 1.24762, 1.25836
1.25995, 1.27070, 1.25632, 1.26251
1.26416, 1.27383, 1.26156, 1.26947
1.26901, 1.28142, 1.23971, 1.27199
1.27200, 1.28657, 1.27065, 1.28346
1.28508, 1.30006, 1.26682, 1.28681
1.28679, 1.32162, 1.28301, 1.31987
1.31824, 1.32109, 1.30430, 1.30765
1.30690, 1.31031, 1.28537, 1.29392
1.29359, 1.29586, 1.27727, 1.28858
1.29024, 1.31089, 1.28913, 1.30521
1.30717, 1.33498, 1.30496, 1.32036
1.32446, 1.32540, 1.29897, 1.30131
1.29824, 1.33809, 1.29598, 1.32887
1.32946, 1.33110, 1.30037, 1.32046
1.32093, 1.32692, 1.29773, 1.30304
1.30388, 1.31960, 1.29866, 1.30340
1.30324, 1.31325, 1.30221, 1.30687
1.30680, 1.31188, 1.29785, 1.29813
1.29905, 1.30191, 1.28654, 1.29116
1.29118, 1.31764, 1.29047, 1.31723
1.31455, 1.31704, 1.29671, 1.30006
1.29966, 1.30404, 1.27126, 1.27126
1.27255, 1.28135, 1.26049, 1.27115
1.27245, 1.27476, 1.25588, 1.26287
1.26294, 1.27628, 1.26100, 1.27345
1.27305, 1.27582, 1.25798, 1.25891
1.25844, 1.27462, 1.25057, 1.27426
1.27297, 1.27836, 1.26612, 1.26938
1.26945, 1.27054, 1.24809, 1.25237
1.25246, 1.25788, 1.24392, 1.25737
1.25737, 1.25778, 1.23820, 1.24986
1.24849, 1.25223, 1.23758, 1.23807
1.23748, 1.23833, 1.20792, 1.21555
1.21380, 1.22094, 1.20225, 1.20235
1.20472, 1.21753, 1.20146, 1.21435
1.21551, 1.22931, 1.20639, 1.22817
1.22639, 1.23096, 1.21390, 1.21587
1.21429, 1.23534, 1.19581, 1.22854
1.22687, 1.25057, 1.22329, 1.24947
1.24819, 1.25822, 1.23922, 1.24690
1.24615, 1.25031, 1.22705, 1.22868
1.22901, 1.24129, 1.22040, 1.23326
1.23129, 1.27069, 1.21948, 1.26458
1.26273, 1.29896, 1.25153, 1.29843
1.29461, 1.30125, 1.27883, 1.28252
1.28201, 1.29756, 1.28061, 1.29343
1.29268, 1.29424, 1.27655, 1.27728
1.27881, 1.29190, 1.27854, 1.29008
1.29172, 1.29851, 1.28231, 1.28289
1.28524, 1.29506, 1.28269, 1.29298
1.29125, 1.31658, 1.28959, 1.31315
1.31326, 1.35141, 1.30499, 1.33287
1.33354, 1.34222, 1.29771, 1.29993
1.29986, 1.31168, 1.29043, 1.30798
1.30861, 1.32841, 1.30530, 1.30787
1.30795, 1.32119, 1.30126, 1.30580
1.30311, 1.31185, 1.29540, 1.30059
1.29962, 1.31727, 1.29617, 1.30691
1.30724, 1.32095, 1.29749, 1.32028
1.31788, 1.31837, 1.28816, 1.28846
1.28855, 1.30693, 1.28717, 1.30465
1.30345, 1.30541, 1.28486, 1.29550
1.29417, 1.30179, 1.27257, 1.28133
1.28070, 1.30520, 1.27389, 1.30449
1.30760, 1.32004, 1.22525, 1.22914
1.24113, 1.24199, 1.14094, 1.16463
1.16750, 1.24850, 1.14463, 1.24456
1.24262, 1.24754, 1.22046, 1.22652
1.22280, 1.24864, 1.21634, 1.24442
1.24605, 1.26476, 1.24066, 1.24959
1.24928, 1.24995, 1.22473, 1.23640
1.23627, 1.26437, 1.23593, 1.24891
1.24788, 1.24864, 1.22659, 1.24048
1.24046, 1.24377, 1.21000, 1.21000
1.21000, 1.22963, 1.20721, 1.21641
1.21693, 1.23939, 1.21619, 1.23450
1.23198, 1.27311, 1.23198, 1.26660
1.26794, 1.28130, 1.24737, 1.25384
1.25120, 1.26868, 1.23432, 1.23467
1.23483, 1.25419, 1.23138, 1.23332
1.23359, 1.25291, 1.22509, 1.24803
1.24687, 1.26688, 1.24607, 1.26179
1.26296, 1.26655, 1.24790, 1.25653
1.25519, 1.28030, 1.25172, 1.27920
1.27912, 1.31694, 1.27762, 1.30820
1.30729, 1.31850, 1.29804, 1.30499
1.30592, 1.31421, 1.30045, 1.30868
1.30900, 1.32665, 1.30579, 1.30869
1.30812, 1.33557, 1.30528, 1.33485
1.33436, 1.34816, 1.31749, 1.32791
1.32584, 1.32648, 1.27611, 1.27931
1.27787, 1.30061, 1.27724, 1.29152
1.29273, 1.29657, 1.26741, 1.27405
1.27567, 1.29776, 1.27502, 1.29280
1.29241, 1.30485, 1.28436, 1.30437
1.30260, 1.30818, 1.28556, 1.29085
1.28968, 1.31759, 1.28944, 1.30433
1.30463, 1.30787, 1.28802, 1.29458
1.29209, 1.31763, 1.28533, 1.31464
1.31566, 1.33127, 1.31056, 1.31975
1.31757, 1.33114, 1.31646, 1.32853
1.32892, 1.33969, 1.32630, 1.33006
1.33262, 1.35387, 1.32864, 1.34308
1.34073, 1.34772, 1.31334, 1.32212
1.33465, 1.36236, 1.32793, 1.35234
1.34067, 1.36183, 1.31869, 1.35469
1.35435, 1.36853, 1.34281, 1.36528
1.36477, 1.37029, 1.35316, 1.35546
1.35611, 1.37098, 1.34496, 1.35803
1.35895, 1.37450, 1.35187, 1.36798
1.36797, 1.37579, 1.36086, 1.36930
1.37034, 1.37569, 1.35642, 1.37329
1.37148, 1.38653, 1.36792, 1.38534
1.38495, 1.40352, 1.38288, 1.40024
1.40125, 1.42407, 1.38873, 1.39160
1.39279, 1.40163, 1.37776, 1.38293
1.38071, 1.40039, 1.37992, 1.39151
1.39164, 1.40006, 1.38078, 1.38596
1.38358, 1.38761, 1.36694, 1.37899
1.37892, 1.38514, 1.37053, 1.38273
1.38225, 1.39177, 1.36688, 1.37019
1.37041, 1.38421, 1.36681, 1.38383
1.38298, 1.40082, 1.38086, 1.38790
1.38689, 1.39758, 1.38019, 1.38104
1.38105, 1.40048, 1.37999, 1.39875
1.40025, 1.41662, 1.39944, 1.40921
1.40991, 1.42329, 1.40764, 1.41462
1.41476, 1.42185, 1.40906, 1.41847
1.41818, 1.42494, 1.40819, 1.41553
1.41533, 1.41903, 1.40721, 1.41083
1.41023, 1.41319, 1.37909, 1.37967
1.37988, 1.40007, 1.37854, 1.38759
1.38882, 1.39387, 1.37304, 1.38288
1.38242, 1.39001, 1.37411, 1.38996
1.38877, 1.39095, 1.37599, 1.37610
1.37689, 1.37864, 1.35710, 1.37445
1.37535, 1.39826, 1.37360, 1.39049
1.38961, 1.39568, 1.38604, 1.38724
1.38716, 1.38937, 1.37897, 1.38670
1.38528, 1.38773, 1.36011, 1.36205
1.36146, 1.37800, 1.36080, 1.37561
1.37517, 1.38908, 1.37301, 1.38560
1.38557, 1.38877, 1.37256, 1.38292
1.38305, 1.39122, 1.37261, 1.37263
1.37337, 1.37497, 1.36082, 1.36694
1.36629, 1.37281, 1.34111, 1.35420
1.35502, 1.36559, 1.35311, 1.36169
1.36171, 1.37723, 1.35676, 1.37433
1.37493, 1.38337, 1.37081, 1.37588
1.37436, 1.38289, 1.36676, 1.36917
1.36807, 1.36973, 1.34235, 1.34907
1.34838, 1.36064, 1.33524, 1.34064
1.34067, 1.35125, 1.33953, 1.34399
1.34412, 1.34563, 1.32774, 1.33513
1.33354, 1.33698, 1.31936, 1.32278
1.32345, 1.32887, 1.31593, 1.32641
1.32476, 1.33739, 1.31712, 1.32360
1.32370, 1.34369, 1.31726, 1.33984
1.33860, 1.35495, 1.33860, 1.35339
1.35269, 1.35980, 1.34301, 1.35905
1.35720, 1.37479, 1.35312, 1.36799
1.36718, 1.36890, 1.35446, 1.35510
1.35472, 1.35646, 1.33575, 1.33937
1.33909, 1.36271, 1.33854, 1.35268
1.35342, 1.36427, 1.34897, 1.35606
1.35517, 1.36418, 1.34857, 1.35926
1.35865, 1.36375, 1.32720, 1.34106
1.33305, 1.34365, 1.32015, 1.32344
1.32207, 1.32372, 1.30266, 1.30358
1.30328, 1.32103, 1.29988, 1.31757
1.31685, 1.32977, 1.31192, 1.31788
1.31767, 1.31819, 1.30500, 1.31102
1.31020, 1.31659, 1.29812, 1.30327
1.30299, 1.31463, 1.29721, 1.30584
1.30472, 1.30892, 1.28221, 1.28367
1.28307, 1.28396, 1.24107, 1.25750
1.25785, 1.26372, 1.22754, 1.23346
1.23333, 1.24052, 1.21547, 1.22577
1.22480, 1.25237, 1.22164, 1.24896
1.24738, 1.26658, 1.24704, 1.26285
1.26139, 1.26589, 1.24578, 1.24846
1.24844, 1.25988, 1.23002, 1.23084
1.23143, 1.24057, 1.19326, 1.22160
1.22141, 1.23234, 1.21600, 1.22698
1.22568, 1.23316, 1.19747, 1.20926
1.20977, 1.21643, 1.18750, 1.20329
1.20139, 1.20356, 1.17590, 1.18622
1.18615, 1.20629, 1.18614, 1.20039
1.19902, 1.22446, 1.19591, 1.21809
1.21617, 1.22925, 1.20025, 1.20723
1.20658, 1.22760, 1.20464, 1.21350
1.21269, 1.21472, 1.17912, 1.18237
1.18221, 1.19003, 1.17164, 1.17366
1.17315, 1.17597, 1.14950, 1.15110
1.14796, 1.16472, 1.14044, 1.15852
1.16221, 1.17373, 1.13496, 1.14214
1.14077, 1.14599, 1.08382, 1.08441
1.07924, 1.12333, 1.03431, 1.11517
1.11603, 1.14942, 1.10547, 1.10848
1.10819, 1.13792, 1.09224, 1.11762
1.12118, 1.14389, 1.10597, 1.12909
1.13823, 1.16448, 1.12568, 1.16129
1.15878, 1.16130, 1.11444, 1.13735
1.13062, 1.18537, 1.12897, 1.18322
1.18006, 1.20279, 1.17091, 1.18836
1.18915, 1.21526, 1.17777, 1.20866
1.20646, 1.23084, 1.18996, 1.22900
1.22700, 1.23434, 1.21055, 1.22602
1.22517, 1.24458, 1.21189, 1.21520
1.21402, 1.22411, 1.19916, 1.20498
1.20568, 1.21251, 1.20013, 1.20916
1.20854, 1.20984, 1.18402, 1.20937
1.20773, 1.22474, 1.20766, 1.22351
1.22103, 1.24349, 1.21686, 1.23996
1.23997, 1.24469, 1.22622, 1.23980
1.23879, 1.24165, 1.20461, 1.20506
1.20322, 1.21931, 1.19603, 1.20575
1.20633, 1.22687, 1.19140, 1.20387
1.20234, 1.21466, 1.19274, 1.19386
1.19418, 1.21423, 1.19218, 1.20435
1.20215, 1.21126, 1.18020, 1.20306
1.20864, 1.22027, 1.20093, 1.21730
1.22033, 1.23426, 1.21662, 1.22286
1.22271, 1.24221, 1.22179, 1.23286
1.23253, 1.25244, 1.22734, 1.24116
1.24133, 1.25453, 1.23434, 1.24138
1.24061, 1.24733, 1.23525, 1.24422
1.24393, 1.25831, 1.23858, 1.25665
1.25553, 1.26515, 1.24344, 1.26299
1.26293, 1.26791, 1.24439, 1.24471
1.24473, 1.25452, 1.23907, 1.24448
1.24402, 1.24718, 1.23072, 1.23497
1.23381, 1.25436, 1.23262, 1.24487
1.24409, 1.25894, 1.23676, 1.25786
1.25593, 1.28477, 1.24862, 1.28196
1.28178, 1.28361, 1.26831, 1.27149
1.27056, 1.27586, 1.25901, 1.26929
1.26897, 1.28484, 1.26577, 1.28372
1.28265, 1.31413, 1.27494, 1.30904
1.30906, 1.31247, 1.28151, 1.28525
1.28478, 1.29948, 1.27621, 1.28455
1.28384, 1.28716, 1.26190, 1.27491
1.27409, 1.28176, 1.26653, 1.26955
1.26915, 1.26915, 1.26915, 1.26915