1.40169, 1.40592, 1.40124, 1.40166
1.40170, 1.40776, 1.40097, 1.40433
1.40417, 1.40886, 1.40210, 1.40598
1.40517, 1.40964, 1.40148, 1.40797
1.40794, 1.40970, 1.39653, 1.40047
1.40001, 1.41057, 1.39827, 1.40870
1.40825, 1.41640, 1.40782, 1.41313
1.41279, 1.41880, 1.41199, 1.41757
1.41757, 1.42233, 1.41606, 1.41781
1.41748, 1.42466, 1.41452, 1.42267
1.42289, 1.42962, 1.42206, 1.42392
1.42402, 1.43441, 1.42263, 1.43383
1.43366, 1.43764, 1.42824, 1.42909
1.42848, 1.43142, 1.41729, 1.42041
1.42004, 1.42461, 1.40685, 1.40810
1.40822, 1.40912, 1.40022, 1.40030
1.39948, 1.40310, 1.39259, 1.39389
1.39389, 1.39869, 1.39177, 1.39777
1.39764, 1.39963, 1.39230, 1.39297
1.39263, 1.39977, 1.38945, 1.39121
1.39125, 1.39343, 1.37469, 1.37765
1.37694, 1.37921, 1.37123, 1.37636
1.37557, 1.37725, 1.35878, 1.36137
1.36118, 1.36657, 1.35546, 1.35706
1.35708, 1.36292, 1.35377, 1.35751
1.35716, 1.35857, 1.34859, 1.35235
1.35324, 1.35751, 1.35150, 1.35562
1.35547, 1.35925, 1.34842, 1.35473
1.35456, 1.36066, 1.34986, 1.35450
1.35444, 1.36173, 1.34597, 1.35161
1.35163, 1.35952, 1.35017, 1.35381
1.35384, 1.36081, 1.35377, 1.35549
1.35550, 1.35715, 1.34510, 1.35065
1.35016, 1.35203, 1.34553, 1.34894
1.34840, 1.35689, 1.34741, 1.35138
1.35139, 1.35277, 1.34546, 1.34670
1.34591, 1.34827, 1.33905, 1.34287
1.34206, 1.34914, 1.34122, 1.34315
1.34278, 1.34418, 1.33050, 1.33490
1.33434, 1.34214, 1.33337, 1.33805
1.33779, 1.33870, 1.32931, 1.32939
1.33139, 1.33411, 1.32962, 1.33098
1.33055, 1.33251, 1.32041, 1.32558
1.32397, 1.33070, 1.32385, 1.32825
1.32847, 1.33480, 1.32772, 1.32922
1.32943, 1.33619, 1.32535, 1.33468
1.33386, 1.33985, 1.32948, 1.33111
1.33111, 1.34087, 1.33020, 1.33950
1.33875, 1.34430, 1.33775, 1.34126
1.34126, 1.34721, 1.33707, 1.34220
1.34220, 1.34390, 1.33544, 1.34066
1.34050, 1.34412, 1.33447, 1.33812
1.33807, 1.34245, 1.33418, 1.33714
1.33716, 1.33895, 1.33081, 1.33772
1.33771, 1.34466, 1.32607, 1.32639
1.32635, 1.32979, 1.32110, 1.32797
1.32622, 1.32809, 1.32257, 1.32459
1.32458, 1.32727, 1.31506, 1.31719
1.31719, 1.32171, 1.31460, 1.31732
1.31732, 1.32699, 1.31018, 1.32418
1.32417, 1.33147, 1.32345, 1.32616
1.32498, 1.32907, 1.32207, 1.32807
1.32751, 1.32919, 1.31921, 1.32219
1.32175, 1.32337, 1.31062, 1.31149
1.31141, 1.31207, 1.30493, 1.30779
1.30779, 1.32136, 1.30661, 1.32055
1.31760, 1.32087, 1.30947, 1.31414
1.31414, 1.32067, 1.31146, 1.31925
1.31922, 1.32492, 1.31706, 1.32283
1.32280, 1.32747, 1.32039, 1.32197
1.32096, 1.32900, 1.32033, 1.32850
1.33060, 1.33628, 1.31889, 1.32579
1.32574, 1.33010, 1.32232, 1.32708
1.32728, 1.32852, 1.31996, 1.32044
1.32044, 1.32448, 1.31801, 1.32051
1.32042, 1.32390, 1.31023, 1.32367
1.32271, 1.32925, 1.32167, 1.32356
1.32355, 1.32686, 1.30682, 1.31150
1.31153, 1.31168, 1.30099, 1.30699
1.30699, 1.30831, 1.29573, 1.30139
1.30139, 1.31403, 1.29948, 1.31289
1.31207, 1.31580, 1.30820, 1.30984
1.30984, 1.31593, 1.30712, 1.31421
1.31424, 1.32008, 1.31326, 1.31907
1.31907, 1.32132, 1.31053, 1.31090
1.31090, 1.31309, 1.30819, 1.30981
1.31088, 1.31520, 1.30968, 1.31319
1.31319, 1.31726, 1.30892, 1.31238
1.31223, 1.31445, 1.30951, 1.31250
1.31247, 1.31288, 1.30145, 1.30163
1.30132, 1.30432, 1.29754, 1.30019
1.29976, 1.30076, 1.29199, 1.29423
1.29461, 1.29736, 1.29237, 1.29385
1.29382, 1.29598, 1.28536, 1.28835
1.28815, 1.29116, 1.28185, 1.28235
1.28235, 1.28367, 1.27227, 1.27702
1.27529, 1.27913, 1.27298, 1.27649
1.27649, 1.28272, 1.27046, 1.27192
1.27191, 1.27354, 1.26616, 1.26977
1.26975, 1.27542, 1.26852, 1.27127
1.27126, 1.27523, 1.26903, 1.27490
1.27453, 1.27990, 1.27291, 1.27950
1.27947, 1.29242, 1.27904, 1.29038
1.29008, 1.29357, 1.28681, 1.29132
1.29108, 1.29188, 1.28043, 1.28150
1.28146, 1.28810, 1.27992, 1.28465
1.28441, 1.29008, 1.28287, 1.28936
1.28926, 1.29316, 1.28615, 1.28702
1.28702, 1.30324, 1.28451, 1.30277
1.30269, 1.30434, 1.29850, 1.30108
1.30073, 1.30285, 1.29446, 1.29559
1.29149, 1.29335, 1.28549, 1.28714
1.28713, 1.28755, 1.28102, 1.28540
1.28539, 1.29827, 1.27853, 1.29066
1.29066, 1.29621, 1.28961, 1.29255
1.29258, 1.30291, 1.29081, 1.29151
1.29182, 1.30516, 1.28968, 1.30271
1.30270, 1.30879, 1.29633, 1.30310
1.30309, 1.30821, 1.29791, 1.30489
1.30489, 1.31240, 1.30261, 1.31044
1.31044, 1.31435, 1.30564, 1.30691
1.30671, 1.31645, 1.30661, 1.31584
1.31564, 1.31715, 1.31182, 1.31469
1.31461, 1.32145, 1.30982, 1.31434
1.31434, 1.32984, 1.31345, 1.32693
1.32693, 1.32766, 1.30542, 1.30808
1.30713, 1.31668, 1.30628, 1.31161
1.31161, 1.31935, 1.30948, 1.31812
1.31812, 1.32175, 1.31382, 1.31676
1.31676, 1.31789, 1.30747, 1.30763
1.30763, 1.30901, 1.30000, 1.30295
1.30378, 1.31174, 1.30120, 1.30398
1.30417, 1.30482, 1.29409, 1.29780
1.29766, 1.30231, 1.29239, 1.29374
1.29372, 1.30411, 1.29219, 1.30205
1.30209, 1.31230, 1.30032, 1.31148
1.31167, 1.31328, 1.30280, 1.30921
1.30879, 1.31502, 1.30328, 1.31442
1.31436, 1.32156, 1.31321, 1.31893
1.31893, 1.32466, 1.31819, 1.32350
1.32350, 1.32577, 1.31462, 1.31512
1.30850, 1.31817, 1.30830, 1.31508
1.31508, 1.32364, 1.31372, 1.31855
1.31800, 1.31924, 1.30992, 1.31129
1.31126, 1.31312, 1.30159, 1.30173
1.30173, 1.31041, 1.30112, 1.30655
1.30670, 1.30899, 1.29562, 1.29646
1.29635, 1.30442, 1.29366, 1.29837
1.29804, 1.29905, 1.28671, 1.28786
1.28781, 1.29195, 1.27962, 1.28169
1.28166, 1.28413, 1.27768, 1.28243
1.28249, 1.28528, 1.27898, 1.27970
1.27965, 1.28125, 1.26942, 1.27083
1.27078, 1.28305, 1.27003, 1.27673
1.27684, 1.30350, 1.27630, 1.29935
1.29940, 1.30409, 1.29515, 1.29570
1.30232, 1.30557, 1.29642, 1.30420
1.30343, 1.31069, 1.30209, 1.31048
1.30993, 1.31743, 1.30732, 1.31268
1.31235, 1.31498, 1.30447, 1.30602
1.30586, 1.30699, 1.29581, 1.29743
1.29151, 1.29466, 1.28272, 1.28496
1.28458, 1.30472, 1.28362, 1.29687
1.29711, 1.30718, 1.28807, 1.29869
1.29844, 1.30299, 1.27228, 1.27707
1.27657, 1.28773, 1.27594, 1.28201
1.28433, 1.28846, 1.27941, 1.28499
1.28482, 1.28832, 1.27761, 1.27857
1.27862, 1.28195, 1.27640, 1.27777
1.27743, 1.29273, 1.27675, 1.28756
1.28747, 1.28826, 1.27981, 1.28056
1.28178, 1.28637, 1.27951, 1.28075
1.28204, 1.28217, 1.27250, 1.27409
1.27395, 1.28469, 1.27307, 1.28231
1.28229, 1.28499, 1.27553, 1.27833
1.27811, 1.28093, 1.27344, 1.27452
1.27644, 1.28244, 1.26985, 1.27234
1.27233, 1.28399, 1.26583, 1.27150
1.27125, 1.27977, 1.26719, 1.27324
1.27323, 1.28113, 1.26989, 1.27834
1.27738, 1.27913, 1.27107, 1.27324
1.27021, 1.27597, 1.25065, 1.25596
1.25533, 1.26384, 1.24793, 1.24878
1.24856, 1.26712, 1.24762, 1.26256
1.26245, 1.26866, 1.26066, 1.26575
1.26290, 1.26632, 1.25295, 1.25836
1.25995, 1.26471, 1.25632, 1.26133
1.26185, 1.27051, 1.26099, 1.26387
1.26339, 1.26787, 1.26064, 1.26102
1.26070, 1.27070, 1.26050, 1.26576
1.26519, 1.26977, 1.26175, 1.26251
1.26416, 1.27383, 1.26342, 1.27307
1.27069, 1.27071, 1.26303, 1.26335
1.26312, 1.26750, 1.26156, 1.26443
1.26405, 1.27077, 1.26349, 1.26947
1.26901, 1.28142, 1.26799, 1.27486
1.27513, 1.27602, 1.25807, 1.26097
1.25979, 1.26472, 1.23971, 1.26360
1.26234, 1.27445, 1.26156, 1.27199
1.27200, 1.27868, 1.27076, 1.27732
1.27693, 1.27973, 1.27065, 1.27141
1.27135, 1.28037, 1.27068, 1.27885
1.27872, 1.28010, 1.27275, 1.27505
1.27481, 1.28657, 1.27094, 1.28346
1.28508, 1.29306, 1.28179, 1.28673
1.28550, 1.29155, 1.26682, 1.28593
1.28601, 1.28971, 1.28245, 1.28787
1.28775, 1.30006, 1.28318, 1.29857
1.29832, 1.29930, 1.28566, 1.28681
1.28679, 1.29103, 1.28301, 1.28910
1.28904, 1.29750, 1.28549, 1.29563
1.29431, 1.30807, 1.29414, 1.30681
1.30673, 1.30940, 1.30119, 1.30621
1.30636, 1.32162, 1.30569, 1.31987
1.31824, 1.32109, 1.31366, 1.31553
1.31592, 1.31999, 1.30553, 1.30662
1.30634, 1.31452, 1.30540, 1.31146
1.31153, 1.31599, 1.30957, 1.31099
1.31063, 1.31147, 1.30430, 1.30765
1.30690, 1.31031, 1.30287, 1.30367
1.30370, 1.30515, 1.29244, 1.29501
1.29463, 1.29791, 1.29250, 1.29286
1.29279, 1.29962, 1.28537, 1.29514
1.29514, 1.29763, 1.29210, 1.29392
1.29359, 1.29390, 1.28444, 1.28603
1.28441, 1.29094, 1.28321, 1.28939
1.28907, 1.29586, 1.28447, 1.28453
1.28437, 1.28775, 1.27727, 1.27986
1.27986, 1.28979, 1.27843, 1.28858
1.29024, 1.29384, 1.28913, 1.29214
1.29194, 1.30728, 1.28954, 1.30628
1.30608, 1.31089, 1.30118, 1.30497
1.30488, 1.30950, 1.30258, 1.30359
1.30367, 1.30798, 1.29678, 1.30521
1.30717, 1.31143, 1.30496, 1.30955
1.30950, 1.32881, 1.30929, 1.32505
1.32505, 1.33498, 1.32331, 1.33080
1.33073, 1.33196, 1.32533, 1.32613
1.32608, 1.32861, 1.31717, 1.32036
1.32446, 1.32540, 1.31661, 1.31813
1.31742, 1.31984, 1.30973, 1.31786
1.31773, 1.31812, 1.31239, 1.31699
1.31693, 1.31848, 1.30680, 1.30810
1.30817, 1.31081, 1.29897, 1.30131
1.29824, 1.31903, 1.29598, 1.31863
1.31885, 1.32885, 1.30045, 1.30727
1.30735, 1.33809, 1.30617, 1.33212
1.33158, 1.33309, 1.32071, 1.32584
1.32580, 1.32998, 1.32027, 1.32887
1.32946, 1.33001, 1.31840, 1.32453
1.32442, 1.33110, 1.32407, 1.32664
1.32636, 1.32724, 1.31460, 1.31909
1.31929, 1.32271, 1.30037, 1.31103
1.31116, 1.32234, 1.30808, 1.32046
1.32093, 1.32460, 1.31597, 1.31868
1.31889, 1.32612, 1.31571, 1.32045
1.32049, 1.32692, 1.31599, 1.31616
1.31583, 1.31981, 1.30344, 1.30447
1.30460, 1.31352, 1.29773, 1.30304
1.30388, 1.31496, 1.30094, 1.31019
1.31004, 1.31491, 1.30131, 1.31322
1.31221, 1.31960, 1.31206, 1.31559
1.31521, 1.31910, 1.30598, 1.30744
1.30734, 1.31217, 1.29866, 1.30340
1.30324, 1.30740, 1.30221, 1.30607
1.30618, 1.31217, 1.30302, 1.30506
1.30421, 1.31198, 1.30406, 1.30868
1.30891, 1.31085, 1.30497, 1.30525
1.30531, 1.31325, 1.30502, 1.30687
1.30680, 1.31188, 1.30680, 1.30986
1.30947, 1.31011, 1.30423, 1.30464
1.30441, 1.30669, 1.30285, 1.30389
1.30399, 1.30522, 1.29785, 1.29836
1.29861, 1.30092, 1.29801, 1.29813
1.29905, 1.29995, 1.29749, 1.29783
1.29779, 1.30191, 1.29278, 1.29358
1.29338, 1.29630, 1.28876, 1.28968
1.28968, 1.29163, 1.28654, 1.28968
1.28968, 1.29433, 1.28738, 1.29116
1.29118, 1.29469, 1.29047, 1.29302
1.29256, 1.30488, 1.29236, 1.30358
1.30349, 1.31022, 1.30287, 1.30475
1.30468, 1.30802, 1.30178, 1.30310
1.30312, 1.31764, 1.29870, 1.31723
1.31455, 1.31704, 1.30810, 1.30920
1.30945, 1.31314, 1.30393, 1.30725
1.30661, 1.30801, 1.29867, 1.30061
1.30034, 1.30356, 1.29671, 1.30035
1.30039, 1.30472, 1.29910, 1.30006
1.29966, 1.30404, 1.29408, 1.29579
1.29559, 1.29697, 1.29033, 1.29039
1.29032, 1.29230, 1.28260, 1.28410
1.28408, 1.28520, 1.27872, 1.27950
1.27950, 1.27977, 1.27126, 1.27126
1.27255, 1.27570, 1.27143, 1.27216
1.27205, 1.28135, 1.26849, 1.27055
1.27040, 1.27190, 1.26239, 1.26601
1.26604, 1.26836, 1.26049, 1.26572
1.26544, 1.27326, 1.26470, 1.27115
1.27245, 1.27476, 1.26670, 1.26778
1.26765, 1.27017, 1.26499, 1.26516
1.26515, 1.26712, 1.26113, 1.26253
1.26253, 1.26402, 1.25803, 1.26091
1.26032, 1.26442, 1.25588, 1.26287
1.26294, 1.26739, 1.26100, 1.26632
1.26628, 1.27142, 1.26420, 1.26989
1.26939, 1.27435, 1.26803, 1.26807
1.26831, 1.27419, 1.26684, 1.26913
1.26860, 1.27628, 1.26860, 1.27345
1.27305, 1.27358, 1.26526, 1.26852
1.26832, 1.27321, 1.26700, 1.27219
1.27221, 1.27582, 1.26812, 1.26878
1.26859, 1.27076, 1.26619, 1.26732
1.26709, 1.26817, 1.25798, 1.25891
1.25844, 1.26053, 1.25319, 1.25321
1.25320, 1.25643, 1.25057, 1.25565
1.25573, 1.26733, 1.25422, 1.26420
1.26368, 1.27261, 1.26263, 1.27002
1.26947, 1.27462, 1.26421, 1.27426
1.27297, 1.27663, 1.27075, 1.27389
1.27357, 1.27836, 1.26716, 1.26883
1.26858, 1.27072, 1.26623, 1.26850
1.26838, 1.27244, 1.26612, 1.26696
1.26669, 1.27344, 1.26619, 1.26938
1.26945, 1.27054, 1.26316, 1.26368
1.26368, 1.26479, 1.25837, 1.25927
1.25909, 1.26002, 1.25568, 1.25705
1.25714, 1.25901, 1.25616, 1.25765
1.25759, 1.25874, 1.24809, 1.25237
1.25246, 1.25397, 1.24996, 1.25164
1.25121, 1.25224, 1.24392, 1.24598
1.24613, 1.25207, 1.24435, 1.25042
1.25023, 1.25711, 1.24938, 1.25263
1.25264, 1.25788, 1.25166, 1.25737
1.25737, 1.25778, 1.25099, 1.25154
1.25138, 1.25201, 1.23960, 1.24053
1.24048, 1.24562, 1.23820, 1.24316
1.24305, 1.25581, 1.24239, 1.25459
1.25471, 1.25561, 1.24758, 1.24986
1.24849, 1.25185, 1.24553, 1.24763
1.24718, 1.24815, 1.24176, 1.24391
1.24378, 1.25223, 1.24264, 1.24842
1.24813, 1.25177, 1.24365, 1.24544
1.24547, 1.24594, 1.23758, 1.23807
1.23748, 1.23833, 1.22120, 1.22178
1.22159, 1.22256, 1.21186, 1.21504
1.21483, 1.22493, 1.21332, 1.21603
1.21608, 1.21710, 1.20792, 1.21296
1.21313, 1.21693, 1.20899, 1.21555
1.21380, 1.21879, 1.21014, 1.21394
1.21390, 1.22094, 1.21353, 1.21686
1.21671, 1.21906, 1.21208, 1.21416
1.21351, 1.21824, 1.20947, 1.21345
1.21351, 1.21478, 1.20225, 1.20235
1.20472, 1.21063, 1.20146, 1.20753
1.20729, 1.20976, 1.20416, 1.20590
1.20586, 1.21006, 1.20444, 1.20566
1.20530, 1.21503, 1.20504, 1.20908
1.20778, 1.21753, 1.20749, 1.21435
1.21551, 1.21724, 1.21044, 1.21242
1.21254, 1.21793, 1.20639, 1.21699
1.21663, 1.21747, 1.21116, 1.21200
1.21202, 1.22727, 1.21082, 1.22547
1.22436, 1.22931, 1.21941, 1.22817
1.22639, 1.22853, 1.22076, 1.22175
1.22080, 1.23096, 1.22080, 1.22865
1.22848, 1.22903, 1.21552, 1.22097
1.22110, 1.22322, 1.21720, 1.21825
1.21728, 1.22261, 1.21390, 1.21587
1.21429, 1.21743, 1.20356, 1.20590
1.20611, 1.21057, 1.19581, 1.20867
1.20870, 1.22558, 1.20749, 1.22554
1.22494, 1.23534, 1.22097, 1.23276
1.23348, 1.23433, 1.22791, 1.22854
1.22687, 1.23853, 1.22329, 1.23442
1.23419, 1.23798, 1.23063, 1.23570
1.23581, 1.23707, 1.23122, 1.23275
1.23292, 1.23666, 1.22829, 1.23294
1.23376, 1.25057, 1.23267, 1.24947
1.24819, 1.25038, 1.23988, 1.24283
1.24281, 1.25270, 1.23922, 1.24989
1.24990, 1.25120, 1.24386, 1.24691
1.24700, 1.25602, 1.24377, 1.25221
1.25251, 1.25822, 1.24589, 1.24690
1.24615, 1.24903, 1.24127, 1.24334
1.24279, 1.25031, 1.24138, 1.24937
1.24904, 1.24964, 1.23473, 1.23474
1.23495, 1.23802, 1.23023, 1.23221
1.23216, 1.23361, 1.22705, 1.22868
1.22901, 1.23459, 1.22751, 1.22961
1.22828, 1.23397, 1.22040, 1.23025
1.23030, 1.23239, 1.22267, 1.22973
1.22973, 1.24129, 1.22654, 1.23278
1.23294, 1.23566, 1.22759, 1.23326
1.23129, 1.23363, 1.22867, 1.22890
1.22893, 1.23023, 1.21948, 1.22192
1.22169, 1.22911, 1.21974, 1.22027
1.22133, 1.24689, 1.22023, 1.24405
1.24362, 1.27069, 1.24059, 1.26458
1.26273, 1.26494, 1.25153, 1.26020
1.26063, 1.28002, 1.25994, 1.27834
1.27815, 1.28773, 1.26556, 1.28274
1.28198, 1.29896, 1.27488, 1.28904
1.28902, 1.29843, 1.28390, 1.29843
1.29461, 1.30125, 1.28735, 1.29588
1.29582, 1.30005, 1.28615, 1.28720
1.28684, 1.29215, 1.28408, 1.29119
1.29081, 1.29499, 1.27883, 1.28496
1.28543, 1.28628, 1.28039, 1.28252
1.28201, 1.28761, 1.28108, 1.28584
1.28584, 1.29045, 1.28061, 1.28624
1.28632, 1.29073, 1.28446, 1.28972
1.29010, 1.29756, 1.28996, 1.29257
1.29284, 1.29727, 1.29260, 1.29343
1.29268, 1.29424, 1.28759, 1.28816
1.28802, 1.29171, 1.28588, 1.28827
1.28808, 1.28969, 1.28439, 1.28554
1.28496, 1.28777, 1.27941, 1.28137
1.28152, 1.28225, 1.27655, 1.27728
1.27881, 1.28984, 1.27854, 1.28521
1.28473, 1.28739, 1.28153, 1.28442
1.28485, 1.28626, 1.28215, 1.28485
1.28484, 1.28880, 1.28246, 1.28814
1.28801, 1.29190, 1.28671, 1.29008
1.29172, 1.29851, 1.29083, 1.29525
1.29498, 1.29698, 1.29101, 1.29258
1.29223, 1.29307, 1.28868, 1.29223
1.29136, 1.29702, 1.28929, 1.29060
1.29047, 1.29284, 1.28231, 1.28289
1.28524, 1.29117, 1.28407, 1.28968
1.28960, 1.29034, 1.28347, 1.28620
1.28561, 1.29171, 1.28269, 1.29107
1.29212, 1.29506, 1.28989, 1.29054
1.29088, 1.29452, 1.28788, 1.29298
1.29125, 1.29490, 1.28959, 1.29407
1.29328, 1.30117, 1.29301, 1.29913
1.29908, 1.31202, 1.29822, 1.31027
1.31021, 1.31658, 1.31020, 1.31585
1.31567, 1.31652, 1.31004, 1.31315
1.31326, 1.31807, 1.31317, 1.31413
1.31465, 1.32149, 1.31322, 1.31555
1.31436, 1.32133, 1.31066, 1.31949
1.31934, 1.32294, 1.30499, 1.31741
1.34347, 1.35141, 1.33052, 1.33287
1.33354, 1.34222, 1.33207, 1.33333
1.33285, 1.33350, 1.30991, 1.31285
1.31185, 1.31339, 1.30594, 1.30780
1.30736, 1.31325, 1.29896, 1.30049
1.30049, 1.30791, 1.29771, 1.29993
1.29986, 1.30320, 1.29043, 1.29354
1.29329, 1.29677, 1.29215, 1.29545
1.29903, 1.30159, 1.29597, 1.29958
1.29915, 1.31168, 1.29680, 1.30798
1.30861, 1.31500, 1.30631, 1.31082
1.31039, 1.32841, 1.31025, 1.32599
1.32195, 1.32302, 1.31152, 1.31351
1.31322, 1.31600, 1.30530, 1.30787
1.30795, 1.31743, 1.30616, 1.31673
1.31636, 1.32119, 1.30948, 1.31199
1.31211, 1.31693, 1.30798, 1.30947
1.30944, 1.31233, 1.30126, 1.30670
1.30631, 1.30965, 1.30421, 1.30580
1.30311, 1.30447, 1.29608, 1.29873
1.29848, 1.30328, 1.29540, 1.30184
1.30148, 1.30420, 1.29841, 1.30380
1.30358, 1.30828, 1.30252, 1.30763
1.30775, 1.31185, 1.30048, 1.30059
1.29962, 1.30137, 1.29617, 1.30075
1.30058, 1.30830, 1.29949, 1.30460
1.30448, 1.31525, 1.30342, 1.31392
1.31366, 1.31508, 1.30964, 1.31249
1.31082, 1.31727, 1.30565, 1.30691
1.30724, 1.31047, 1.30397, 1.30570
1.30513, 1.30649, 1.29749, 1.30272
1.30166, 1.30289, 1.29891, 1.30185
1.30090, 1.31098, 1.29770, 1.30903
1.30834, 1.32095, 1.30804, 1.32028
1.31788, 1.31837, 1.29826, 1.29984
1.29879, 1.30465, 1.29409, 1.30307
1.30298, 1.30697, 1.29560, 1.29996
1.29968, 1.30004, 1.29206, 1.29261
1.29245, 1.29590, 1.28816, 1.28846
1.28855, 1.29460, 1.28717, 1.29133
1.29088, 1.29681, 1.28946, 1.29530
1.29476, 1.29915, 1.29454, 1.29562
1.29591, 1.30693, 1.29441, 1.30402
1.30371, 1.30633, 1.30009, 1.30465
1.30345, 1.30541, 1.29978, 1.30021
1.30008, 1.30489, 1.29706, 1.29961
1.29951, 1.30233, 1.29074, 1.29216
1.29190, 1.29284, 1.28486, 1.28811
1.28798, 1.29810, 1.28743, 1.29550
1.29417, 1.29546, 1.28866, 1.29289
1.29229, 1.30179, 1.29141, 1.30029
1.29954, 1.30079, 1.28956, 1.28961
1.28970, 1.29463, 1.28600, 1.28843
1.28834, 1.29197, 1.27257, 1.28133
1.28070, 1.28507, 1.27398, 1.27531
1.27481, 1.28440, 1.27389, 1.28138
1.28052, 1.28721, 1.27699, 1.28720
1.28678, 1.29682, 1.28604, 1.29520
1.29524, 1.30520, 1.29409, 1.30449
1.30760, 1.32004, 1.30344, 1.30958
1.30981, 1.31157, 1.28654, 1.28811
1.28852, 1.29767, 1.28038, 1.28148
1.28188, 1.28488, 1.24908, 1.25746
1.25668, 1.26241, 1.22525, 1.22914
1.24113, 1.24199, 1.22020, 1.22684
1.22682, 1.22733, 1.20014, 1.20575
1.20590, 1.21293, 1.14499, 1.15780
1.15844, 1.17931, 1.14311, 1.14699
1.14637, 1.19335, 1.14094, 1.16463
1.16750, 1.17136, 1.14463, 1.15335
1.15360, 1.17992, 1.14846, 1.17458
1.17541, 1.19733, 1.16386, 1.18774
1.18791, 1.22290, 1.17759, 1.21520
1.21612, 1.24850, 1.21293, 1.24456
1.24262, 1.24657, 1.23168, 1.24171
1.24056, 1.24727, 1.22414, 1.24116
1.24110, 1.24441, 1.23297, 1.23657
1.23862, 1.24754, 1.23473, 1.23930
1.24031, 1.24048, 1.22046, 1.22652
1.22280, 1.23271, 1.22096, 1.22273
1.22258, 1.23840, 1.21634, 1.23352
1.23273, 1.24197, 1.22874, 1.23814
1.23781, 1.24836, 1.23604, 1.24624
1.24604, 1.24864, 1.24412, 1.24442
1.24605, 1.25366, 1.24524, 1.25038
1.25032, 1.26476, 1.24998, 1.26228
1.26193, 1.26305, 1.24363, 1.25221
1.25112, 1.25257, 1.24079, 1.24557
1.24548, 1.25220, 1.24066, 1.24959
1.24928, 1.24995, 1.24162, 1.24319
1.24300, 1.24439, 1.22473, 1.22935
1.22903, 1.23857, 1.22747, 1.23324
1.23264, 1.24148, 1.23078, 1.23442
1.23485, 1.23772, 1.22981, 1.23640
1.23627, 1.24544, 1.23593, 1.24296
1.24170, 1.25180, 1.24037, 1.24228
1.24242, 1.24853, 1.23889, 1.24705
1.24705, 1.26437, 1.24286, 1.25921
1.25829, 1.26003, 1.24830, 1.24891
1.24788, 1.24864, 1.24052, 1.24401
1.24371, 1.24837, 1.24202, 1.24338
1.24320, 1.24502, 1.23350, 1.23412
1.23400, 1.24184, 1.22659, 1.23602
1.23558, 1.24674, 1.23482, 1.24048
1.24046, 1.24377, 1.22826, 1.23320
1.23279, 1.23775, 1.22550, 1.22590
1.22558, 1.23397, 1.22098, 1.22352
1.22301, 1.22417, 1.21655, 1.22307
1.22219, 1.22388, 1.21000, 1.21000
1.21000, 1.22275, 1.20721, 1.21952
1.22005, 1.22963, 1.21829, 1.22461
1.22446, 1.22876, 1.22211, 1.22369
1.22355, 1.22495, 1.21855, 1.22217
1.22152, 1.22335, 1.21612, 1.21641
1.21693, 1.22035, 1.21619, 1.21786
1.21843, 1.23632, 1.21780, 1.23366
1.23312, 1.23543, 1.22040, 1.22590
1.22576, 1.23446, 1.22336, 1.23205
1.23168, 1.23939, 1.22902, 1.23450
1.23198, 1.25065, 1.23198, 1.24874
1.24877, 1.25759, 1.24783, 1.25508
1.25460, 1.26153, 1.25443, 1.25750
1.25718, 1.26333, 1.25005, 1.25948
1.25969, 1.27311, 1.25828, 1.26660
1.26794, 1.27358, 1.26279, 1.27233
1.27222, 1.27557, 1.26176, 1.27263
1.27262, 1.28130, 1.27061, 1.27448
1.27440, 1.27545, 1.25861, 1.25999
1.25939, 1.26534, 1.24737, 1.25384
1.25120, 1.26044, 1.24533, 1.26044
1.25996, 1.26868, 1.25519, 1.25713
1.25704, 1.25879, 1.25098, 1.25536
1.25404, 1.25660, 1.24009, 1.24194
1.24163, 1.24550, 1.23432, 1.23467
1.23483, 1.24763, 1.23347, 1.24674
1.24608, 1.25312, 1.24313, 1.25202
1.25121, 1.25419, 1.24134, 1.24189
1.24161, 1.24635, 1.23881, 1.24162
1.24185, 1.24361, 1.23138, 1.23332
1.23359, 1.23889, 1.22509, 1.22960
1.22877, 1.24009, 1.22571, 1.23987
1.23923, 1.24897, 1.23588, 1.24731
1.24683, 1.25291, 1.24553, 1.24673
1.24618, 1.24986, 1.24371, 1.24803
1.24687, 1.25193, 1.24607, 1.24911
1.24891, 1.25916, 1.24616, 1.25425
1.25401, 1.26225, 1.25078, 1.26084
1.26070, 1.26688, 1.25992, 1.26044
1.26015, 1.26633, 1.25660, 1.26179
1.26296, 1.26655, 1.25494, 1.25524
1.25546, 1.25628, 1.24790, 1.25535
1.25537, 1.26488, 1.25473, 1.25865
1.25768, 1.26239, 1.25193, 1.25532
1.25514, 1.25736, 1.25111, 1.25653
1.25519, 1.26647, 1.25172, 1.26600
1.26525, 1.27671, 1.26492, 1.27322
1.27243, 1.27429, 1.26432, 1.27338
1.27225, 1.27594, 1.26720, 1.27396
1.27308, 1.28030, 1.27162, 1.27920
1.27912, 1.29022, 1.27762, 1.28782
1.28738, 1.29519, 1.28373, 1.29307
1.29274, 1.30127, 1.29110, 1.29944
1.29912, 1.31020, 1.29436, 1.30922
1.30909, 1.31694, 1.30696, 1.30820
1.30729, 1.31119, 1.30039, 1.30741
1.30719, 1.31070, 1.29804, 1.30689
1.30565, 1.31610, 1.30518, 1.31118
1.31122, 1.31850, 1.31092, 1.31404
1.31434, 1.31491, 1.30085, 1.30499
1.30592, 1.31027, 1.30182, 1.30716
1.30620, 1.31314, 1.30408, 1.30457
1.30519, 1.30669, 1.30045, 1.30302
1.30282, 1.31242, 1.30268, 1.30664
1.30651, 1.31421, 1.30473, 1.30868
1.30900, 1.31209, 1.30732, 1.31026
1.31055, 1.32492, 1.30920, 1.32365
1.32290, 1.32665, 1.30929, 1.30974
1.30917, 1.32235, 1.30636, 1.32123
1.32109, 1.32542, 1.30579, 1.30869
1.30812, 1.31483, 1.30528, 1.30617
1.30623, 1.31697, 1.30540, 1.31495
1.31456, 1.32180, 1.31163, 1.32098
1.32029, 1.32836, 1.31602, 1.31977
1.31979, 1.33557, 1.31852, 1.33485
1.33436, 1.33950, 1.33002, 1.33643
1.33675, 1.34816, 1.33555, 1.33823
1.33764, 1.34018, 1.32824, 1.33497
1.33435, 1.33585, 1.32414, 1.32791
1.32715, 1.33182, 1.31749, 1.32791
1.32584, 1.32648, 1.31391, 1.31614
1.31634, 1.31717, 1.29790, 1.29799
1.29796, 1.30224, 1.28838, 1.29981
1.29882, 1.30342, 1.27718, 1.28043
1.27940, 1.28649, 1.27611, 1.27931
1.27787, 1.29188, 1.27724, 1.28440
1.28411, 1.29255, 1.28137, 1.28870
1.28870, 1.30061, 1.28742, 1.29656
1.29646, 1.29981, 1.28642, 1.29714
1.29669, 1.29987, 1.29132, 1.29152
1.29273, 1.29657, 1.27745, 1.28147
1.28065, 1.28664, 1.27097, 1.27349
1.27282, 1.27761, 1.26741, 1.27246
1.27204, 1.27801, 1.26896, 1.27415
1.27423, 1.28047, 1.26864, 1.27405
1.27567, 1.29288, 1.27502, 1.28305
1.28357, 1.29020, 1.28215, 1.28509
1.28546, 1.29417, 1.28044, 1.29230
1.29147, 1.29776, 1.28185, 1.28851
1.28816, 1.29530, 1.28356, 1.29280
1.29241, 1.29903, 1.28987, 1.29815
1.29720, 1.30062, 1.28664, 1.28732
1.28733, 1.29287, 1.28436, 1.29179
1.29124, 1.29694, 1.28904, 1.29332
1.29216, 1.30485, 1.29159, 1.30437
1.30260, 1.30818, 1.30044, 1.30640
1.30645, 1.30672, 1.29207, 1.29335
1.29313, 1.30636, 1.28620, 1.30100
1.30050, 1.30290, 1.28896, 1.29031
1.29074, 1.29616, 1.28556, 1.29085
1.28968, 1.30239, 1.28944, 1.29471
1.29387, 1.29787, 1.29103, 1.29474
1.29342, 1.31759, 1.29342, 1.31433
1.31399, 1.31509, 1.30696, 1.30821
1.30775, 1.31213, 1.30182, 1.30433
1.30463, 1.30740, 1.29918, 1.30145
1.30160, 1.30787, 1.30001, 1.30403
1.30390, 1.30626, 1.29156, 1.29805
1.29829, 1.30247, 1.28802, 1.29170
1.29234, 1.29871, 1.28979, 1.29458
1.29209, 1.29418, 1.28533, 1.29173
1.29139, 1.30780, 1.29060, 1.30613
1.30533, 1.31399, 1.29135, 1.29815
1.29819, 1.31539, 1.29297, 1.31491
1.31447, 1.31763, 1.30914, 1.31464
1.31566, 1.32073, 1.31172, 1.31620
1.31610, 1.32775, 1.31541, 1.32697
1.32638, 1.33127, 1.31904, 1.32226
1.32164, 1.32278, 1.31056, 1.31211
1.31083, 1.31997, 1.31083, 1.31975
1.31757, 1.32416, 1.31646, 1.31993
1.31856, 1.32716, 1.31851, 1.32475
1.32424, 1.33114, 1.32413, 1.32660
1.32685, 1.32785, 1.31949, 1.32611
1.32600, 1.32965, 1.32420, 1.32853
1.32892, 1.33969, 1.32630, 1.33214
1.33164, 1.33797, 1.32921, 1.33610
1.33510, 1.33927, 1.33034, 1.33843
1.33763, 1.33967, 1.33210, 1.33521
1.33515, 1.33811, 1.32853, 1.33006
1.33262, 1.33837, 1.33012, 1.33198
1.33190, 1.34416, 1.33148, 1.34220
1.34195, 1.34404, 1.32864, 1.33630
1.33549, 1.34992, 1.33523, 1.34520
1.34422, 1.35387, 1.34086, 1.34308
1.34073, 1.34368, 1.32232, 1.33776
1.33715, 1.33918, 1.32884, 1.33552
1.33513, 1.34772, 1.33457, 1.34044
1.33905, 1.34095, 1.32447, 1.32858
1.32896, 1.33234, 1.31334, 1.32212
1.33465, 1.34448, 1.32891, 1.33286
1.33192, 1.34689, 1.32793, 1.34634
1.34534, 1.35536, 1.34336, 1.35075
1.34985, 1.36236, 1.34918, 1.35837
1.35789, 1.35852, 1.34705, 1.35234
1.34067, 1.34990, 1.31869, 1.34628
1.34595, 1.34691, 1.33030, 1.33619
1.33573, 1.35698, 1.33510, 1.34972
1.34876, 1.36183, 1.34876, 1.35469
1.35435, 1.35746, 1.34281, 1.34574
1.34444, 1.35219, 1.34405, 1.34979
1.34983, 1.36251, 1.34906, 1.36231
1.36111, 1.36853, 1.36026, 1.36528
1.36477, 1.37029, 1.35407, 1.35694
1.35649, 1.36414, 1.35533, 1.36259
1.36166, 1.36701, 1.35378, 1.36058
1.36047, 1.36323, 1.35316, 1.35635
1.35593, 1.36349, 1.35372, 1.35546
1.35611, 1.35676, 1.34496, 1.35052
1.35067, 1.36692, 1.35033, 1.36639
1.36577, 1.37002, 1.36108, 1.36350
1.36332, 1.37098, 1.36154, 1.36838
1.36823, 1.36969, 1.35715, 1.35803
1.35895, 1.35982, 1.35187, 1.35841
1.35829, 1.36360, 1.35727, 1.36350
1.36294, 1.37177, 1.36222, 1.36588
1.36542, 1.37450, 1.36452, 1.37330
1.37299, 1.37355, 1.36352, 1.36798
1.36797, 1.37228, 1.36477, 1.36744
1.36704, 1.37435, 1.36086, 1.37336
1.37312, 1.37579, 1.36582, 1.36886
1.36817, 1.37451, 1.36292, 1.37210
1.37154, 1.37507, 1.36563, 1.36930
1.37034, 1.37569, 1.36555, 1.36617
1.36600, 1.37096, 1.36104, 1.36665
1.36609, 1.36827, 1.36184, 1.36413
1.36369, 1.36974, 1.35642, 1.36689
1.36593, 1.37392, 1.36549, 1.37329
1.37148, 1.37485, 1.36792, 1.37406
1.37337, 1.38191, 1.37312, 1.38119
1.38078, 1.38653, 1.38017, 1.38333
1.38249, 1.38583, 1.37995, 1.38151
1.38110, 1.38618, 1.37752, 1.38534
1.38495, 1.39181, 1.38478, 1.38962
1.39040, 1.39506, 1.38684, 1.39006
1.38994, 1.39069, 1.38288, 1.38637
1.38534, 1.39851, 1.38389, 1.39719
1.39664, 1.40352, 1.39506, 1.40024
1.40125, 1.40854, 1.39796, 1.40609
1.40587, 1.41162, 1.40533, 1.41140
1.40976, 1.42407, 1.40812, 1.41387
1.41349, 1.41812, 1.39991, 1.40073
1.40056, 1.40250, 1.38873, 1.39160
1.39279, 1.39980, 1.39030, 1.39233
1.39202, 1.39761, 1.38580, 1.39549
1.39529, 1.40054, 1.39199, 1.39463
1.39493, 1.40163, 1.38793, 1.38917
1.38906, 1.39057, 1.37776, 1.38293
1.38071, 1.38643, 1.37992, 1.38203
1.38200, 1.39246, 1.38007, 1.38866
1.38854, 1.39372, 1.38447, 1.39351
1.39260, 1.39948, 1.39179, 1.39916
1.39826, 1.40039, 1.38626, 1.39151
1.39164, 1.39488, 1.38521, 1.38999
1.38998, 1.39053, 1.38078, 1.38914
1.38901, 1.39704, 1.38499, 1.39557
1.39581, 1.40006, 1.38965, 1.39250
1.39260, 1.39584, 1.38296, 1.38596
1.38358, 1.38761, 1.38167, 1.38573
1.38581, 1.38633, 1.37399, 1.37512
1.37477, 1.37563, 1.36734, 1.36848
1.36868, 1.37446, 1.36694, 1.37338
1.37358, 1.38117, 1.37322, 1.37899
1.37892, 1.38463, 1.37545, 1.37600
1.37600, 1.37825, 1.37053, 1.37387
1.37326, 1.38110, 1.37154, 1.37825
1.37790, 1.38358, 1.37451, 1.38326
1.38277, 1.38514, 1.38093, 1.38273
1.38225, 1.39128, 1.38121, 1.39041
1.38932, 1.39177, 1.38012, 1.38223
1.38188, 1.38390, 1.37235, 1.37372
1.37317, 1.37816, 1.37176, 1.37321
1.37290, 1.37497, 1.36688, 1.37019
1.37041, 1.37758, 1.36681, 1.37431
1.37366, 1.37681, 1.36933, 1.37503
1.37473, 1.38080, 1.37463, 1.37749
1.37714, 1.38082, 1.37607, 1.37794
1.37769, 1.38421, 1.37151, 1.38383
1.38298, 1.39920, 1.38086, 1.39850
1.39848, 1.40082, 1.39254, 1.39387
1.39293, 1.39487, 1.38846, 1.39273
1.39221, 1.39485, 1.38227, 1.38390
1.38320, 1.38947, 1.38304, 1.38790
1.38689, 1.39285, 1.38634, 1.39008
1.38907, 1.39232, 1.38577, 1.39075
1.39078, 1.39498, 1.38604, 1.39421
1.39325, 1.39758, 1.39274, 1.39389
1.39346, 1.39574, 1.38019, 1.38104
1.38105, 1.39309, 1.37999, 1.39069
1.39038, 1.39112, 1.38376, 1.38842
1.38805, 1.39256, 1.38753, 1.39081
1.38963, 1.39398, 1.38560, 1.38916
1.38884, 1.40048, 1.38837, 1.39875
1.40025, 1.41576, 1.39944, 1.41176
1.41145, 1.41662, 1.41032, 1.41390
1.41382, 1.41523, 1.40491, 1.40535
1.40507, 1.40771, 1.40048, 1.40482
1.40432, 1.41100, 1.40350, 1.40921
1.40991, 1.41459, 1.40764, 1.41372
1.41288, 1.42192, 1.41288, 1.41868
1.41834, 1.41999, 1.40991, 1.41053
1.41093, 1.41917, 1.41001, 1.41867
1.41870, 1.42329, 1.41397, 1.41462
1.41476, 1.41709, 1.41105, 1.41553
1.41510, 1.42100, 1.41148, 1.41452
1.41477, 1.41753, 1.41114, 1.41149
1.41131, 1.42185, 1.40906, 1.41984
1.41991, 1.42074, 1.41353, 1.41847
1.41818, 1.42170, 1.41629, 1.42125
1.42045, 1.42494, 1.41453, 1.41462
1.41465, 1.41824, 1.41109, 1.41684
1.41661, 1.42020, 1.40851, 1.41049
1.40967, 1.41996, 1.40819, 1.41553
1.41533, 1.41903, 1.41105, 1.41745
1.41772, 1.41836, 1.41201, 1.41515
1.41520, 1.41881, 1.41091, 1.41125
1.41124, 1.41773, 1.40721, 1.41755
1.41576, 1.41845, 1.40948, 1.41083
1.41023, 1.41231, 1.40692, 1.41037
1.41047, 1.41280, 1.40335, 1.40807
1.40777, 1.41319, 1.39814, 1.39826
1.39916, 1.40080, 1.38950, 1.39188
1.39105, 1.39437, 1.37909, 1.37967
1.37988, 1.39362, 1.37854, 1.39331
1.39321, 1.39629, 1.38595, 1.39449
1.39480, 1.40007, 1.39230, 1.39591
1.39591, 1.39857, 1.38885, 1.39181
1.39099, 1.39345, 1.38705, 1.38759
1.38882, 1.39387, 1.38698, 1.38782
1.38785, 1.38817, 1.38132, 1.38409
1.38342, 1.38722, 1.37977, 1.38317
1.38310, 1.38371, 1.37521, 1.37608
1.37565, 1.38436, 1.37304, 1.38288
1.38242, 1.38611, 1.38160, 1.38389
1.38413, 1.38978, 1.37718, 1.37945
1.37937, 1.38408, 1.37529, 1.37942
1.37963, 1.38039, 1.37411, 1.37888
1.37768, 1.39001, 1.37548, 1.38996
1.38877, 1.39095, 1.38380, 1.38773
1.38766, 1.39044, 1.37988, 1.38094
1.38073, 1.38912, 1.38007, 1.38607
1.38541, 1.38982, 1.38040, 1.38244
1.38231, 1.38612, 1.37599, 1.37610
1.37689, 1.37702, 1.36541, 1.36739
1.36702, 1.36884, 1.35710, 1.36276
1.36158, 1.37222, 1.35902, 1.37115
1.37044, 1.37864, 1.36896, 1.37660
1.37440, 1.37792, 1.37192, 1.37445
1.37535, 1.38325, 1.37360, 1.38153
1.38155, 1.38933, 1.37659, 1.38771
1.38767, 1.39102, 1.38417, 1.39033
1.39018, 1.39811, 1.38969, 1.39591
1.39576, 1.39826, 1.38872, 1.39049
1.38961, 1.39317, 1.38749, 1.38844
1.38801, 1.39376, 1.38703, 1.39122
1.39123, 1.39568, 1.38848, 1.38885
1.38882, 1.39480, 1.38712, 1.39260
1.39256, 1.39321, 1.38604, 1.38724
1.38716, 1.38937, 1.38402, 1.38449
1.38445, 1.38716, 1.38266, 1.38357
1.38349, 1.38869, 1.38016, 1.38636
1.38633, 1.38776, 1.37939, 1.38033
1.38034, 1.38740, 1.37897, 1.38670
1.38528, 1.38773, 1.38271, 1.38398
1.38395, 1.38438, 1.37251, 1.37367
1.37353, 1.37853, 1.37160, 1.37555
1.37539, 1.37571, 1.36310, 1.36325
1.36319, 1.36400, 1.36011, 1.36205
1.36146, 1.37310, 1.36080, 1.37232
1.37196, 1.37469, 1.36926, 1.37289
1.37281, 1.37659, 1.36959, 1.37620
1.37613, 1.37670, 1.36885, 1.36993
1.36982, 1.37800, 1.36787, 1.37561
1.37517, 1.37745, 1.37327, 1.37553
1.37552, 1.38067, 1.37421, 1.37525
1.37516, 1.37974, 1.37301, 1.37671
1.37673, 1.38389, 1.37664, 1.38347
1.38342, 1.38908, 1.38170, 1.38560
1.38557, 1.38665, 1.38177, 1.38321
1.38314, 1.38557, 1.37671, 1.37841
1.37834, 1.37895, 1.37256, 1.37736
1.37727, 1.38619, 1.37524, 1.38373
1.38366, 1.38877, 1.38247, 1.38292
1.38305, 1.38503, 1.37962, 1.38390
1.38385, 1.39122, 1.38026, 1.38064
1.38071, 1.38530, 1.37917, 1.38405
1.38397, 1.38514, 1.37637, 1.37919
1.37910, 1.38119, 1.37261, 1.37263
1.37337, 1.37468, 1.36396, 1.36553
1.36532, 1.36922, 1.36402, 1.36592
1.36582, 1.36889, 1.36082, 1.36159
1.36143, 1.37497, 1.36099, 1.37191
1.37189, 1.37354, 1.36570, 1.36694
1.36629, 1.37281, 1.36561, 1.37015
1.37003, 1.37165, 1.35198, 1.35365
1.35356, 1.35539, 1.34111, 1.34234
1.34228, 1.35166, 1.34147, 1.34680
1.34681, 1.35748, 1.34328, 1.35420
1.35502, 1.36395, 1.35311, 1.36070
1.36060, 1.36472, 1.35835, 1.36249
1.36254, 1.36304, 1.35431, 1.35859
1.35841, 1.36373, 1.35696, 1.36136
1.36129, 1.36559, 1.35827, 1.36169
1.36171, 1.36731, 1.35833, 1.35936
1.35931, 1.36366, 1.35676, 1.35881
1.35867, 1.36638, 1.35737, 1.36589
1.36578, 1.37335, 1.36512, 1.36726
1.36718, 1.37723, 1.36668, 1.37433
1.37493, 1.37643, 1.37081, 1.37264
1.37256, 1.38329, 1.37191, 1.37908
1.37910, 1.38337, 1.37416, 1.38224
1.38213, 1.38323, 1.37753, 1.37925
1.37914, 1.38145, 1.37351, 1.37588
1.37436, 1.37912, 1.37403, 1.37665
1.37659, 1.38289, 1.37560, 1.37634
1.37632, 1.37797, 1.37086, 1.37397
1.37391, 1.38142, 1.37216, 1.37954
1.37944, 1.38031, 1.36676, 1.36917
1.36807, 1.36924, 1.36411, 1.36617
1.36618, 1.36667, 1.36047, 1.36131
1.36117, 1.36909, 1.36065, 1.36827
1.36827, 1.36973, 1.34703, 1.34949
1.34950, 1.35082, 1.34235, 1.34907
1.34838, 1.35790, 1.34495, 1.35652
1.35640, 1.36064, 1.35234, 1.35587
1.35576, 1.35642, 1.34016, 1.34021
1.34022, 1.34325, 1.33577, 1.33649
1.33656, 1.34253, 1.33524, 1.34064
1.34067, 1.34486, 1.33993, 1.34117
1.34110, 1.34721, 1.34046, 1.34249
1.34245, 1.34954, 1.33953, 1.34925
1.34898, 1.35125, 1.34631, 1.34993
1.34973, 1.35088, 1.34066, 1.34399
1.34412, 1.34563, 1.33837, 1.33924
1.33924, 1.34087, 1.33415, 1.33777
1.33767, 1.33892, 1.33151, 1.33267
1.33260, 1.33529, 1.33045, 1.33169
1.33165, 1.33579, 1.32774, 1.33513
1.33354, 1.33623, 1.32866, 1.33144
1.33134, 1.33698, 1.31936, 1.33019
1.33007, 1.33511, 1.32608, 1.32723
1.32721, 1.33329, 1.32697, 1.32983
1.32978, 1.33090, 1.32079, 1.32278
1.32345, 1.32854, 1.32161, 1.32601
1.32585, 1.32887, 1.32076, 1.32413
1.32389, 1.32604, 1.31593, 1.32010
1.31988, 1.32217, 1.31692, 1.32174
1.32172, 1.32750, 1.31861, 1.32641
1.32476, 1.32683, 1.32065, 1.32109
1.32075, 1.32560, 1.31900, 1.32260
1.32240, 1.32819, 1.31712, 1.32608
1.32595, 1.33739, 1.32406, 1.33217
1.33208, 1.33385, 1.32298, 1.32360
1.32370, 1.32439, 1.31726, 1.32061
1.32058, 1.32701, 1.31965, 1.32671
1.32638, 1.33620, 1.32392, 1.33529
1.33514, 1.34369, 1.33384, 1.34136
1.34082, 1.34175, 1.33877, 1.33984
1.33860, 1.34443, 1.33860, 1.34420
1.34402, 1.34610, 1.34142, 1.34306
1.34291, 1.34986, 1.34080, 1.34856
1.34856, 1.35212, 1.34537, 1.35003
1.34989, 1.35495, 1.34648, 1.35339
1.35269, 1.35320, 1.34301, 1.34771
1.34756, 1.35568, 1.34586, 1.35268
1.35267, 1.35980, 1.35218, 1.35543
1.35536, 1.35583, 1.34891, 1.35341
1.35325, 1.35965, 1.35261, 1.35905
1.35720, 1.36027, 1.35312, 1.35787
1.35757, 1.36355, 1.35605, 1.36337
1.36332, 1.37133, 1.36200, 1.37025
1.37019, 1.37479, 1.36985, 1.37074
1.37072, 1.37422, 1.36524, 1.36799
1.36718, 1.36890, 1.36366, 1.36419
1.36418, 1.36607, 1.35721, 1.35971
1.35957, 1.36482, 1.35870, 1.36126
1.36119, 1.36612, 1.35860, 1.35965
1.35961, 1.36008, 1.35446, 1.35510
1.35472, 1.35646, 1.34396, 1.34907
1.34900, 1.35179, 1.34357, 1.35033
1.35024, 1.35240, 1.34437, 1.34632
1.34620, 1.34673, 1.33575, 1.33803
1.33794, 1.34318, 1.33645, 1.33937
1.33909, 1.34597, 1.33854, 1.34439
1.34436, 1.35273, 1.34333, 1.35236
1.35217, 1.35858, 1.35138, 1.35716
1.35720, 1.36271, 1.35375, 1.35991
1.35937, 1.36140, 1.35042, 1.35268
1.35342, 1.35500, 1.34897, 1.35342
1.35342, 1.35631, 1.35068, 1.35465
1.35443, 1.35884, 1.35258, 1.35342
1.35339, 1.36427, 1.35224, 1.35585
1.35574, 1.36086, 1.35130, 1.35606
1.35517, 1.35710, 1.34941, 1.35327
1.35297, 1.35661, 1.34857, 1.35423
1.35389, 1.36001, 1.35240, 1.35825
1.35815, 1.36372, 1.35545, 1.36131
1.36123, 1.36418, 1.35723, 1.35926
1.35865, 1.36375, 1.35806, 1.36002
1.35989, 1.36038, 1.35374, 1.35849
1.35815, 1.36197, 1.35349, 1.35435
1.35426, 1.35484, 1.32720, 1.33722
1.33715, 1.34379, 1.33657, 1.34106
1.33305, 1.34308, 1.33241, 1.34209
1.34181, 1.34365, 1.33014, 1.33236
1.33221, 1.34061, 1.32707, 1.34049
1.34038, 1.34170, 1.33166, 1.33479
1.33470, 1.33520, 1.32015, 1.32344
1.32207, 1.32372, 1.31010, 1.31021
1.31022, 1.31438, 1.30811, 1.30988
1.30977, 1.31890, 1.30874, 1.31819
1.31810, 1.31938, 1.30807, 1.30809
1.30812, 1.31240, 1.30266, 1.30358
1.30328, 1.30783, 1.29988, 1.30017
1.30017, 1.30878, 1.29996, 1.30351
1.30347, 1.31557, 1.30346, 1.31424
1.31424, 1.32103, 1.30868, 1.31489
1.31456, 1.31961, 1.31096, 1.31757
1.31685, 1.32092, 1.31260, 1.31612
1.31613, 1.32729, 1.31192, 1.32576
1.32576, 1.32977, 1.31743, 1.32011
1.32013, 1.32131, 1.31561, 1.31796
1.31792, 1.32239, 1.31586, 1.31788
1.31767, 1.31814, 1.30660, 1.30930
1.30921, 1.31588, 1.30500, 1.30925
1.30901, 1.31819, 1.30822, 1.31343
1.31334, 1.31746, 1.31050, 1.31411
1.31393, 1.31506, 1.30856, 1.31102
1.31020, 1.31358, 1.30923, 1.31153
1.31137, 1.31659, 1.30659, 1.30700
1.30706, 1.31072, 1.30446, 1.30670
1.30662, 1.31060, 1.30507, 1.30750
1.30746, 1.30790, 1.29812, 1.30327
1.30299, 1.30558, 1.29881, 1.30271
1.30271, 1.30531, 1.29929, 1.29998
1.29998, 1.31163, 1.29721, 1.31163
1.31127, 1.31463, 1.30325, 1.30785
1.30768, 1.30768, 1.30430, 1.30584
1.30472, 1.30634, 1.30039, 1.30094
1.30088, 1.30399, 1.29795, 1.29996
1.29987, 1.30698, 1.29871, 1.30653
1.30615, 1.30892, 1.30215, 1.30262
1.30264, 1.30342, 1.28221, 1.28367
1.28307, 1.28396, 1.26964, 1.27405
1.27397, 1.27712, 1.25705, 1.25732
1.25748, 1.26011, 1.25018, 1.25459
1.25452, 1.25690, 1.24107, 1.24612
1.24559, 1.26135, 1.24378, 1.25750
1.25785, 1.25962, 1.24719, 1.24927
1.24914, 1.25664, 1.24697, 1.24940
1.24936, 1.26372, 1.24506, 1.26311
1.26289, 1.26321, 1.23243, 1.23553
1.23554, 1.23795, 1.22754, 1.23346
1.23333, 1.24052, 1.22602, 1.23267
1.23272, 1.23749, 1.22906, 1.23157
1.23139, 1.23994, 1.22364, 1.22445
1.22450, 1.22511, 1.21641, 1.21974
1.21964, 1.22591, 1.21547, 1.22577
1.22480, 1.23286, 1.22164, 1.23215
1.23199, 1.24978, 1.23141, 1.24905
1.24876, 1.24996, 1.23292, 1.23396
1.23388, 1.25237, 1.23335, 1.24775
1.24731, 1.24988, 1.24363, 1.24896
1.24738, 1.26002, 1.24704, 1.25873
1.25846, 1.25975, 1.24707, 1.25341
1.25326, 1.25899, 1.24803, 1.25805
1.25771, 1.26199, 1.25510, 1.26068
1.26002, 1.26658, 1.25736, 1.26285
1.26139, 1.26589, 1.26088, 1.26543
1.26526, 1.26526, 1.25593, 1.26043
1.26025, 1.26157, 1.24578, 1.24852
1.24844, 1.25857, 1.24681, 1.25771
1.25757, 1.25886, 1.24842, 1.24846
1.24844, 1.25765, 1.24755, 1.25261
1.25263, 1.25988, 1.24294, 1.25896
1.25892, 1.25964, 1.25122, 1.25351
1.25347, 1.25574, 1.24863, 1.24954
1.24942, 1.25167, 1.23002, 1.23084
1.23143, 1.23193, 1.21059, 1.21346
1.21336, 1.22065, 1.19326, 1.19947
1.19942, 1.22037, 1.19841, 1.21700
1.21705, 1.24057, 1.20400, 1.23506
1.23507, 1.23592, 1.21716, 1.22160
1.22141, 1.22796, 1.21981, 1.22449
1.22433, 1.23234, 1.22370, 1.22769
1.22755, 1.23140, 1.21600, 1.22613
1.22609, 1.22938, 1.21690, 1.22596
1.22576, 1.23198, 1.22395, 1.22698
1.22568, 1.23316, 1.22371, 1.22657
1.22650, 1.22905, 1.21797, 1.21835
1.21830, 1.22120, 1.21048, 1.21232
1.21224, 1.21874, 1.20911, 1.21769
1.21769, 1.21769, 1.19747, 1.20926
1.20977, 1.21643, 1.20835, 1.20994
1.20996, 1.21244, 1.18976, 1.19572
1.19500, 1.19884, 1.18750, 1.19208
1.19196, 1.20287, 1.19078, 1.20227
1.20218, 1.20553, 1.19186, 1.20329
1.20139, 1.20356, 1.18657, 1.18885
1.18879, 1.19150, 1.18066, 1.18857
1.18841, 1.19664, 1.18264, 1.18889
1.18888, 1.18914, 1.17590, 1.18261
1.18240, 1.18737, 1.18035, 1.18622
1.18615, 1.20327, 1.18614, 1.19517
1.19505, 1.20438, 1.19242, 1.19979
1.19974, 1.20364, 1.19524, 1.19776
1.19761, 1.20028, 1.18889, 1.19954
1.19927, 1.20629, 1.19152, 1.20039
1.19902, 1.20858, 1.19591, 1.20468
1.20435, 1.20890, 1.19629, 1.20268
1.20243, 1.21851, 1.20136, 1.21570
1.21544, 1.21906, 1.21023, 1.21812
1.21792, 1.22446, 1.20622, 1.21809
1.21617, 1.22925, 1.21547, 1.22523
1.22506, 1.22782, 1.21573, 1.21613
1.21611, 1.22069, 1.20992, 1.21458
1.21437, 1.22101, 1.20646, 1.21574
1.21569, 1.21684, 1.20025, 1.20723
1.20658, 1.21369, 1.20464, 1.20800
1.20792, 1.21296, 1.20622, 1.20731
1.20730, 1.22760, 1.20638, 1.22119
1.22130, 1.22485, 1.21814, 1.21981
1.21979, 1.22142, 1.20988, 1.21350
1.21269, 1.21472, 1.20493, 1.20529
1.20527, 1.21170, 1.20067, 1.20976
1.20957, 1.21416, 1.20272, 1.20516
1.20496, 1.20786, 1.19217, 1.19310
1.19285, 1.19352, 1.17912, 1.18237
1.18221, 1.18359, 1.17411, 1.17644
1.17636, 1.18768, 1.17164, 1.18313
1.18295, 1.18369, 1.17550, 1.17971
1.17954, 1.18636, 1.17827, 1.18329
1.18313, 1.19003, 1.17325, 1.17366
1.17315, 1.17433, 1.16475, 1.17030
1.17030, 1.17597, 1.16204, 1.16524
1.16512, 1.16928, 1.15984, 1.16199
1.16195, 1.16195, 1.14979, 1.15417
1.15417, 1.15877, 1.14950, 1.15110
1.14796, 1.15202, 1.14425, 1.15173
1.15156, 1.16083, 1.14931, 1.15172
1.15102, 1.15385, 1.14044, 1.15347
1.15310, 1.15597, 1.14598, 1.14996
1.14989, 1.16472, 1.14957, 1.15852
1.16221, 1.17096, 1.15998, 1.16816
1.16802, 1.17373, 1.14917, 1.14919
1.14912, 1.15888, 1.14790, 1.15391
1.15373, 1.15479, 1.14607, 1.14658
1.14646, 1.14792, 1.13496, 1.14214
1.14077, 1.14409, 1.13543, 1.14310
1.14290, 1.14599, 1.13565, 1.13809
1.13780, 1.13835, 1.12348, 1.12705
1.12679, 1.13631, 1.12110, 1.12550
1.12548, 1.12731, 1.08382, 1.08441
1.07924, 1.09284, 1.03431, 1.06879
1.06850, 1.08366, 1.06475, 1.07287
1.07278, 1.09150, 1.05383, 1.08875
1.08853, 1.11076, 1.07611, 1.11042
1.11063, 1.12333, 1.10241, 1.11517
1.11603, 1.13336, 1.10848, 1.13197
1.13192, 1.14888, 1.12793, 1.14737
1.14704, 1.14942, 1.12261, 1.13252
1.13199, 1.13824, 1.11116, 1.11602
1.11566, 1.12241, 1.10547, 1.10848
1.10819, 1.11101, 1.10185, 1.10585
1.10570, 1.11786, 1.09518, 1.09706
1.09689, 1.11324, 1.09224, 1.10958
1.10933, 1.13792, 1.10562, 1.13296
1.13260, 1.13651, 1.11508, 1.11762
1.12118, 1.14389, 1.12091, 1.13613
1.13579, 1.14095, 1.12545, 1.13184
1.13163, 1.13565, 1.11842, 1.12173
1.12152, 1.13357, 1.11704, 1.12312
1.12284, 1.13132, 1.10597, 1.12909
1.13823, 1.14064, 1.12568, 1.12803
1.12777, 1.14982, 1.12691, 1.14741
1.14719, 1.16382, 1.14295, 1.16283
1.16203, 1.16448, 1.15479, 1.15649
1.15627, 1.16230, 1.15027, 1.16129
1.15878, 1.16130, 1.14576, 1.14665
1.14666, 1.15656, 1.14365, 1.14816
1.14809, 1.15636, 1.13857, 1.13897
1.13876, 1.14212, 1.11509, 1.11571
1.11575, 1.13815, 1.11444, 1.13735
1.13062, 1.15408, 1.12897, 1.15122
1.15117, 1.15984, 1.14288, 1.15444
1.15409, 1.15657, 1.13330, 1.13551
1.13527, 1.17302, 1.13445, 1.17139
1.17096, 1.18537, 1.16460, 1.18322
1.18006, 1.18282, 1.17091, 1.17517
1.17511, 1.20279, 1.17395, 1.18650
1.18611, 1.19411, 1.18302, 1.19141
1.19125, 1.19571, 1.17617, 1.18656
1.18591, 1.19499, 1.18552, 1.18836
1.18915, 1.18939, 1.17777, 1.18199
1.18209, 1.19017, 1.18093, 1.18818
1.18816, 1.20796, 1.18717, 1.20506
1.20500, 1.21526, 1.20391, 1.21112
1.21044, 1.21263, 1.20571, 1.20866
1.20646, 1.21171, 1.19392, 1.19577
1.19553, 1.20632, 1.19429, 1.19494
1.19488, 1.20860, 1.18996, 1.20563
1.20521, 1.23084, 1.20353, 1.22538
1.22526, 1.22991, 1.21335, 1.22900
1.22700, 1.23434, 1.21606, 1.21914
1.21868, 1.22686, 1.21266, 1.21299
1.21287, 1.22336, 1.21055, 1.22088
1.22045, 1.22464, 1.21535, 1.22374
1.22339, 1.23217, 1.21993, 1.22602
1.22517, 1.22977, 1.22046, 1.22631
1.22628, 1.24432, 1.22474, 1.23662
1.23634, 1.24458, 1.23410, 1.24267
1.24237, 1.24263, 1.21555, 1.21764
1.21757, 1.22219, 1.21189, 1.21520
1.21402, 1.22411, 1.21198, 1.21471
1.21458, 1.22225, 1.20846, 1.21863
1.21825, 1.21911, 1.20543, 1.20809
1.20786, 1.21465, 1.19916, 1.20391
1.20356, 1.20892, 1.20174, 1.20498
1.20568, 1.20785, 1.20445, 1.20602
1.20505, 1.21112, 1.20014, 1.20299
1.20262, 1.21251, 1.20013, 1.20179
1.20159, 1.20775, 1.20112, 1.20538
1.20535, 1.21068, 1.20088, 1.20916
1.20854, 1.20953, 1.20323, 1.20456
1.20443, 1.20837, 1.18994, 1.19657
1.19641, 1.20867, 1.19566, 1.20566
1.20559, 1.20767, 1.18724, 1.19068
1.19041, 1.20984, 1.18402, 1.20937
1.20773, 1.22089, 1.20766, 1.21835
1.21795, 1.21967, 1.21090, 1.21485
1.21482, 1.21773, 1.20994, 1.21480
1.21453, 1.22458, 1.20847, 1.22113
1.22063, 1.22474, 1.21494, 1.22351
1.22103, 1.22881, 1.21706, 1.21927
1.21914, 1.22992, 1.21686, 1.22864
1.22842, 1.24349, 1.22528, 1.23441
1.23440, 1.23965, 1.23119, 1.23906
1.23868, 1.24036, 1.23344, 1.23996
1.23997, 1.24469, 1.23225, 1.23784
1.23775, 1.24130, 1.22622, 1.23403
1.23368, 1.24031, 1.22819, 1.24011
1.23996, 1.24295, 1.23435, 1.24122
1.24065, 1.24174, 1.23445, 1.23980
1.23879, 1.24165, 1.23361, 1.23504
1.23492, 1.23701, 1.22832, 1.23190
1.23183, 1.23935, 1.22712, 1.23704
1.23710, 1.23999, 1.22221, 1.22223
1.22226, 1.22647, 1.20461, 1.20506
1.20322, 1.20765, 1.20047, 1.20195
1.20194, 1.20946, 1.19603, 1.20491
1.20451, 1.21085, 1.20314, 1.20697
1.20678, 1.21931, 1.20557, 1.21170
1.21180, 1.21383, 1.20462, 1.20575
1.20633, 1.21509, 1.20299, 1.21376
1.21359, 1.22687, 1.21161, 1.21757
1.21724, 1.21806, 1.19888, 1.20321
1.20301, 1.20736, 1.19645, 1.19864
1.19858, 1.20484, 1.19140, 1.20387
1.20234, 1.20559, 1.20138, 1.20411
1.20353, 1.21466, 1.19851, 1.21095
1.21083, 1.21346, 1.20338, 1.20443
1.20423, 1.20738, 1.19912, 1.20141
1.20141, 1.20411, 1.19274, 1.19386
1.19418, 1.20651, 1.19218, 1.20611
1.20580, 1.21423, 1.20206, 1.20212
1.20195, 1.20880, 1.19643, 1.20249
1.20224, 1.20354, 1.19242, 1.19470
1.19466, 1.20478, 1.19383, 1.20435
1.20215, 1.20479, 1.19918, 1.20255
1.20245, 1.20646, 1.18207, 1.18257
1.18259, 1.18581, 1.18020, 1.18419
1.18401, 1.19380, 1.18310, 1.19213
1.19196, 1.21126, 1.19067, 1.20306
1.20864, 1.21988, 1.20456, 1.21810
1.21829, 1.22027, 1.21349, 1.21526
1.21522, 1.21809, 1.20093, 1.20472
1.20471, 1.21269, 1.20258, 1.21055
1.21064, 1.21995, 1.21010, 1.21730
1.22033, 1.22841, 1.21662, 1.22733
1.22733, 1.22813, 1.21780, 1.22148
1.22150, 1.23341, 1.22073, 1.22647
1.22636, 1.23426, 1.22606, 1.22858
1.22858, 1.22906, 1.21894, 1.22286
1.22271, 1.22923, 1.22179, 1.22869
1.22849, 1.23483, 1.22771, 1.23387
1.23380, 1.23610, 1.23019, 1.23160
1.23136, 1.23921, 1.22926, 1.23868
1.23852, 1.24221, 1.23232, 1.23286
1.23253, 1.24226, 1.22734, 1.24164
1.24134, 1.25244, 1.23942, 1.25003
1.25000, 1.25132, 1.24315, 1.24591
1.24585, 1.24858, 1.24117, 1.24372
1.24370, 1.24548, 1.23884, 1.24116
1.24133, 1.24418, 1.23434, 1.23818
1.23810, 1.24554, 1.23772, 1.24247
1.24240, 1.24943, 1.23972, 1.24836
1.24825, 1.25363, 1.24772, 1.25224
1.25215, 1.25453, 1.23984, 1.24138
1.24061, 1.24374, 1.23525, 1.23762
1.23743, 1.24490, 1.23666, 1.24252
1.24249, 1.24733, 1.23916, 1.24366
1.24370, 1.24668, 1.24039, 1.24425
1.24407, 1.24473, 1.23661, 1.24422
1.24393, 1.24849, 1.24099, 1.24830
1.24813, 1.25063, 1.23858, 1.24102
1.24083, 1.25144, 1.24019, 1.24690
1.24663, 1.24988, 1.24355, 1.24978
1.24925, 1.25831, 1.24458, 1.25665
1.25553, 1.25681, 1.24796, 1.24927
1.24930, 1.25113, 1.24344, 1.24673
1.24662, 1.25886, 1.24616, 1.25627
1.25597, 1.25978, 1.25474, 1.25720
1.25712, 1.26515, 1.25560, 1.26299
1.26293, 1.26678, 1.26123, 1.26182
1.26172, 1.26389, 1.25774, 1.26208
1.26198, 1.26791, 1.26018, 1.26245
1.26228, 1.26398, 1.24958, 1.25123
1.25115, 1.25398, 1.24439, 1.24471
1.24473, 1.25339, 1.24420, 1.25258
1.25242, 1.25452, 1.24644, 1.24824
1.24813, 1.25095, 1.24207, 1.24847
1.24839, 1.24921, 1.23907, 1.24072
1.24052, 1.24832, 1.23911, 1.24448
1.24402, 1.24718, 1.24129, 1.24365
1.24357, 1.24458, 1.23721, 1.24147
1.24135, 1.24691, 1.23569, 1.23651
1.23636, 1.23862, 1.23072, 1.23199
1.23202, 1.23946, 1.23103, 1.23497
1.23381, 1.23710, 1.23341, 1.23543
1.23528, 1.24452, 1.23262, 1.24109
1.24089, 1.24424, 1.23472, 1.24420
1.24394, 1.25387, 1.23997, 1.25250
1.25240, 1.25436, 1.24408, 1.24487
1.24409, 1.24479, 1.23676, 1.24335
1.24311, 1.24579, 1.23909, 1.24216
1.24217, 1.24991, 1.23940, 1.24370
1.24353, 1.25600, 1.24287, 1.25572
1.25546, 1.25894, 1.25331, 1.25786
1.25593, 1.25983, 1.24862, 1.25118
1.25104, 1.26238, 1.25052, 1.26100
1.26092, 1.26982, 1.25980, 1.26599
1.26589, 1.27847, 1.26286, 1.27828
1.27812, 1.28477, 1.27674, 1.28196
1.28178, 1.28361, 1.27697, 1.27850
1.27826, 1.28052, 1.27128, 1.27627
1.27611, 1.28003, 1.26904, 1.27653
1.27628, 1.28338, 1.27247, 1.27448
1.27436, 1.27483, 1.26831, 1.27149
1.27056, 1.27476, 1.26871, 1.27113
1.27110, 1.27586, 1.26978, 1.27462
1.27461, 1.27509, 1.26057, 1.26343
1.26345, 1.26660, 1.25901, 1.26093
1.26092, 1.27265, 1.25985, 1.26929
1.26897, 1.27221, 1.26577, 1.26900
1.26870, 1.27381, 1.26809, 1.27131
1.27117, 1.27341, 1.26873, 1.27025
1.26998, 1.27800, 1.26725, 1.27387
1.27387, 1.28484, 1.27251, 1.28372
1.28265, 1.28675, 1.27494, 1.28594
1.28589, 1.29338, 1.28520, 1.29297
1.29296, 1.29996, 1.29033, 1.29883
1.29872, 1.31400, 1.29823, 1.31342
1.31313, 1.31413, 1.30887, 1.30904
1.30906, 1.31081, 1.30500, 1.30728
1.30726, 1.31247, 1.30273, 1.30337
1.30343, 1.30405, 1.28666, 1.29380
1.29367, 1.29637, 1.28392, 1.28666
1.28656, 1.29032, 1.28151, 1.28525
1.28478, 1.28829, 1.27970, 1.28193
1.28180, 1.29039, 1.28084, 1.29005
1.28980, 1.29594, 1.28746, 1.29418
1.29402, 1.29948, 1.27813, 1.27935
1.27925, 1.28868, 1.27621, 1.28455
1.28384, 1.28716, 1.28274, 1.28356
1.28344, 1.28400, 1.27405, 1.27749
1.27741, 1.28028, 1.26796, 1.27082
1.27038, 1.27271, 1.26190, 1.27074
1.27070, 1.27915, 1.26824, 1.27491
1.27409, 1.27883, 1.27123, 1.27832
1.27827, 1.27846, 1.26832, 1.27467
1.27414, 1.27814, 1.27114, 1.27187
1.27184, 1.28176, 1.26680, 1.26732
1.26735, 1.27377, 1.26653, 1.26955
1.26915, 1.27136, 1.26159, 1.26821
1.26827, 1.27519, 1.26742, 1.27013
1.27005, 1.27655, 1.26861, 1.27281
1.27270, 1.27865, 1.27016, 1.27448
1.27180, 1.27180, 1.27180, 1.27180