0.78020, 0.79780, 0.77860, 0.79260
0.79330, 0.80440, 0.78880, 0.79830
0.79530, 0.80810, 0.79440, 0.80340
0.80370, 0.81460, 0.79950, 0.80740
0.80820, 0.81510, 0.79660, 0.80520
0.80410, 0.81680, 0.79650, 0.81610
0.81310, 0.82910, 0.81090, 0.81580
0.81610, 0.83230, 0.81550, 0.82510
0.82260, 0.84350, 0.82250, 0.84070
0.84080, 0.84560, 0.82250, 0.83760
0.83750, 0.83920, 0.81400, 0.82110
0.82150, 0.82790, 0.81730, 0.82390
0.82500, 0.83990, 0.82320, 0.83720
0.83750, 0.84500, 0.82930, 0.84340
0.84280, 0.84680, 0.83670, 0.84310
0.84010, 0.85720, 0.83900, 0.85710
0.85600, 0.85600, 0.84500, 0.84810
0.84590, 0.84980, 0.84090, 0.84260
0.84120, 0.84320, 0.81620, 0.81680
0.81990, 0.83030, 0.81670, 0.81810
0.82100, 0.82240, 0.80300, 0.81290
0.81230, 0.82950, 0.81190, 0.82310
0.82390, 0.82760, 0.81310, 0.81530
0.81790, 0.82960, 0.81110, 0.81490
0.81640, 0.82550, 0.80930, 0.81670
0.81840, 0.82880, 0.81500, 0.82490
0.82430, 0.82800, 0.81500, 0.81980
0.81950, 0.82410, 0.80790, 0.81880
0.81830, 0.82850, 0.81430, 0.82330
0.82270, 0.82970, 0.81770, 0.82510
0.82490, 0.84900, 0.81900, 0.84720
0.84630, 0.85350, 0.84080, 0.84540
0.84310, 0.86150, 0.84310, 0.86020
0.85920, 0.86600, 0.85120, 0.86430
0.86430, 0.86430, 0.84610, 0.85560
0.85730, 0.86070, 0.83790, 0.83920
0.83910, 0.86210, 0.83770, 0.85700
0.85700, 0.86610, 0.84670, 0.85090
0.85030, 0.86920, 0.84830, 0.86650
0.86520, 0.87350, 0.85300, 0.85690
0.85660, 0.85790, 0.84680, 0.85250
0.85320, 0.86370, 0.85050, 0.85780
0.85740, 0.87960, 0.85720, 0.85880
0.85920, 0.86720, 0.84840, 0.86440
0.86470, 0.87620, 0.85640, 0.87430
0.87360, 0.88550, 0.86700, 0.88480
0.88470, 0.88500, 0.86940, 0.87090
0.87170, 0.87500, 0.86130, 0.87480
0.87480, 0.88210, 0.87120, 0.88040
0.88000, 0.88380, 0.87100, 0.87690
0.87650, 0.89750, 0.87540, 0.89600
0.89590, 0.91250, 0.89510, 0.90170
0.90210, 0.91380, 0.89760, 0.89840
0.89890, 0.90150, 0.88300, 0.88670
0.88650, 0.88830, 0.86900, 0.87500
0.87500, 0.87880, 0.86360, 0.87370
0.87370, 0.89080, 0.86780, 0.88890
0.88880, 0.88960, 0.87580, 0.87740
0.87760, 0.87900, 0.86800, 0.87100
0.87140, 0.88510, 0.86910, 0.88290
0.88270, 0.88790, 0.88030, 0.88580
0.88460, 0.88900, 0.87360, 0.87510
0.87570, 0.88010, 0.86520, 0.86900
0.86900, 0.88010, 0.86640, 0.87970
0.88150, 0.89800, 0.87970, 0.89460
0.89470, 0.89850, 0.88400, 0.88910
0.88910, 0.89760, 0.87910, 0.89450
0.89440, 0.90920, 0.88330, 0.88930
0.88990, 0.90110, 0.88870, 0.89490
0.89360, 0.90830, 0.89280, 0.90440
0.90490, 0.90810, 0.89740, 0.90040
0.90080, 0.90520, 0.88380, 0.89320
0.89260, 0.90570, 0.88560, 0.90090
0.90150, 0.90980, 0.89330, 0.90330
0.90200, 0.92000, 0.90110, 0.91940
0.91830, 0.94110, 0.91580, 0.93860
0.93960, 0.94520, 0.90860, 0.91660
0.91700, 0.92030, 0.88640, 0.89090
0.89020, 0.89610, 0.88030, 0.88440
0.88410, 0.90110, 0.88270, 0.89750
0.89840, 0.89990, 0.87230, 0.87820
0.87790, 0.89520, 0.87640, 0.89170
0.89180, 0.89410, 0.86470, 0.86490
0.86490, 0.87650, 0.85180, 0.87590
0.86440, 0.89120, 0.86440, 0.88850
0.88840, 0.88950, 0.87480, 0.88690
0.88690, 0.89010, 0.87060, 0.87290
0.87290, 0.87730, 0.85920, 0.87230
0.87230, 0.87460, 0.86170, 0.86170
0.86180, 0.86290, 0.84250, 0.84320
0.84300, 0.84700, 0.81290, 0.81750
0.81750, 0.82350, 0.80090, 0.80230
0.80220, 0.80390, 0.78390, 0.80350
0.80350, 0.80820, 0.78230, 0.79230
0.79240, 0.81200, 0.78900, 0.80180
0.80180, 0.81120, 0.79450, 0.80710
0.80710, 0.80920, 0.78730, 0.78930
0.78930, 0.79700, 0.78290, 0.78630
0.78620, 0.78760, 0.74980, 0.75220
0.75230, 0.75890, 0.74310, 0.75470
0.75470, 0.78190, 0.74380, 0.77600
0.77590, 0.77870, 0.75830, 0.76120
0.76130, 0.78120, 0.75900, 0.77810
0.77820, 0.78080, 0.75850, 0.76020
0.76010, 0.77200, 0.75370, 0.75840
0.75850, 0.75980, 0.73800, 0.74360
0.74360, 0.74890, 0.73970, 0.74730
0.74730, 0.76800, 0.74610, 0.76570
0.76570, 0.78560, 0.76480, 0.77150
0.77160, 0.78400, 0.75890, 0.76060
0.76050, 0.76860, 0.75370, 0.76520
0.76530, 0.78860, 0.75350, 0.78630
0.78640, 0.79200, 0.77880, 0.78800
0.78800, 0.79120, 0.78080, 0.78860
0.78860, 0.80990, 0.78490, 0.80520
0.80520, 0.81880, 0.80360, 0.81660
0.81640, 0.82620, 0.81140, 0.82170
0.82190, 0.82380, 0.80650, 0.80910
0.80880, 0.83470, 0.80470, 0.82440
0.82380, 0.83240, 0.81780, 0.83020
0.83020, 0.84240, 0.82960, 0.83960
0.83970, 0.84140, 0.82580, 0.82850
0.82840, 0.84150, 0.82120, 0.82730
0.82760, 0.84210, 0.82490, 0.83950
0.83950, 0.84110, 0.82220, 0.82640
0.82490, 0.83150, 0.81850, 0.82700
0.82630, 0.83410, 0.80900, 0.81180
0.81160, 0.82430, 0.80620, 0.82070
0.82070, 0.83130, 0.81460, 0.82710
0.82710, 0.84410, 0.82500, 0.84220
0.84220, 0.85570, 0.84040, 0.85420
0.85420, 0.86350, 0.85270, 0.85920
0.85950, 0.86880, 0.84730, 0.84850
0.84850, 0.86570, 0.84590, 0.86100
0.87030, 0.87030, 0.86000, 0.86820
0.86810, 0.87660, 0.86420, 0.87220
0.87240, 0.87580, 0.84170, 0.84980
0.84970, 0.85850, 0.84050, 0.85160
0.85160, 0.86240, 0.85160, 0.86110
0.86110, 0.87810, 0.86100, 0.87060
0.87060, 0.87620, 0.83450, 0.83670
0.85650, 0.85650, 0.81990, 0.85220
0.85150, 0.85650, 0.83140, 0.84110
0.84030, 0.86910, 0.83790, 0.86670
0.86710, 0.87480, 0.85700, 0.86760
0.86820, 0.88380, 0.86490, 0.88030
0.88110, 0.89710, 0.88010, 0.89580
0.89580, 0.90400, 0.88360, 0.90310
0.90320, 0.90330, 0.88830, 0.89420
0.89020, 0.90190, 0.88850, 0.89140
0.88970, 0.89930, 0.88460, 0.89390
0.89240, 0.90170, 0.88580, 0.89640
0.89610, 0.89880, 0.88840, 0.89110
0.89040, 0.91640, 0.88790, 0.91560
0.91580, 0.94370, 0.91040, 0.94280
0.94250, 0.94340, 0.92470, 0.93670
0.93660, 0.94910, 0.93090, 0.93860
0.93730, 0.95170, 0.92890, 0.94340
0.94300, 0.95830, 0.94070, 0.95250
0.95250, 0.95350, 0.92600, 0.94630
0.94480, 0.95980, 0.94360, 0.95670
0.95710, 0.97830, 0.92200, 0.92420
0.92420, 0.93180, 0.90250, 0.90480
0.90500, 0.92100, 0.88420, 0.89290
0.89310, 0.89570, 0.80290, 0.84200
0.83960, 0.86710, 0.82240, 0.86580
0.86890, 0.87360, 0.82620, 0.84750
0.84470, 0.85250, 0.81490, 0.82110
0.81680, 0.85240, 0.80910, 0.84750
0.84700, 0.87410, 0.83120, 0.87150
0.86990, 0.88770, 0.85440, 0.88150
0.88140, 0.89820, 0.88070, 0.89600
0.89810, 0.92040, 0.89530, 0.91960
0.91970, 0.92170, 0.87040, 0.87090
0.86690, 0.89350, 0.85700, 0.89170
0.89130, 0.89880, 0.87500, 0.88270
0.88220, 0.89760, 0.85580, 0.85740
0.85230, 0.86180, 0.83810, 0.84620
0.84720, 0.85090, 0.82090, 0.83540
0.83980, 0.86900, 0.82060, 0.86470
0.86140, 0.88290, 0.84610, 0.87570
0.87190, 0.90260, 0.87100, 0.88140
0.88640, 0.88940, 0.86420, 0.88040
0.88100, 0.89030, 0.86120, 0.87240
0.87250, 0.87580, 0.84650, 0.84880
0.84880, 0.86930, 0.84570, 0.86130
0.85800, 0.86560, 0.83290, 0.83390
0.83390, 0.84920, 0.81960, 0.84100
0.84050, 0.86560, 0.83730, 0.86530
0.86180, 0.87580, 0.85490, 0.86920
0.86660, 0.87560, 0.85870, 0.86320
0.86230, 0.88200, 0.86230, 0.87650
0.87550, 0.88830, 0.83030, 0.83090
0.83090, 0.84260, 0.80740, 0.81300
0.81090, 0.83260, 0.80180, 0.80990
0.80950, 0.81810, 0.77540, 0.79880
0.79750, 0.81760, 0.79030, 0.79260
0.78900, 0.80320, 0.77710, 0.79340
0.79290, 0.81240, 0.79110, 0.79280
0.79400, 0.81030, 0.78170, 0.80360
0.80300, 0.81800, 0.79720, 0.80780
0.80940, 0.82890, 0.79980, 0.82370
0.82220, 0.83370, 0.79540, 0.80050
0.79850, 0.81450, 0.79370, 0.81000
0.80950, 0.81660, 0.79470, 0.80330
0.80400, 0.82210, 0.80270, 0.81570
0.81450, 0.81930, 0.77450, 0.78140
0.78160, 0.78940, 0.77720, 0.78390
0.78360, 0.79790, 0.78110, 0.78800
0.78640, 0.79350, 0.77060, 0.77450
0.77450, 0.77940, 0.76700, 0.77660
0.77680, 0.78550, 0.76820, 0.77330
0.77090, 0.78580, 0.77070, 0.77750
0.77820, 0.78430, 0.76680, 0.76830
0.76850, 0.77480, 0.76000, 0.76330
0.76400, 0.76700, 0.74670, 0.76180
0.75970, 0.77610, 0.74090, 0.77320
0.77260, 0.78610, 0.77060, 0.77820
0.77670, 0.77970, 0.76000, 0.77110
0.77060, 0.77060, 0.73390, 0.74790
0.75720, 0.76570, 0.73360, 0.75580
0.74330, 0.76560, 0.71820, 0.76000
0.76180, 0.76380, 0.73700, 0.74740
0.74850, 0.76160, 0.72480, 0.74640
0.74770, 0.75030, 0.65580, 0.67470
0.68220, 0.71830, 0.66970, 0.69550
0.69810, 0.72020, 0.63160, 0.64690
0.65230, 0.68140, 0.62060, 0.67410
0.67590, 0.71170, 0.67490, 0.69520
0.70000, 0.70830, 0.65490, 0.66090
0.65450, 0.67000, 0.63430, 0.65460
0.65360, 0.66870, 0.64130, 0.66470
0.66170, 0.66420, 0.63000, 0.64970
0.65440, 0.66180, 0.63900, 0.64330
0.64310, 0.65630, 0.62190, 0.63300
0.63250, 0.63740, 0.60970, 0.61710
0.61840, 0.63480, 0.60350, 0.63190
0.63170, 0.67010, 0.62690, 0.65970
0.65970, 0.65970, 0.59320, 0.61090
0.61240, 0.61880, 0.59220, 0.60920
0.61070, 0.61640, 0.58590, 0.59010
0.59040, 0.62390, 0.57740, 0.61500
0.61470, 0.63070, 0.59910, 0.60630
0.60600, 0.60870, 0.58800, 0.58960
0.59000, 0.60160, 0.58280, 0.58550
0.58540, 0.59560, 0.57590, 0.58160
0.58300, 0.62620, 0.56940, 0.62150
0.62140, 0.63360, 0.60980, 0.62900
0.62930, 0.65480, 0.62750, 0.65140
0.65130, 0.66870, 0.63310, 0.66130
0.66180, 0.67640, 0.65460, 0.67190
0.67750, 0.67820, 0.65140, 0.66120
0.66140, 0.66530, 0.64190, 0.65160
0.64770, 0.65690, 0.63570, 0.64580
0.64860, 0.68080, 0.64510, 0.66730
0.66540, 0.67720, 0.65050, 0.65540
0.65690, 0.67740, 0.65520, 0.67260
0.66710, 0.68460, 0.66490, 0.68210
0.68340, 0.69990, 0.66950, 0.67950
0.67990, 0.69470, 0.67220, 0.69370
0.68900, 0.69810, 0.67920, 0.69400
0.69440, 0.70920, 0.67800, 0.69890
0.69860, 0.70740, 0.68050, 0.68410
0.68230, 0.69210, 0.67750, 0.68100
0.68080, 0.70110, 0.67210, 0.69400
0.69270, 0.70690, 0.69230, 0.70250
0.70260, 0.71430, 0.69970, 0.70650
0.70420, 0.72860, 0.70310, 0.72710
0.72360, 0.73550, 0.71470, 0.72540
0.72400, 0.72710, 0.71480, 0.72170
0.72220, 0.73080, 0.72130, 0.72320
0.72320, 0.73100, 0.71220, 0.72820
0.72920, 0.73500, 0.71950, 0.73400
0.73020, 0.73820, 0.72240, 0.72980
0.72870, 0.74540, 0.72700, 0.73800
0.73690, 0.75430, 0.73430, 0.74070
0.74010, 0.76480, 0.73810, 0.75670
0.75630, 0.76000, 0.74820, 0.75360
0.75360, 0.76660, 0.75050, 0.76040
0.75960, 0.76350, 0.73380, 0.73630
0.73250, 0.74300, 0.72700, 0.73700
0.74520, 0.75330, 0.74210, 0.75200
0.75290, 0.75830, 0.73430, 0.73680
0.73650, 0.74250, 0.70830, 0.71460
0.71550, 0.72930, 0.71460, 0.72700
0.72760, 0.75110, 0.72330, 0.74990
0.74930, 0.75300, 0.73630, 0.74120
0.73990, 0.74130, 0.72730, 0.72730
0.73080, 0.75290, 0.72860, 0.75090
0.74970, 0.76120, 0.74500, 0.75380
0.75540, 0.75960, 0.75030, 0.75600
0.75460, 0.76400, 0.73810, 0.73860
0.73960, 0.74910, 0.73530, 0.74300
0.74280, 0.75260, 0.73010, 0.73900
0.74010, 0.75290, 0.73140, 0.74950
0.74940, 0.76090, 0.74760, 0.75160
0.75200, 0.75780, 0.74320, 0.74890
0.74970, 0.75810, 0.73590, 0.74710
0.74600, 0.76110, 0.74010, 0.74150
0.74300, 0.75960, 0.74100, 0.75090
0.74910, 0.75930, 0.74240, 0.74890
0.74620, 0.75830, 0.73830, 0.74690
0.74960, 0.76660, 0.74400, 0.76200
0.75630, 0.76200, 0.74680, 0.74990
0.75130, 0.77090, 0.74990, 0.76820
0.76940, 0.78990, 0.76820, 0.78270
0.78010, 0.81400, 0.77950, 0.78990
0.79230, 0.80630, 0.78840, 0.79980
0.79980, 0.80230, 0.76120, 0.77950
0.77800, 0.79270, 0.76550, 0.78620
0.78470, 0.79390, 0.77310, 0.77880
0.77890, 0.79490, 0.75990, 0.79140
0.79250, 0.79770, 0.77750, 0.78260
0.78710, 0.79300, 0.77120, 0.77890
0.78130, 0.78260, 0.72600, 0.72980
0.73080, 0.75160, 0.72600, 0.75100
0.75130, 0.76490, 0.74190, 0.74600
0.74250, 0.76830, 0.73690, 0.76580
0.76550, 0.78240, 0.74650, 0.75500
0.75440, 0.77480, 0.75320, 0.76100
0.75970, 0.76500, 0.74060, 0.74130
0.74300, 0.74880, 0.72510, 0.73020
0.72920, 0.73920, 0.71360, 0.73000
0.73180, 0.73780, 0.70650, 0.73240
0.73060, 0.74890, 0.72290, 0.74240
0.74540, 0.74640, 0.72390, 0.73220
0.73350, 0.73660, 0.71390, 0.72150
0.72220, 0.72810, 0.71540, 0.72400
0.72320, 0.73030, 0.71540, 0.72710
0.72480, 0.73330, 0.71930, 0.72470
0.72360, 0.73160, 0.71870, 0.72950
0.73020, 0.75370, 0.72870, 0.75210
0.75170, 0.77100, 0.74900, 0.76320
0.76250, 0.76500, 0.74950, 0.75670
0.75910, 0.77760, 0.75250, 0.77140
0.77290, 0.77680, 0.74930, 0.75170
0.75290, 0.75700, 0.73900, 0.74500
0.74410, 0.75070, 0.73190, 0.73310
0.73380, 0.73780, 0.70740, 0.71220
0.71170, 0.72230, 0.70250, 0.72000
0.71800, 0.72900, 0.71030, 0.72800
0.72500, 0.73740, 0.72020, 0.73430
0.73340, 0.74800, 0.73060, 0.73750
0.73860, 0.74810, 0.72420, 0.72640
0.72320, 0.73460, 0.71960, 0.72810
0.72420, 0.73990, 0.72280, 0.73450
0.73600, 0.74750, 0.73380, 0.73900
0.73620, 0.73940, 0.71700, 0.71880
0.71750, 0.72470, 0.68850, 0.69720
0.69480, 0.70110, 0.67980, 0.68190
0.68130, 0.69360, 0.68000, 0.69000
0.68740, 0.68900, 0.63400, 0.65720
0.65670, 0.69430, 0.65500, 0.69210
0.69350, 0.71210, 0.68640, 0.70840
0.70920, 0.71750, 0.70480, 0.70900
0.70980, 0.71510, 0.69880, 0.71290
0.71270, 0.71470, 0.70080, 0.71030
0.70880, 0.71110, 0.69610, 0.70020
0.69930, 0.70200, 0.67370, 0.69450
0.69360, 0.70610, 0.68860, 0.70230
0.70000, 0.70270, 0.68580, 0.69780
0.69590, 0.70630, 0.69030, 0.69460
0.69370, 0.70440, 0.67390, 0.67930
0.68010, 0.69830, 0.67830, 0.69200
0.68990, 0.69330, 0.67650, 0.68860
0.68710, 0.68930, 0.67390, 0.67690
0.67190, 0.70340, 0.66780, 0.70090
0.70170, 0.70930, 0.69190, 0.69980
0.69970, 0.70040, 0.67660, 0.68910
0.68360, 0.71210, 0.67970, 0.70830
0.70060, 0.70420, 0.68250, 0.69000
0.69700, 0.70180, 0.63020, 0.64680
0.63910, 0.64840, 0.57300, 0.64670
0.65170, 0.67080, 0.64150, 0.64160
0.64630, 0.68100, 0.64030, 0.67610
0.67780, 0.70110, 0.65660, 0.66800
0.66440, 0.73310, 0.64860, 0.72600
0.72870, 0.73030, 0.71360, 0.72530
0.72530, 0.73950, 0.69880, 0.70230
0.70130, 0.71280, 0.68660, 0.69120
0.69230, 0.71740, 0.68940, 0.71250
0.71180, 0.71910, 0.70470, 0.71740
0.71480, 0.72020, 0.70190, 0.70830
0.70850, 0.71470, 0.69400, 0.70800
0.70680, 0.71180, 0.69200, 0.70110
0.70710, 0.71990, 0.70060, 0.70600
0.71180, 0.71280, 0.69130, 0.69280
0.69320, 0.69490, 0.67830, 0.68850
0.69560, 0.71790, 0.69320, 0.71550
0.71890, 0.72460, 0.70770, 0.71520
0.71670, 0.71960, 0.70530, 0.71230
0.71450, 0.72660, 0.70670, 0.72470
0.72400, 0.73250, 0.71900, 0.72910
0.72850, 0.74870, 0.72550, 0.74510
0.74600, 0.76090, 0.74430, 0.75630
0.75610, 0.76160, 0.74670, 0.75300
0.75620, 0.75900, 0.74600, 0.75190
0.75030, 0.77040, 0.74920, 0.76620
0.76720, 0.76980, 0.75460, 0.75680
0.75840, 0.77450, 0.75590, 0.76520
0.76900, 0.77100, 0.74740, 0.74870
0.74830, 0.76210, 0.74600, 0.75730
0.75930, 0.75960, 0.74300, 0.75430
0.75230, 0.76000, 0.74840, 0.75450
0.75450, 0.75760, 0.73480, 0.74250
0.74190, 0.74610, 0.73700, 0.73810
0.74130, 0.75280, 0.73830, 0.75070
0.74940, 0.75960, 0.74590, 0.75610
0.75860, 0.75860, 0.74070, 0.74350
0.74410, 0.74630, 0.73740, 0.74440
0.74530, 0.74700, 0.72470, 0.73020
0.73080, 0.73400, 0.72580, 0.72760
0.72770, 0.72920, 0.70730, 0.71040
0.71180, 0.72630, 0.70940, 0.72260
0.72520, 0.73330, 0.72410, 0.72800
0.72760, 0.74080, 0.72500, 0.73880
0.73830, 0.75070, 0.73600, 0.74250
0.74760, 0.75930, 0.74580, 0.75470
0.75490, 0.76570, 0.75260, 0.75930
0.75820, 0.78120, 0.75800, 0.77750
0.78060, 0.78320, 0.77140, 0.78020
0.78010, 0.79060, 0.77350, 0.78940
0.78970, 0.79070, 0.77730, 0.78910
0.79030, 0.80260, 0.78840, 0.79370
0.79260, 0.79780, 0.78700, 0.79430
0.79240, 0.79420, 0.78300, 0.78540
0.78440, 0.78930, 0.77540, 0.77790
0.77770, 0.78000, 0.76260, 0.76610
0.76430, 0.77030, 0.75580, 0.76670
0.76430, 0.78030, 0.76090, 0.76770
0.76770, 0.77740, 0.76350, 0.77300
0.77370, 0.78180, 0.76660, 0.77940
0.77960, 0.78120, 0.75820, 0.75890
0.75860, 0.77090, 0.75820, 0.76150
0.76260, 0.76510, 0.75210, 0.75660
0.75600, 0.77020, 0.75520, 0.76850
0.76760, 0.77810, 0.76200, 0.77560
0.77550, 0.78360, 0.76900, 0.77200
0.77280, 0.77840, 0.76120, 0.76790
0.76820, 0.77220, 0.76060, 0.76350
0.76390, 0.76760, 0.75810, 0.76120
0.76120, 0.78040, 0.75690, 0.77730
0.78000, 0.78400, 0.77520, 0.77600
0.77540, 0.77790, 0.75170, 0.75200
0.75490, 0.75590, 0.74410, 0.74860
0.74880, 0.77070, 0.74530, 0.76800
0.76750, 0.78010, 0.76230, 0.76300
0.76540, 0.78680, 0.76350, 0.78030
0.78170, 0.78580, 0.77260, 0.77490
0.77420, 0.77630, 0.75540, 0.76650
0.77000, 0.77190, 0.75720, 0.76520
0.76750, 0.78590, 0.76150, 0.77830
0.77840, 0.78320, 0.76970, 0.77790
0.77670, 0.78130, 0.76480, 0.77730
0.77560, 0.78850, 0.77230, 0.78080
0.78060, 0.78760, 0.77280, 0.77630
0.77600, 0.79030, 0.77420, 0.78540
0.78550, 0.79990, 0.78160, 0.79510
0.79400, 0.80220, 0.78180, 0.78750
0.78640, 0.80810, 0.78350, 0.79570
0.79400, 0.79640, 0.77940, 0.78490
0.78270, 0.80840, 0.78150, 0.79860
0.79800, 0.80380, 0.78510, 0.79730
0.79660, 0.80070, 0.78290, 0.79280
0.79450, 0.79960, 0.78050, 0.78380
0.78490, 0.79620, 0.77490, 0.77590
0.77870, 0.79070, 0.75720, 0.75740
0.76130, 0.76980, 0.73040, 0.73680
0.73260, 0.75080, 0.71920, 0.74040
0.74200, 0.74830, 0.71550, 0.72220
0.72540, 0.74220, 0.71850, 0.72950
0.72960, 0.75260, 0.72840, 0.74230
0.74300, 0.76660, 0.73370, 0.73390
0.73580, 0.75250, 0.73140, 0.74220
0.74300, 0.75400, 0.74100, 0.74940
0.74940, 0.75200, 0.72540, 0.72640
0.72010, 0.74320, 0.71900, 0.74030
0.74150, 0.75690, 0.73820, 0.75010
0.75020, 0.75660, 0.71520, 0.71860
0.71890, 0.72660, 0.71050, 0.71780
0.72290, 0.75500, 0.72030, 0.74940
0.75130, 0.76220, 0.74520, 0.75500
0.75910, 0.76790, 0.75420, 0.76120
0.75870, 0.76480, 0.74510, 0.74960
0.74980, 0.75620, 0.74090, 0.75430
0.75390, 0.76090, 0.74560, 0.75830
0.75550, 0.77140, 0.75520, 0.76680
0.76540, 0.76770, 0.73800, 0.73890
0.73900, 0.75450, 0.73400, 0.75390
0.75140, 0.77290, 0.75100, 0.75950
0.76190, 0.76460, 0.74960, 0.76090
0.76370, 0.76880, 0.73880, 0.74230
0.74180, 0.75200, 0.73120, 0.73650
0.73880, 0.74680, 0.73010, 0.73840
0.73890, 0.74230, 0.72670, 0.73480
0.73570, 0.73810, 0.72620, 0.73400
0.73540, 0.73570, 0.71900, 0.72670
0.72670, 0.75130, 0.72400, 0.74870
0.74840, 0.75660, 0.74380, 0.74920
0.74770, 0.76000, 0.74690, 0.75150
0.75090, 0.75990, 0.73220, 0.73540
0.73590, 0.74620, 0.72910, 0.73220
0.73430, 0.74680, 0.72590, 0.74480
0.74420, 0.75330, 0.73970, 0.74690
0.74560, 0.74750, 0.73100, 0.73490
0.73500, 0.74700, 0.73280, 0.73720
0.73590, 0.75260, 0.73330, 0.74280
0.74350, 0.74980, 0.73720, 0.74450
0.74430, 0.75650, 0.74340, 0.75310
0.75330, 0.77320, 0.75060, 0.76740
0.76710, 0.76930, 0.75410, 0.76720
0.76570, 0.76970, 0.75540, 0.76050
0.76200, 0.76470, 0.75410, 0.75810
0.75700, 0.76250, 0.75360, 0.75580
0.75510, 0.76210, 0.74840, 0.76050
0.76010, 0.76660, 0.75240, 0.76320
0.76440, 0.77560, 0.76330, 0.76970
0.77040, 0.77150, 0.76200, 0.76550
0.76540, 0.76800, 0.75770, 0.76070
0.75970, 0.76270, 0.75290, 0.75940
0.75910, 0.78170, 0.75880, 0.78000
0.77950, 0.78280, 0.77650, 0.77830
0.77870, 0.78550, 0.77410, 0.78160
0.78200, 0.78260, 0.77540, 0.78140
0.78210, 0.78760, 0.77990, 0.78580
0.78640, 0.78740, 0.77620, 0.78020
0.78120, 0.78540, 0.77110, 0.77360
0.77350, 0.77390, 0.76790, 0.77040
0.76980, 0.77500, 0.76520, 0.76600
0.76700, 0.77100, 0.76310, 0.76560
0.76600, 0.76870, 0.76200, 0.76780
0.76950, 0.76980, 0.76100, 0.76830
0.76710, 0.77550, 0.76200, 0.77490
0.77310, 0.77570, 0.75970, 0.75990
0.75940, 0.76590, 0.75850, 0.76410
0.76600, 0.76740, 0.74680, 0.74800
0.74830, 0.75510, 0.73340, 0.75130
0.75180, 0.75530, 0.74490, 0.74760
0.74810, 0.75270, 0.74280, 0.74890
0.74990, 0.75820, 0.74360, 0.74740
0.74700, 0.75540, 0.74120, 0.74980
0.74920, 0.75200, 0.73920, 0.74850
0.74980, 0.76400, 0.74740, 0.75830
0.76280, 0.76830, 0.74830, 0.76410
0.76630, 0.76780, 0.75100, 0.75770
0.75520, 0.76100, 0.75200, 0.75460
0.75330, 0.75870, 0.74190, 0.74900
0.74870, 0.76450, 0.74260, 0.76190
0.76150, 0.76650, 0.75840, 0.76630
0.76530, 0.77650, 0.76450, 0.77120
0.77350, 0.79760, 0.76580, 0.79410
0.79570, 0.79640, 0.65770, 0.66960
0.66980, 0.68380, 0.64410, 0.65480
0.65310, 0.68170, 0.64990, 0.66580
0.67120, 0.68840, 0.66360, 0.67970
0.67990, 0.69530, 0.67830, 0.69410
0.69600, 0.71840, 0.69500, 0.70490
0.70760, 0.72090, 0.70490, 0.72030
0.71970, 0.73270, 0.71660, 0.72490
0.72600, 0.74350, 0.71760, 0.73750
0.73520, 0.74480, 0.72460, 0.73660
0.73840, 0.74790, 0.72260, 0.72700
0.72630, 0.72890, 0.71550, 0.72270
0.72270, 0.74110, 0.71930, 0.73670
0.73670, 0.73800, 0.72590, 0.73070
0.73240, 0.74480, 0.71910, 0.72410
0.72410, 0.73880, 0.70080, 0.70280
0.70280, 0.70670, 0.67710, 0.69720
0.69520, 0.69520, 0.67770, 0.68400
0.68400, 0.69170, 0.67910, 0.68830
0.68830, 0.69290, 0.66590, 0.66770
0.66770, 0.67380, 0.65990, 0.66160
0.66160, 0.67080, 0.64500, 0.64810
0.64960, 0.65660, 0.63180, 0.63390
0.63270, 0.65010, 0.63010, 0.63740
0.64060, 0.64390, 0.62700, 0.62900
0.62760, 0.64140, 0.62520, 0.62990
0.62970, 0.63600, 0.61950, 0.62660
0.62630, 0.63900, 0.62550, 0.63240
0.63180, 0.64810, 0.62850, 0.63600
0.63780, 0.65180, 0.63420, 0.65100
0.64920, 0.65120, 0.63570, 0.63740
0.63780, 0.64570, 0.63140, 0.63220
0.63060, 0.63240, 0.58060, 0.62160
0.62180, 0.62510, 0.60550, 0.61040
0.61090, 0.62870, 0.60780, 0.61160
0.61100, 0.62090, 0.60830, 0.61910
0.61930, 0.62550, 0.60900, 0.62440
0.62240, 0.63010, 0.61000, 0.62580
0.62640, 0.64650, 0.62500, 0.64320
0.64170, 0.65510, 0.63310, 0.64880
0.64770, 0.66780, 0.63920, 0.66070
0.66010, 0.67000, 0.65630, 0.66880
0.66380, 0.66950, 0.65190, 0.65560
0.65480, 0.66060, 0.65210, 0.65720
0.65820, 0.66990, 0.65080, 0.66780
0.66830, 0.67420, 0.66080, 0.67240
0.67270, 0.68720, 0.65980, 0.67200
0.67200, 0.67200, 0.64600, 0.65940
0.66000, 0.67420, 0.65840, 0.66680
0.66750, 0.67820, 0.66600, 0.67390
0.67410, 0.68240, 0.67290, 0.67960
0.68300, 0.68310, 0.65010, 0.65040
0.65250, 0.66210, 0.63780, 0.64710
0.64170, 0.66090, 0.63400, 0.65890
0.65900, 0.66610, 0.64970, 0.66300
0.66270, 0.67370, 0.65560, 0.65740
0.65660, 0.66030, 0.63670, 0.64690
0.64650, 0.66050, 0.64560, 0.65580
0.65720, 0.67160, 0.65230, 0.66040
0.65650, 0.67730, 0.65390, 0.67680
0.67350, 0.68040, 0.65290, 0.66230
0.66110, 0.66510, 0.64900, 0.65800
0.65740, 0.65960, 0.65050, 0.65280
0.65230, 0.67050, 0.65160, 0.66090
0.65930, 0.66100, 0.64550, 0.64880
0.64860, 0.66980, 0.64630, 0.66930
0.66430, 0.67840, 0.66130, 0.67010
0.67000, 0.67570, 0.66310, 0.66910
0.66800, 0.67230, 0.65600, 0.66460
0.66340, 0.66560, 0.65310, 0.65980
0.65930, 0.67160, 0.65800, 0.66940
0.67000, 0.67370, 0.66210, 0.66530
0.66480, 0.68050, 0.66270, 0.67790
0.67820, 0.68880, 0.66860, 0.67980
0.67960, 0.68350, 0.67020, 0.67660
0.67920, 0.70160, 0.67710, 0.69300
0.68900, 0.69980, 0.68200, 0.69730
0.69720, 0.71840, 0.69180, 0.71760
0.71600, 0.72230, 0.69820, 0.69860
0.70100, 0.70360, 0.68540, 0.69040
0.69020, 0.70130, 0.68710, 0.69830
0.69760, 0.70270, 0.69260, 0.69940
0.69930, 0.71470, 0.69370, 0.70090
0.69990, 0.70650, 0.69150, 0.69780
0.69650, 0.71250, 0.69450, 0.70730
0.70680, 0.71750, 0.70490, 0.71420
0.71280, 0.72440, 0.71270, 0.71370
0.71340, 0.71530, 0.70560, 0.71190
0.71130, 0.71970, 0.69960, 0.70240
0.70230, 0.71010, 0.69810, 0.70710
0.70710, 0.71465, 0.69707, 0.69990
0.70272, 0.70328, 0.69432, 0.70080
0.70174, 0.71861, 0.70092, 0.71070
0.71164, 0.71417, 0.70520, 0.70674
0.70672, 0.71466, 0.69777, 0.70858
0.71639, 0.72582, 0.69514, 0.70221
0.70565, 0.71163, 0.70170, 0.70705
0.70620, 0.71535, 0.70557, 0.71340
0.71588, 0.72738, 0.71240, 0.72058
0.72028, 0.73122, 0.71365, 0.72469
0.72555, 0.73145, 0.71320, 0.71357
0.71434, 0.71660, 0.70379, 0.70525
0.70469, 0.71365, 0.70038, 0.70446
0.70572, 0.71363, 0.70513, 0.70716
0.70782, 0.71999, 0.70620, 0.71813
0.71697, 0.72580, 0.71597, 0.71711
0.71701, 0.73043, 0.71656, 0.72477
0.72421, 0.72775, 0.71883, 0.72507
0.72347, 0.73236, 0.71585, 0.72098
0.72237, 0.72696, 0.71753, 0.71917
0.72072, 0.73008, 0.71851, 0.72416
0.72435, 0.72668, 0.70797, 0.70898
0.70760, 0.71071, 0.69592, 0.69889
0.69969, 0.70476, 0.69423, 0.69981
0.69991, 0.70467, 0.69468, 0.69586
0.69472, 0.70306, 0.69110, 0.70160
0.70157, 0.70326, 0.69777, 0.69885
0.69922, 0.70492, 0.69557, 0.70336
0.70148, 0.70634, 0.69678, 0.69935
0.69752, 0.70159, 0.67942, 0.68240
0.68133, 0.69077, 0.67659, 0.68248
0.68172, 0.70114, 0.68132, 0.68579
0.68562, 0.69019, 0.67241, 0.67300
0.67362, 0.68946, 0.67206, 0.68740
0.68641, 0.69431, 0.68332, 0.68698
0.68666, 0.70158, 0.68576, 0.69835
0.69739, 0.70697, 0.69431, 0.70548
0.70537, 0.71045, 0.69946, 0.70519
0.70528, 0.71402, 0.69569, 0.70230
0.70202, 0.70466, 0.69731, 0.70149
0.70062, 0.71156, 0.69501, 0.70725
0.70676, 0.70909, 0.69879, 0.70437
0.70317, 0.72906, 0.70133, 0.72748
0.72610, 0.72870, 0.71592, 0.72062
0.71912, 0.72119, 0.69734, 0.70350
0.70276, 0.71166, 0.70021, 0.70490
0.70508, 0.70781, 0.69110, 0.69212
0.69058, 0.69518, 0.68469, 0.68997
0.68566, 0.69499, 0.68402, 0.68487
0.68731, 0.70153, 0.68484, 0.69868
0.69921, 0.71425, 0.69551, 0.71065
0.70846, 0.71115, 0.69638, 0.69680
0.69781, 0.70303, 0.69256, 0.69257
0.69041, 0.70163, 0.68707, 0.69840
0.69842, 0.70299, 0.68265, 0.68474
0.68416, 0.68940, 0.67863, 0.68502
0.68424, 0.69382, 0.68089, 0.69039
0.68961, 0.69776, 0.68815, 0.68976
0.68884, 0.69108, 0.67208, 0.67293
0.67192, 0.67861, 0.67106, 0.67288
0.67308, 0.68231, 0.67059, 0.67193
0.67226, 0.68299, 0.67185, 0.67838
0.67910, 0.69599, 0.67805, 0.69155
0.69188, 0.69570, 0.68497, 0.69413
0.69534, 0.70043, 0.69004, 0.69088
0.69296, 0.70096, 0.68781, 0.69763
0.69728, 0.70928, 0.69705, 0.70101
0.70029, 0.70463, 0.69612, 0.70070
0.69936, 0.70658, 0.68363, 0.68631
0.68529, 0.69243, 0.67904, 0.67951
0.67948, 0.68849, 0.67365, 0.68055
0.68005, 0.68626, 0.67794, 0.68490
0.68378, 0.69001, 0.68101, 0.68241
0.68193, 0.68681, 0.67580, 0.67874
0.67649, 0.69340, 0.67464, 0.69250
0.69342, 0.69551, 0.68646, 0.68678
0.68722, 0.68946, 0.68170, 0.68508
0.68449, 0.69292, 0.68402, 0.69011
0.68890, 0.70326, 0.68729, 0.69716
0.69614, 0.71211, 0.69604, 0.70692
0.70674, 0.71082, 0.70180, 0.70244
0.70192, 0.70382, 0.69325, 0.69978
0.69901, 0.70335, 0.69491, 0.70140
0.70187, 0.70448, 0.69319, 0.69604
0.69561, 0.69692, 0.68590, 0.69001
0.68929, 0.69573, 0.68215, 0.68468
0.68507, 0.69280, 0.67972, 0.69008
0.68940, 0.69652, 0.68748, 0.69230
0.69026, 0.69778, 0.68955, 0.69243
0.68987, 0.69322, 0.67876, 0.68208
0.68252, 0.68356, 0.67021, 0.67078
0.67239, 0.67792, 0.66522, 0.67733
0.67621, 0.67995, 0.67153, 0.67768
0.67659, 0.68132, 0.67218, 0.67560
0.67333, 0.67870, 0.67283, 0.67559
0.67511, 0.67749, 0.66943, 0.67063
0.66998, 0.67236, 0.65404, 0.65423
0.65267, 0.66057, 0.65115, 0.66045
0.66017, 0.66174, 0.65293, 0.65757
0.65580, 0.65836, 0.64050, 0.64124
0.64097, 0.64213, 0.63256, 0.63291
0.63217, 0.63785, 0.63142, 0.63308
0.63318, 0.64428, 0.63161, 0.63983
0.63875, 0.65076, 0.63817, 0.64928
0.64835, 0.65167, 0.63799, 0.63853
0.63859, 0.64728, 0.63708, 0.64493
0.64319, 0.65804, 0.64303, 0.65630
0.65716, 0.65835, 0.64623, 0.65028
0.65006, 0.67007, 0.65003, 0.66739
0.66501, 0.68155, 0.66466, 0.67704
0.67624, 0.68881, 0.67553, 0.68696
0.68583, 0.68721, 0.67447, 0.67531
0.67311, 0.68751, 0.67311, 0.68709
0.69031, 0.69390, 0.67839, 0.67880
0.68011, 0.68470, 0.67481, 0.67778
0.67670, 0.68222, 0.66560, 0.66666
0.66792, 0.67061, 0.65615, 0.65906
0.65962, 0.66681, 0.64982, 0.66434
0.66415, 0.67261, 0.65842, 0.67196
0.67174, 0.67515, 0.66758, 0.67091
0.67123, 0.68023, 0.66819, 0.67922
0.67740, 0.68900, 0.67612, 0.68537
0.68606, 0.69101, 0.67410, 0.67419
0.67373, 0.69090, 0.67363, 0.68976
0.68840, 0.69150, 0.67666, 0.68456
0.68554, 0.68999, 0.67833, 0.67890
0.68063, 0.68621, 0.67850, 0.68566
0.68444, 0.69218, 0.68385, 0.68586
0.68585, 0.68838, 0.67963, 0.68258
0.68401, 0.68803, 0.67385, 0.67703
0.67833, 0.68088, 0.67222, 0.67303
0.67244, 0.67920, 0.67181, 0.67773
0.67786, 0.68263, 0.67167, 0.67773
0.67808, 0.68067, 0.67174, 0.67888
0.67854, 0.68106, 0.67298, 0.67523
0.67071, 0.67431, 0.66497, 0.66734
0.66629, 0.66773, 0.65823, 0.65853
0.65910, 0.66182, 0.65325, 0.65613
0.65584, 0.66090, 0.65319, 0.65363
0.65381, 0.65972, 0.65205, 0.65785
0.65847, 0.65924, 0.64783, 0.64797
0.64810, 0.65431, 0.64246, 0.64321
0.64260, 0.65622, 0.64250, 0.65568
0.65776, 0.66238, 0.65538, 0.65678
0.65680, 0.66153, 0.65288, 0.65866
0.65748, 0.66716, 0.65722, 0.66353
0.66390, 0.66688, 0.65827, 0.65876
0.65829, 0.65939, 0.64113, 0.64193
0.64120, 0.64202, 0.62141, 0.62846
0.62902, 0.63193, 0.62048, 0.62862
0.62818, 0.63063, 0.62222, 0.62313
0.62067, 0.62680, 0.61623, 0.62433
0.62286, 0.63653, 0.62184, 0.63463
0.63306, 0.64034, 0.62966, 0.63118
0.62944, 0.63292, 0.61989, 0.62017
0.62103, 0.62818, 0.61956, 0.62383
0.62279, 0.63278, 0.61893, 0.62829
0.62665, 0.63353, 0.62303, 0.63148
0.63119, 0.63203, 0.62197, 0.62823
0.62809, 0.63631, 0.62741, 0.63127
0.63146, 0.63704, 0.62904, 0.63349
0.63371, 0.63771, 0.62933, 0.63082
0.63098, 0.63715, 0.62800, 0.63340
0.63267, 0.63929, 0.63156, 0.63845
0.63937, 0.64400, 0.63747, 0.64119
0.64319, 0.65141, 0.64112, 0.65014
0.64872, 0.65364, 0.64207, 0.64846
0.64898, 0.65052, 0.64275, 0.64877
0.64756, 0.65520, 0.64711, 0.65308
0.65200, 0.65427, 0.64632, 0.64769
0.64583, 0.64835, 0.63966, 0.64523
0.64501, 0.64728, 0.63534, 0.63952
0.63955, 0.64292, 0.63731, 0.64132
0.63839, 0.64028, 0.62196, 0.62255
0.62302, 0.63205, 0.62174, 0.62563
0.62503, 0.63270, 0.62345, 0.63169
0.63253, 0.63300, 0.61891, 0.62107
0.61867, 0.62239, 0.59926, 0.60276
0.59850, 0.60553, 0.59272, 0.59453
0.58870, 0.59769, 0.55020, 0.57680
0.57616, 0.57997, 0.52990, 0.56187
0.55888, 0.57916, 0.55156, 0.57422
0.57396, 0.57970, 0.56785, 0.57188
0.57318, 0.58934, 0.57089, 0.58599
0.58638, 0.59161, 0.57508, 0.58325
0.58426, 0.58844, 0.57505, 0.58539
0.58370, 0.59946, 0.58057, 0.58249
0.58171, 0.59636, 0.57869, 0.59570
0.59627, 0.59728, 0.57596, 0.57669
0.57669, 0.59523, 0.57550, 0.59179
0.59134, 0.60405, 0.59108, 0.59659
0.59457, 0.62947, 0.59422, 0.62576
0.62316, 0.62983, 0.60407, 0.61400
0.61375, 0.61718, 0.60764, 0.61008
0.60779, 0.61619, 0.60671, 0.60879
0.60722, 0.61788, 0.60664, 0.61663
0.61708, 0.61944, 0.61466, 0.61837
0.61726, 0.62128, 0.61141, 0.61526
0.61527, 0.62254, 0.61094, 0.61150
0.61034, 0.61651, 0.60466, 0.60546
0.60512, 0.60958, 0.60174, 0.60210
0.60236, 0.60629, 0.59388, 0.59478
0.59466, 0.60312, 0.59075, 0.59641
0.59467, 0.60957, 0.59271, 0.60917
0.60757, 0.61852, 0.60683, 0.61365
0.61302, 0.61473, 0.60411, 0.60576
0.60486, 0.61729, 0.60480, 0.61561
0.61538, 0.61685, 0.60242, 0.60790
0.60686, 0.61154, 0.60476, 0.61076
0.60977, 0.61090, 0.60025, 0.60659
0.60536, 0.61057, 0.60129, 0.60411
0.60377, 0.60699, 0.59482, 0.60461
0.60450, 0.61106, 0.60365, 0.60605
0.60475, 0.61388, 0.60414, 0.60940
0.60967, 0.63324, 0.60965, 0.62458
0.62401, 0.63353, 0.62401, 0.63105
0.63063, 0.63819, 0.63054, 0.63461
0.63467, 0.63878, 0.62621, 0.62764
0.62686, 0.63127, 0.62297, 0.63021
0.63061, 0.63381, 0.62497, 0.63021
0.62900, 0.63378, 0.62329, 0.63361
0.63177, 0.63789, 0.63011, 0.63583
0.63466, 0.64395, 0.63028, 0.64035
0.63987, 0.64196, 0.63324, 0.63525
0.63505, 0.64064, 0.63077, 0.63519
0.63511, 0.64314, 0.63194, 0.63927
0.63746, 0.64982, 0.63706, 0.64720
0.64567, 0.65019, 0.64064, 0.64353
0.64196, 0.65463, 0.64178, 0.65391
0.65283, 0.67658, 0.65278, 0.65680
0.65654, 0.67274, 0.65640, 0.66651
0.66550, 0.67147, 0.66344, 0.66663
0.66650, 0.67054, 0.66247, 0.66571
0.66346, 0.66624, 0.65064, 0.65695
0.65584, 0.66344, 0.65412, 0.66193
0.66173, 0.66439, 0.64837, 0.65025
0.65017, 0.66253, 0.64723, 0.65711
0.65542, 0.66198, 0.65522, 0.65737
0.65643, 0.66226, 0.65321, 0.65355
0.65327, 0.66027, 0.64977, 0.65572
0.65614, 0.65752, 0.64767, 0.65384
0.65214, 0.65356, 0.64186, 0.64311
0.64395, 0.65691, 0.64273, 0.65193
0.65249, 0.65489, 0.64408, 0.64803
0.64756, 0.65053, 0.63831, 0.63963
0.64060, 0.64507, 0.63775, 0.63933
0.63882, 0.64973, 0.63882, 0.64749
0.64820, 0.65012, 0.64268, 0.64701
0.64671, 0.65448, 0.63327, 0.63942
0.63921, 0.64611, 0.63616, 0.64363
0.64312, 0.64384, 0.63295, 0.64161
0.64062, 0.64222, 0.63046, 0.63130
0.62994, 0.64222, 0.62972, 0.64142
0.64022, 0.65025, 0.63938, 0.64413
0.64478, 0.64481, 0.62354, 0.62676
0.62476, 0.64001, 0.62476, 0.63856
0.63725, 0.65464, 0.63674, 0.65340
0.65316, 0.65627, 0.64985, 0.65269
0.65282, 0.65804, 0.65011, 0.65571
0.65522, 0.65638, 0.64523, 0.64812
0.64711, 0.65085, 0.64033, 0.64548
0.64525, 0.64802, 0.63933, 0.64228
0.64123, 0.65354, 0.64074, 0.65294
0.65253, 0.66328, 0.65138, 0.65476
0.65443, 0.66119, 0.65096, 0.65556
0.65515, 0.65788, 0.64580, 0.64925
0.64908, 0.65665, 0.64517, 0.64819
0.64810, 0.65404, 0.64709, 0.64923
0.64946, 0.65168, 0.62650, 0.62760
0.63009, 0.63343, 0.61774, 0.61850
0.61943, 0.62873, 0.61878, 0.62548
0.62570, 0.63135, 0.62017, 0.62203
0.62194, 0.62965, 0.61718, 0.62566
0.62661, 0.62744, 0.62218, 0.62369
0.62202, 0.62594, 0.61812, 0.62195
0.62210, 0.62836, 0.62052, 0.62184
0.62088, 0.62370, 0.61128, 0.61185
0.61129, 0.61663, 0.60754, 0.60828
0.60942, 0.61442, 0.60714, 0.61197
0.61053, 0.62144, 0.61036, 0.61448
0.61346, 0.62005, 0.60919, 0.61592
0.61595, 0.62617, 0.61035, 0.62373
0.61927, 0.63159, 0.61795, 0.62886
0.62813, 0.63922, 0.62737, 0.63557
0.63494, 0.64703, 0.63191, 0.64290
0.64244, 0.65120, 0.63996, 0.64716
0.64629, 0.65156, 0.63731, 0.64023
0.63996, 0.65044, 0.63846, 0.63920
0.63798, 0.64337, 0.63098, 0.63781
0.63687, 0.64593, 0.63328, 0.63447
0.63347, 0.63699, 0.62736, 0.62797
0.62574, 0.63796, 0.62508, 0.63272
0.62948, 0.63260, 0.62056, 0.62933
0.62755, 0.63466, 0.61728, 0.62362
0.62226, 0.62919, 0.61663, 0.62527
0.62351, 0.62912, 0.62069, 0.62591
0.62547, 0.63190, 0.62403, 0.62722
0.62661, 0.62799, 0.60773, 0.61150
0.61034, 0.61483, 0.60021, 0.60443
0.60292, 0.60581, 0.59005, 0.59490
0.59364, 0.60572, 0.59184, 0.60391
0.60227, 0.60502, 0.59564, 0.60058
0.60046, 0.60720, 0.59924, 0.60036
0.60201, 0.60497, 0.59511, 0.59796
0.59704, 0.60623, 0.59543, 0.59963
0.59977, 0.60862, 0.59747, 0.60612
0.60659, 0.60761, 0.59090, 0.59157
0.59104, 0.60129, 0.59078, 0.59192
0.59032, 0.60195, 0.58947, 0.59874
0.59685, 0.59929, 0.58546, 0.58559
0.58297, 0.58797, 0.57206, 0.57751
0.57616, 0.57789, 0.55924, 0.56288
0.56359, 0.56693, 0.55158, 0.55190
0.55022, 0.56960, 0.55022, 0.55720
0.55682, 0.56684, 0.55433, 0.55888
0.55809, 0.57531, 0.55698, 0.57386
0.57413, 0.58070, 0.56616, 0.57824
0.57745, 0.59015, 0.57676, 0.58880
0.58565, 0.59013, 0.57296, 0.57523
0.57281, 0.59069, 0.57047, 0.58688
0.58666, 0.59234, 0.58127, 0.59038
0.58671, 0.60165, 0.58399, 0.59996
0.59762, 0.60189, 0.59318, 0.59898
0.59677, 0.60296, 0.58771, 0.59538
0.59422, 0.59623, 0.57904, 0.58590
0.58555, 0.58842, 0.58092, 0.58677
0.58568, 0.58954, 0.58078, 0.58848
0.58710, 0.59545, 0.58443, 0.59141
0.59062, 0.59670, 0.58343, 0.59523
0.59438, 0.60178, 0.59166, 0.59766
0.59690, 0.59950, 0.58519, 0.58551
0.58497, 0.58738, 0.57975, 0.58266
0.58228, 0.58633, 0.57613, 0.57682
0.57600, 0.58276, 0.57437, 0.57963
0.57904, 0.58848, 0.57531, 0.58193
0.58189, 0.58248, 0.56396, 0.56476
0.56328, 0.58250, 0.56206, 0.58021
0.58047, 0.58190, 0.56807, 0.56948
0.56846, 0.57705, 0.56618, 0.57202
0.57203, 0.57761, 0.56308, 0.56538
0.56331, 0.56627, 0.55399, 0.55464
0.55425, 0.55838, 0.54546, 0.54735
0.54676, 0.55343, 0.54328, 0.55235
0.55017, 0.56267, 0.54812, 0.56009
0.55888, 0.56770, 0.55466, 0.55553
0.55365, 0.56738, 0.55359, 0.56411
0.56132, 0.56560, 0.54584, 0.54635
0.54675, 0.55314, 0.54457, 0.55019
0.54977, 0.55371, 0.54721, 0.55324
0.55048, 0.56014, 0.55048, 0.55731
0.55624, 0.55758, 0.54824, 0.55036
0.55010, 0.55449, 0.54376, 0.54906
0.54765, 0.55768, 0.54765, 0.55190
0.55062, 0.55263, 0.54141, 0.54887
0.54617, 0.54891, 0.53335, 0.53347
0.53325, 0.54067, 0.53285, 0.53540
0.53250, 0.54185, 0.53056, 0.53173
0.53003, 0.53488, 0.52380, 0.52411
0.52334, 0.52334, 0.52334, 0.52334