0.69136, 0.69191, 0.68858, 0.69011
0.68890, 0.69096, 0.68811, 0.68913
0.68765, 0.69731, 0.68729, 0.69548
0.69561, 0.70215, 0.69498, 0.70172
0.70189, 0.70326, 0.69876, 0.70036
0.70057, 0.70105, 0.69654, 0.69716
0.69614, 0.70107, 0.69604, 0.69851
0.69824, 0.70586, 0.69810, 0.70458
0.70458, 0.70651, 0.70254, 0.70455
0.70485, 0.71123, 0.70357, 0.70959
0.70932, 0.71211, 0.70653, 0.70692
0.70674, 0.70873, 0.70406, 0.70652
0.70654, 0.70977, 0.70433, 0.70913
0.70918, 0.71011, 0.70745, 0.70903
0.70895, 0.71082, 0.70526, 0.70625
0.70571, 0.70631, 0.70180, 0.70244
0.70192, 0.70382, 0.69867, 0.69888
0.69911, 0.69990, 0.69490, 0.69665
0.69654, 0.69720, 0.69338, 0.69465
0.69459, 0.69920, 0.69325, 0.69831
0.69798, 0.70074, 0.69711, 0.69978
0.69901, 0.70011, 0.69638, 0.69668
0.69666, 0.69831, 0.69491, 0.69775
0.69770, 0.69974, 0.69687, 0.69867
0.69641, 0.70335, 0.69564, 0.70238
0.70163, 0.70329, 0.69943, 0.70140
0.70187, 0.70448, 0.70110, 0.70304
0.70279, 0.70447, 0.69669, 0.69789
0.69764, 0.70249, 0.69717, 0.70146
0.70061, 0.70061, 0.69319, 0.69809
0.69786, 0.69969, 0.69522, 0.69604
0.69561, 0.69692, 0.69112, 0.69133
0.69118, 0.69245, 0.68625, 0.68681
0.68653, 0.69119, 0.68590, 0.69012
0.69006, 0.69300, 0.68793, 0.68819
0.68839, 0.69138, 0.68794, 0.69001
0.68929, 0.69281, 0.68792, 0.69235
0.69235, 0.69573, 0.68739, 0.68826
0.68795, 0.68948, 0.68215, 0.68835
0.68813, 0.68962, 0.68393, 0.68678
0.68628, 0.68889, 0.68418, 0.68468
0.68507, 0.69178, 0.68505, 0.68968
0.68948, 0.69072, 0.67972, 0.68411
0.68363, 0.69280, 0.68196, 0.69105
0.69093, 0.69256, 0.68810, 0.69001
0.68968, 0.69214, 0.68790, 0.69008
0.68940, 0.69567, 0.68935, 0.69468
0.69470, 0.69565, 0.69108, 0.69165
0.69165, 0.69652, 0.69096, 0.69378
0.69378, 0.69476, 0.68775, 0.68900
0.68899, 0.69454, 0.68748, 0.69230
0.69026, 0.69485, 0.69021, 0.69194
0.69193, 0.69568, 0.69034, 0.69143
0.69141, 0.69537, 0.68955, 0.69208
0.69207, 0.69778, 0.69100, 0.69525
0.69518, 0.69528, 0.69081, 0.69243
0.68987, 0.69322, 0.68868, 0.68993
0.68988, 0.69069, 0.68440, 0.68622
0.68612, 0.68847, 0.68308, 0.68365
0.68364, 0.68422, 0.68071, 0.68110
0.68108, 0.68433, 0.67876, 0.68208
0.68252, 0.68356, 0.67963, 0.68062
0.68058, 0.68098, 0.67801, 0.67869
0.67863, 0.67977, 0.67440, 0.67708
0.67703, 0.67891, 0.67300, 0.67380
0.67380, 0.67447, 0.67021, 0.67078
0.67239, 0.67272, 0.66583, 0.66703
0.66703, 0.67083, 0.66522, 0.67006
0.67033, 0.67253, 0.66913, 0.67114
0.67106, 0.67458, 0.67020, 0.67445
0.67438, 0.67792, 0.67296, 0.67733
0.67621, 0.67875, 0.67445, 0.67788
0.67788, 0.67995, 0.67628, 0.67805
0.67798, 0.67798, 0.67255, 0.67273
0.67273, 0.67949, 0.67153, 0.67928
0.67923, 0.67994, 0.67514, 0.67768
0.67659, 0.67901, 0.67453, 0.67551
0.67551, 0.68132, 0.67337, 0.67826
0.67823, 0.67947, 0.67564, 0.67857
0.67865, 0.67941, 0.67218, 0.67353
0.67348, 0.67701, 0.67244, 0.67560
0.67333, 0.67611, 0.67288, 0.67340
0.67335, 0.67692, 0.67283, 0.67555
0.67547, 0.67815, 0.67465, 0.67787
0.67789, 0.67870, 0.67394, 0.67426
0.67419, 0.67652, 0.67328, 0.67559
0.67511, 0.67749, 0.67407, 0.67420
0.67419, 0.67548, 0.67270, 0.67502
0.67502, 0.67541, 0.67264, 0.67346
0.67375, 0.67411, 0.67075, 0.67094
0.67033, 0.67198, 0.66943, 0.67063
0.66998, 0.67196, 0.66904, 0.67074
0.67073, 0.67236, 0.66959, 0.67041
0.67033, 0.67208, 0.66983, 0.67000
0.67000, 0.67000, 0.65581, 0.65703
0.65701, 0.65784, 0.65404, 0.65423
0.65267, 0.65522, 0.65146, 0.65321
0.65321, 0.65673, 0.65204, 0.65344
0.65333, 0.65461, 0.65115, 0.65210
0.65209, 0.65745, 0.65124, 0.65644
0.65639, 0.66057, 0.65560, 0.66045
0.66017, 0.66055, 0.65744, 0.65844
0.65799, 0.65987, 0.65663, 0.65917
0.65940, 0.66174, 0.65751, 0.65817
0.65798, 0.65899, 0.65396, 0.65424
0.65420, 0.65824, 0.65293, 0.65757
0.65580, 0.65836, 0.65534, 0.65610
0.65604, 0.65729, 0.65435, 0.65500
0.65500, 0.65623, 0.64964, 0.65119
0.65118, 0.65205, 0.64333, 0.64542
0.64525, 0.64559, 0.64050, 0.64124
0.64097, 0.64213, 0.63944, 0.63954
0.63948, 0.64048, 0.63657, 0.63834
0.63828, 0.64123, 0.63625, 0.64034
0.64028, 0.64187, 0.63573, 0.63573
0.63565, 0.63650, 0.63256, 0.63291
0.63217, 0.63720, 0.63142, 0.63591
0.63588, 0.63785, 0.63312, 0.63442
0.63442, 0.63712, 0.63311, 0.63629
0.63637, 0.63707, 0.63375, 0.63435
0.63428, 0.63636, 0.63280, 0.63308
0.63318, 0.63465, 0.63240, 0.63303
0.63229, 0.63557, 0.63161, 0.63517
0.63392, 0.64051, 0.63384, 0.63948
0.63945, 0.64428, 0.63839, 0.64104
0.64100, 0.64189, 0.63735, 0.63983
0.63875, 0.64138, 0.63817, 0.64081
0.64076, 0.64304, 0.63880, 0.64148
0.64148, 0.64564, 0.64028, 0.64269
0.64258, 0.64780, 0.64174, 0.64628
0.64618, 0.65076, 0.64342, 0.64928
0.64835, 0.65167, 0.64801, 0.65056
0.64977, 0.65079, 0.64639, 0.64861
0.64804, 0.64861, 0.64558, 0.64621
0.64609, 0.64609, 0.64198, 0.64233
0.64228, 0.64378, 0.63799, 0.63853
0.63859, 0.64105, 0.63708, 0.64032
0.64028, 0.64195, 0.63909, 0.64171
0.64163, 0.64369, 0.63761, 0.63790
0.63790, 0.64728, 0.63779, 0.64577
0.64577, 0.64687, 0.64415, 0.64493
0.64319, 0.64742, 0.64303, 0.64671
0.64671, 0.65310, 0.64539, 0.65249
0.65225, 0.65418, 0.65083, 0.65154
0.65151, 0.65451, 0.64998, 0.65128
0.65125, 0.65804, 0.64946, 0.65630
0.65716, 0.65835, 0.65200, 0.65256
0.65294, 0.65402, 0.65079, 0.65178
0.65178, 0.65358, 0.64987, 0.65043
0.65043, 0.65466, 0.64812, 0.65205
0.65201, 0.65314, 0.64623, 0.65028
0.65006, 0.65519, 0.65003, 0.65348
0.65347, 0.66010, 0.65324, 0.65875
0.65873, 0.66049, 0.65587, 0.65697
0.65687, 0.66760, 0.65687, 0.66559
0.66557, 0.67007, 0.66439, 0.66739
0.66501, 0.67059, 0.66466, 0.66943
0.66691, 0.67564, 0.66661, 0.67546
0.67518, 0.68155, 0.67378, 0.67983
0.67883, 0.68102, 0.67764, 0.67970
0.67879, 0.68058, 0.67676, 0.67704
0.67624, 0.68150, 0.67553, 0.67814
0.67779, 0.68268, 0.67743, 0.68118
0.68021, 0.68567, 0.67986, 0.68344
0.68242, 0.68793, 0.68235, 0.68750
0.68674, 0.68881, 0.68484, 0.68696
0.68583, 0.68721, 0.67833, 0.67924
0.67901, 0.68155, 0.67549, 0.67568
0.67508, 0.68161, 0.67459, 0.67928
0.67930, 0.67972, 0.67477, 0.67736
0.67718, 0.67840, 0.67447, 0.67531
0.67311, 0.67893, 0.67311, 0.67603
0.67513, 0.67951, 0.67432, 0.67809
0.67708, 0.68450, 0.67708, 0.68239
0.68212, 0.68456, 0.67893, 0.68293
0.68208, 0.68751, 0.68172, 0.68709
0.69031, 0.69222, 0.68756, 0.69132
0.69042, 0.69390, 0.68943, 0.69106
0.69092, 0.69296, 0.68714, 0.68788
0.68811, 0.68826, 0.68157, 0.68294
0.68231, 0.68498, 0.67839, 0.67880
0.68011, 0.68245, 0.67693, 0.68028
0.68002, 0.68374, 0.67723, 0.68255
0.68253, 0.68470, 0.67841, 0.68107
0.68058, 0.68334, 0.67957, 0.68149
0.68138, 0.68208, 0.67481, 0.67778
0.67670, 0.67908, 0.67467, 0.67581
0.67446, 0.68222, 0.67446, 0.67951
0.67840, 0.68209, 0.67234, 0.67285
0.67273, 0.67466, 0.66718, 0.66916
0.66902, 0.67017, 0.66560, 0.66666
0.66792, 0.67061, 0.66326, 0.66510
0.66485, 0.67032, 0.66460, 0.66984
0.66921, 0.67039, 0.65982, 0.66126
0.66163, 0.66224, 0.65615, 0.65906
0.65962, 0.66274, 0.65917, 0.65979
0.65904, 0.66043, 0.65770, 0.65848
0.65860, 0.66681, 0.64982, 0.66029
0.66012, 0.66578, 0.65865, 0.66434
0.66415, 0.66516, 0.66122, 0.66145
0.66135, 0.66265, 0.65858, 0.65950
0.65930, 0.66521, 0.65842, 0.66132
0.66101, 0.66790, 0.65888, 0.66754
0.66697, 0.67261, 0.66678, 0.67196
0.67174, 0.67218, 0.66817, 0.66902
0.66891, 0.67394, 0.66791, 0.67304
0.67262, 0.67515, 0.66776, 0.67087
0.67048, 0.67432, 0.66758, 0.67225
0.67192, 0.67428, 0.67064, 0.67091
0.67123, 0.67152, 0.66819, 0.67091
0.67094, 0.67310, 0.66828, 0.67278
0.67251, 0.67884, 0.67222, 0.67512
0.67413, 0.67675, 0.67251, 0.67339
0.67318, 0.68023, 0.67181, 0.67922
0.67740, 0.68193, 0.67684, 0.67737
0.67656, 0.68073, 0.67612, 0.67964
0.67907, 0.68709, 0.67840, 0.68558
0.68436, 0.68898, 0.68436, 0.68793
0.68697, 0.68900, 0.68537, 0.68537
0.68606, 0.68757, 0.68533, 0.68688
0.68791, 0.69101, 0.68558, 0.68927
0.68884, 0.69042, 0.67805, 0.67910
0.67843, 0.67931, 0.67591, 0.67649
0.67588, 0.67795, 0.67410, 0.67419
0.67373, 0.68041, 0.67363, 0.67585
0.67538, 0.68000, 0.67490, 0.67780
0.67788, 0.68893, 0.67680, 0.68572
0.68546, 0.69028, 0.68524, 0.68718
0.68675, 0.69090, 0.68477, 0.68976
0.68840, 0.69150, 0.68677, 0.68752
0.68750, 0.68924, 0.68510, 0.68918
0.68836, 0.68917, 0.68563, 0.68600
0.68463, 0.68791, 0.68071, 0.68071
0.68013, 0.68510, 0.67666, 0.68456
0.68554, 0.68979, 0.68494, 0.68845
0.68851, 0.68959, 0.68694, 0.68918
0.68792, 0.68999, 0.68283, 0.68535
0.68507, 0.68579, 0.67833, 0.67951
0.67908, 0.68276, 0.67849, 0.67890
0.68063, 0.68198, 0.67957, 0.68180
0.68043, 0.68328, 0.67871, 0.68267
0.68071, 0.68318, 0.67879, 0.68002
0.67954, 0.68447, 0.67850, 0.68297
0.68263, 0.68621, 0.68196, 0.68566
0.68444, 0.69105, 0.68444, 0.69035
0.69019, 0.69218, 0.68947, 0.69126
0.69119, 0.69135, 0.68708, 0.68789
0.68789, 0.68857, 0.68385, 0.68586
0.68580, 0.68807, 0.68545, 0.68586
0.68585, 0.68838, 0.68532, 0.68582
0.68586, 0.68686, 0.68425, 0.68466
0.68464, 0.68508, 0.67963, 0.68508
0.68554, 0.68737, 0.68109, 0.68217
0.68218, 0.68565, 0.68182, 0.68258
0.68401, 0.68624, 0.68292, 0.68572
0.68542, 0.68803, 0.68447, 0.68632
0.68625, 0.68759, 0.67498, 0.67592
0.67591, 0.67953, 0.67385, 0.67385
0.67396, 0.67995, 0.67385, 0.67703
0.67833, 0.68088, 0.67770, 0.67980
0.67671, 0.67896, 0.67271, 0.67437
0.67394, 0.67773, 0.67316, 0.67641
0.67646, 0.67824, 0.67463, 0.67521
0.67479, 0.67661, 0.67222, 0.67303
0.67244, 0.67438, 0.67181, 0.67334
0.67329, 0.67495, 0.67281, 0.67410
0.67404, 0.67870, 0.67379, 0.67786
0.67786, 0.67869, 0.67450, 0.67496
0.67458, 0.67920, 0.67354, 0.67773
0.67786, 0.67989, 0.67644, 0.67896
0.67881, 0.68124, 0.67687, 0.68121
0.68133, 0.68263, 0.67167, 0.67978
0.67972, 0.68008, 0.67617, 0.67857
0.67850, 0.67924, 0.67746, 0.67773
0.67808, 0.67871, 0.67682, 0.67815
0.67813, 0.67974, 0.67686, 0.67869
0.67869, 0.67900, 0.67174, 0.67236
0.67234, 0.67634, 0.67192, 0.67600
0.67600, 0.68067, 0.67493, 0.67888
0.67854, 0.68106, 0.67765, 0.67985
0.67985, 0.68096, 0.67815, 0.68040
0.68036, 0.68036, 0.67336, 0.67379
0.67333, 0.67639, 0.67298, 0.67431
0.67430, 0.67697, 0.67354, 0.67523
0.67071, 0.67418, 0.67048, 0.67241
0.67241, 0.67431, 0.67017, 0.67262
0.67260, 0.67317, 0.66497, 0.67082
0.67082, 0.67218, 0.66633, 0.66877
0.66876, 0.67179, 0.66649, 0.66734
0.66629, 0.66773, 0.65998, 0.66063
0.66061, 0.66401, 0.65978, 0.66302
0.66302, 0.66320, 0.65983, 0.66177
0.66177, 0.66402, 0.65975, 0.65997
0.65997, 0.66078, 0.65823, 0.65853
0.65910, 0.66182, 0.65821, 0.65884
0.65873, 0.66039, 0.65663, 0.65781
0.65779, 0.65817, 0.65461, 0.65530
0.65562, 0.65578, 0.65338, 0.65410
0.65409, 0.65695, 0.65325, 0.65613
0.65584, 0.65875, 0.65571, 0.65667
0.65663, 0.66090, 0.65663, 0.65899
0.65895, 0.65954, 0.65490, 0.65630
0.65630, 0.65884, 0.65478, 0.65584
0.65584, 0.65621, 0.65319, 0.65363
0.65381, 0.65778, 0.65205, 0.65470
0.65470, 0.65670, 0.65298, 0.65556
0.65556, 0.65952, 0.65512, 0.65780
0.65780, 0.65972, 0.65600, 0.65636
0.65636, 0.65922, 0.65566, 0.65785
0.65847, 0.65924, 0.65388, 0.65406
0.65328, 0.65436, 0.65214, 0.65309
0.65308, 0.65511, 0.65105, 0.65408
0.65403, 0.65519, 0.65091, 0.65233
0.65233, 0.65317, 0.64783, 0.64797
0.64810, 0.65095, 0.64804, 0.64866
0.64868, 0.65361, 0.64720, 0.65290
0.65290, 0.65431, 0.64867, 0.64974
0.64974, 0.65154, 0.64485, 0.64635
0.64631, 0.64799, 0.64246, 0.64321
0.64260, 0.64647, 0.64250, 0.64322
0.64259, 0.64949, 0.64257, 0.64757
0.64757, 0.65385, 0.64367, 0.65293
0.65293, 0.65619, 0.65221, 0.65428
0.65418, 0.65622, 0.65268, 0.65568
0.65776, 0.66038, 0.65601, 0.65915
0.65813, 0.65966, 0.65671, 0.65788
0.65782, 0.66238, 0.65639, 0.66126
0.66126, 0.66236, 0.65828, 0.65838
0.65833, 0.65950, 0.65538, 0.65678
0.65680, 0.66033, 0.65626, 0.65837
0.65753, 0.65936, 0.65550, 0.65638
0.65638, 0.65860, 0.65288, 0.65709
0.65707, 0.66006, 0.65604, 0.65978
0.65977, 0.66153, 0.65661, 0.65866
0.65748, 0.66227, 0.65722, 0.66131
0.66129, 0.66391, 0.66031, 0.66150
0.66148, 0.66608, 0.66120, 0.66455
0.66456, 0.66685, 0.66295, 0.66563
0.66563, 0.66716, 0.66352, 0.66353
0.66390, 0.66688, 0.66362, 0.66381
0.66357, 0.66393, 0.65947, 0.66039
0.66039, 0.66169, 0.65956, 0.66020
0.66013, 0.66320, 0.65904, 0.66024
0.66022, 0.66027, 0.65827, 0.65876
0.65829, 0.65939, 0.65605, 0.65736
0.65729, 0.65789, 0.65417, 0.65463
0.65480, 0.65522, 0.65043, 0.65214
0.65208, 0.65404, 0.64840, 0.64902
0.64902, 0.64948, 0.64113, 0.64193
0.64120, 0.64202, 0.63425, 0.63558
0.63518, 0.64028, 0.63245, 0.63692
0.63617, 0.63899, 0.62141, 0.62818
0.62818, 0.63404, 0.62723, 0.63140
0.63136, 0.63310, 0.62796, 0.62846
0.62902, 0.62993, 0.62431, 0.62439
0.62458, 0.63193, 0.62048, 0.63045
0.63043, 0.63141, 0.62374, 0.62639
0.62603, 0.63040, 0.62530, 0.62917
0.62916, 0.63120, 0.62778, 0.62862
0.62818, 0.63045, 0.62678, 0.62878
0.62885, 0.63063, 0.62707, 0.62733
0.62733, 0.62974, 0.62596, 0.62913
0.62913, 0.62972, 0.62571, 0.62623
0.62618, 0.63028, 0.62222, 0.62313
0.62067, 0.62680, 0.61623, 0.62542
0.62525, 0.62635, 0.62184, 0.62415
0.62415, 0.62484, 0.62118, 0.62139
0.62128, 0.62471, 0.61824, 0.62270
0.62266, 0.62464, 0.62099, 0.62433
0.62286, 0.62630, 0.62216, 0.62477
0.62440, 0.62541, 0.62184, 0.62522
0.62520, 0.62784, 0.62293, 0.62391
0.62249, 0.62941, 0.62249, 0.62844
0.62786, 0.63653, 0.62717, 0.63463
0.63306, 0.63830, 0.63306, 0.63760
0.63738, 0.63957, 0.63447, 0.63693
0.63693, 0.63871, 0.63557, 0.63660
0.63660, 0.64034, 0.63402, 0.63463
0.63457, 0.63457, 0.62966, 0.63118
0.62944, 0.63292, 0.62861, 0.62991
0.62987, 0.63142, 0.62704, 0.63119
0.63119, 0.63166, 0.62871, 0.62997
0.62996, 0.63129, 0.62474, 0.62553
0.62553, 0.62583, 0.61989, 0.62017
0.62103, 0.62353, 0.61956, 0.62284
0.62279, 0.62551, 0.62242, 0.62329
0.62323, 0.62675, 0.61992, 0.62176
0.62174, 0.62818, 0.62090, 0.62522
0.62522, 0.62643, 0.62268, 0.62383
0.62279, 0.62596, 0.61992, 0.62506
0.62506, 0.62659, 0.61927, 0.61968
0.61966, 0.62581, 0.61893, 0.62492
0.62484, 0.63026, 0.62433, 0.62907
0.62903, 0.63278, 0.62787, 0.62829
0.62665, 0.62926, 0.62472, 0.62536
0.62533, 0.62889, 0.62488, 0.62530
0.62513, 0.62909, 0.62473, 0.62634
0.62643, 0.63046, 0.62303, 0.62981
0.62994, 0.63353, 0.62925, 0.63148
0.63119, 0.63203, 0.62540, 0.62805
0.62774, 0.62969, 0.62480, 0.62852
0.62833, 0.63111, 0.62197, 0.62562
0.62556, 0.62908, 0.62408, 0.62685
0.62673, 0.63002, 0.62613, 0.62823
0.62809, 0.63244, 0.62741, 0.63130
0.63117, 0.63519, 0.63053, 0.63377
0.63348, 0.63631, 0.63188, 0.63615
0.63530, 0.63625, 0.63255, 0.63300
0.63279, 0.63346, 0.63001, 0.63127
0.63146, 0.63281, 0.63062, 0.63143
0.63149, 0.63405, 0.63087, 0.63168
0.63159, 0.63339, 0.62904, 0.63339
0.63302, 0.63490, 0.63056, 0.63264
0.63279, 0.63704, 0.63225, 0.63349
0.63371, 0.63771, 0.63124, 0.63215
0.63227, 0.63712, 0.63119, 0.63253
0.63280, 0.63428, 0.63108, 0.63211
0.63163, 0.63494, 0.62989, 0.63351
0.63328, 0.63512, 0.62933, 0.63082
0.63098, 0.63400, 0.63068, 0.63181
0.63169, 0.63248, 0.62800, 0.62840
0.62853, 0.63715, 0.62804, 0.63452
0.63451, 0.63523, 0.62813, 0.63061
0.63028, 0.63455, 0.62992, 0.63340
0.63267, 0.63490, 0.63156, 0.63294
0.63268, 0.63711, 0.63174, 0.63691
0.63686, 0.63874, 0.63435, 0.63582
0.63543, 0.63830, 0.63278, 0.63565
0.63578, 0.63929, 0.63463, 0.63845
0.63937, 0.64078, 0.63747, 0.63942
0.63923, 0.64125, 0.63864, 0.64112
0.64058, 0.64263, 0.64044, 0.64158
0.64117, 0.64227, 0.63920, 0.64074
0.64036, 0.64400, 0.64034, 0.64119
0.64319, 0.64707, 0.64251, 0.64451
0.64433, 0.64675, 0.64235, 0.64360
0.64331, 0.64647, 0.64112, 0.64552
0.64464, 0.64851, 0.64453, 0.64609
0.64588, 0.65141, 0.64559, 0.65014
0.64872, 0.65002, 0.64676, 0.64676
0.64667, 0.64872, 0.64357, 0.64413
0.64376, 0.64849, 0.64207, 0.64718
0.64681, 0.65127, 0.64576, 0.64976
0.64900, 0.65364, 0.64709, 0.64846
0.64898, 0.65052, 0.64793, 0.64810
0.64761, 0.64950, 0.64366, 0.64417
0.64401, 0.64802, 0.64275, 0.64563
0.64566, 0.64656, 0.64418, 0.64628
0.64567, 0.64952, 0.64507, 0.64877
0.64756, 0.65153, 0.64711, 0.65133
0.65089, 0.65263, 0.64933, 0.65124
0.65176, 0.65498, 0.65151, 0.65460
0.65377, 0.65520, 0.65158, 0.65308
0.65200, 0.65427, 0.65130, 0.65191
0.65170, 0.65409, 0.64953, 0.65163
0.65194, 0.65229, 0.64872, 0.65049
0.65017, 0.65093, 0.64632, 0.64769
0.64583, 0.64769, 0.64519, 0.64539
0.64559, 0.64731, 0.64328, 0.64428
0.64403, 0.64816, 0.63966, 0.64745
0.64667, 0.64835, 0.64209, 0.64351
0.64312, 0.64632, 0.64250, 0.64523
0.64501, 0.64728, 0.64274, 0.64366
0.64357, 0.64385, 0.63914, 0.63978
0.63933, 0.64029, 0.63534, 0.63780
0.63789, 0.64232, 0.63744, 0.64015
0.63983, 0.64215, 0.63804, 0.63952
0.63955, 0.64141, 0.63890, 0.63963
0.63892, 0.64038, 0.63759, 0.63880
0.63879, 0.64163, 0.63784, 0.63811
0.63787, 0.64180, 0.63731, 0.64124
0.64097, 0.64292, 0.64066, 0.64132
0.63839, 0.64028, 0.63416, 0.63447
0.63373, 0.63703, 0.63124, 0.63695
0.63669, 0.63700, 0.63480, 0.63525
0.63492, 0.63554, 0.62763, 0.62924
0.62852, 0.63009, 0.62196, 0.62255
0.62302, 0.62590, 0.62174, 0.62436
0.62369, 0.63013, 0.62278, 0.62942
0.62866, 0.63205, 0.62729, 0.63024
0.62983, 0.63149, 0.62869, 0.62937
0.62933, 0.63005, 0.62487, 0.62563
0.62503, 0.62755, 0.62365, 0.62390
0.62346, 0.62756, 0.62345, 0.62480
0.62423, 0.63267, 0.62416, 0.63215
0.63192, 0.63270, 0.62885, 0.63051
0.62968, 0.63204, 0.62968, 0.63169
0.63253, 0.63300, 0.63054, 0.63136
0.63095, 0.63169, 0.62683, 0.62770
0.62770, 0.63048, 0.62684, 0.62806
0.62720, 0.62871, 0.62206, 0.62319
0.62259, 0.62413, 0.61891, 0.62107
0.61867, 0.62110, 0.61797, 0.62068
0.62019, 0.62239, 0.61660, 0.61686
0.61664, 0.61779, 0.61376, 0.61413
0.61390, 0.61545, 0.61042, 0.61047
0.61016, 0.61195, 0.59926, 0.60276
0.59850, 0.60553, 0.59751, 0.60063
0.59899, 0.60383, 0.59831, 0.60001
0.59926, 0.60339, 0.59834, 0.60269
0.60192, 0.60369, 0.59517, 0.59633
0.59482, 0.60011, 0.59272, 0.59453
0.58870, 0.59769, 0.55020, 0.58555
0.58620, 0.59148, 0.58393, 0.58813
0.58816, 0.59309, 0.58604, 0.58900
0.58891, 0.58899, 0.57404, 0.57923
0.57864, 0.58742, 0.57385, 0.57680
0.57616, 0.57997, 0.56610, 0.57040
0.57050, 0.57890, 0.56830, 0.57186
0.57276, 0.57338, 0.55268, 0.55475
0.55473, 0.57943, 0.52990, 0.55992
0.55980, 0.57538, 0.55409, 0.56187
0.55888, 0.56327, 0.55156, 0.56051
0.56023, 0.57338, 0.55947, 0.57255
0.57241, 0.57916, 0.56785, 0.56975
0.57009, 0.57637, 0.56333, 0.57213
0.57205, 0.57811, 0.56957, 0.57422
0.57396, 0.57739, 0.57119, 0.57665
0.57582, 0.57970, 0.57049, 0.57351
0.57177, 0.57773, 0.56785, 0.57147
0.57021, 0.57737, 0.56961, 0.57628
0.57501, 0.57699, 0.57041, 0.57188
0.57318, 0.58315, 0.57089, 0.57991
0.57953, 0.58539, 0.57889, 0.57921
0.57875, 0.58532, 0.57685, 0.58408
0.58328, 0.58824, 0.58185, 0.58725
0.58708, 0.58934, 0.58483, 0.58599
0.58638, 0.59075, 0.58532, 0.58924
0.58809, 0.59161, 0.58334, 0.58645
0.58550, 0.58646, 0.57654, 0.57837
0.57716, 0.57888, 0.57508, 0.57816
0.57827, 0.58475, 0.57799, 0.58325
0.58426, 0.58844, 0.58179, 0.58434
0.58400, 0.58520, 0.57616, 0.57870
0.57713, 0.58146, 0.57668, 0.57843
0.57718, 0.58806, 0.57505, 0.58631
0.58559, 0.58730, 0.58350, 0.58539
0.58370, 0.59123, 0.58351, 0.58993
0.58908, 0.59127, 0.58467, 0.59057
0.58932, 0.59798, 0.58932, 0.59716
0.59690, 0.59946, 0.59146, 0.59153
0.59017, 0.59184, 0.58057, 0.58249
0.58171, 0.58463, 0.57869, 0.58426
0.58269, 0.59037, 0.58269, 0.58898
0.58807, 0.59072, 0.58541, 0.58597
0.58518, 0.59366, 0.58449, 0.59220
0.59150, 0.59636, 0.59150, 0.59570
0.59627, 0.59728, 0.58889, 0.59055
0.59090, 0.59333, 0.58893, 0.58900
0.58785, 0.59086, 0.58131, 0.58266
0.58200, 0.58419, 0.58027, 0.58349
0.58302, 0.58543, 0.57596, 0.57669
0.57669, 0.58843, 0.57550, 0.58647
0.58650, 0.59398, 0.58613, 0.59030
0.58942, 0.59373, 0.58893, 0.59309
0.59220, 0.59523, 0.59021, 0.59428
0.59299, 0.59495, 0.59078, 0.59179
0.59134, 0.59333, 0.59108, 0.59283
0.59290, 0.60186, 0.59167, 0.59851
0.59775, 0.60405, 0.59641, 0.59910
0.59813, 0.60218, 0.59790, 0.59870
0.59800, 0.60038, 0.59345, 0.59659
0.59457, 0.60574, 0.59422, 0.60514
0.60467, 0.61308, 0.60138, 0.61292
0.61162, 0.61951, 0.61145, 0.61748
0.61654, 0.61941, 0.61457, 0.61748
0.61700, 0.62947, 0.61641, 0.62576
0.62316, 0.62917, 0.62316, 0.62809
0.62752, 0.62983, 0.61745, 0.61932
0.61840, 0.62257, 0.61607, 0.61683
0.61633, 0.61733, 0.60424, 0.60711
0.60637, 0.61464, 0.60407, 0.61400
0.61375, 0.61491, 0.60764, 0.61419
0.61354, 0.61718, 0.60996, 0.61357
0.61291, 0.61641, 0.61121, 0.61244
0.61158, 0.61438, 0.60937, 0.61136
0.61073, 0.61276, 0.60927, 0.61008
0.60779, 0.61542, 0.60682, 0.61392
0.61335, 0.61619, 0.61036, 0.61311
0.61258, 0.61494, 0.60671, 0.60740
0.60707, 0.61083, 0.60672, 0.60971
0.60938, 0.61132, 0.60761, 0.60879
0.60722, 0.61079, 0.60664, 0.61048
0.60969, 0.61173, 0.60765, 0.61145
0.61065, 0.61389, 0.60987, 0.61257
0.61168, 0.61673, 0.61168, 0.61526
0.61465, 0.61788, 0.61434, 0.61663
0.61708, 0.61875, 0.61466, 0.61745
0.61635, 0.61923, 0.61557, 0.61691
0.61584, 0.61817, 0.61487, 0.61700
0.61588, 0.61899, 0.61574, 0.61763
0.61748, 0.61944, 0.61609, 0.61837
0.61726, 0.62043, 0.61559, 0.61563
0.61548, 0.61618, 0.61141, 0.61387
0.61304, 0.62128, 0.61304, 0.62043
0.61981, 0.62113, 0.61665, 0.61786
0.61710, 0.61892, 0.61414, 0.61526
0.61527, 0.61769, 0.61429, 0.61722
0.61685, 0.62207, 0.61595, 0.61933
0.61923, 0.62254, 0.61889, 0.61922
0.61866, 0.62097, 0.61341, 0.61389
0.61360, 0.61480, 0.61094, 0.61150
0.61034, 0.61620, 0.61005, 0.61484
0.61478, 0.61651, 0.60948, 0.61107
0.61084, 0.61223, 0.60738, 0.60842
0.60796, 0.60920, 0.60466, 0.60907
0.60835, 0.60905, 0.60479, 0.60546
0.60512, 0.60958, 0.60454, 0.60671
0.60558, 0.60782, 0.60355, 0.60481
0.60384, 0.60692, 0.60271, 0.60376
0.60260, 0.60875, 0.60174, 0.60832
0.60716, 0.60919, 0.60208, 0.60210
0.60236, 0.60521, 0.60148, 0.60359
0.60241, 0.60629, 0.60150, 0.60303
0.60210, 0.60337, 0.59722, 0.60018
0.59871, 0.60082, 0.59496, 0.59577
0.59558, 0.59648, 0.59388, 0.59478
0.59466, 0.59558, 0.59201, 0.59449
0.59422, 0.59685, 0.59153, 0.59599
0.59594, 0.60312, 0.59580, 0.59994
0.60004, 0.60083, 0.59075, 0.59314
0.59261, 0.59668, 0.59177, 0.59641
0.59467, 0.59695, 0.59379, 0.59508
0.59480, 0.59612, 0.59271, 0.59434
0.59359, 0.60164, 0.59354, 0.60130
0.59981, 0.60430, 0.59945, 0.60351
0.60178, 0.60957, 0.60178, 0.60917
0.60757, 0.60970, 0.60683, 0.60870
0.60775, 0.61588, 0.60734, 0.61463
0.61343, 0.61852, 0.61343, 0.61637
0.61577, 0.61748, 0.60854, 0.61036
0.60929, 0.61483, 0.60838, 0.61365
0.61302, 0.61366, 0.61079, 0.61290
0.61242, 0.61473, 0.60641, 0.60743
0.60669, 0.61081, 0.60604, 0.60968
0.60890, 0.60978, 0.60444, 0.60527
0.60452, 0.60853, 0.60411, 0.60576
0.60486, 0.60923, 0.60480, 0.60857
0.60793, 0.61051, 0.60685, 0.60948
0.60916, 0.61358, 0.60880, 0.61215
0.61110, 0.61372, 0.60952, 0.61355
0.61260, 0.61729, 0.61235, 0.61561
0.61538, 0.61685, 0.60912, 0.60970
0.60843, 0.61146, 0.60794, 0.61000
0.60860, 0.61196, 0.60383, 0.60489
0.60474, 0.60715, 0.60242, 0.60658
0.60632, 0.61044, 0.60524, 0.60790
0.60686, 0.60934, 0.60527, 0.60577
0.60561, 0.60835, 0.60496, 0.60582
0.60580, 0.61074, 0.60476, 0.60945
0.60944, 0.61149, 0.60821, 0.61058
0.61036, 0.61154, 0.60854, 0.61076
0.60977, 0.61090, 0.60690, 0.60769
0.60770, 0.60892, 0.60388, 0.60418
0.60420, 0.60547, 0.60221, 0.60316
0.60309, 0.60537, 0.60025, 0.60356
0.60299, 0.60711, 0.60189, 0.60659
0.60536, 0.60736, 0.60384, 0.60424
0.60399, 0.60836, 0.60308, 0.60806
0.60734, 0.61057, 0.60716, 0.60785
0.60783, 0.60824, 0.60129, 0.60309
0.60299, 0.60532, 0.60257, 0.60411
0.60377, 0.60699, 0.60097, 0.60124
0.60093, 0.60125, 0.59482, 0.59657
0.59632, 0.60355, 0.59588, 0.60237
0.60200, 0.60651, 0.60089, 0.60548
0.60528, 0.60642, 0.60345, 0.60461
0.60450, 0.60747, 0.60387, 0.60538
0.60558, 0.60969, 0.60555, 0.60949
0.60938, 0.61106, 0.60365, 0.60460
0.60456, 0.60737, 0.60373, 0.60663
0.60677, 0.61003, 0.60441, 0.60605
0.60475, 0.60988, 0.60414, 0.60975
0.60866, 0.61278, 0.60769, 0.61092
0.60985, 0.61321, 0.60615, 0.61083
0.60965, 0.61343, 0.60915, 0.61209
0.61174, 0.61388, 0.60876, 0.60940
0.60967, 0.62433, 0.60965, 0.62310
0.62178, 0.62677, 0.62112, 0.62492
0.62334, 0.63258, 0.62269, 0.63100
0.63052, 0.63324, 0.62551, 0.62572
0.62574, 0.62588, 0.62296, 0.62458
0.62401, 0.63002, 0.62401, 0.62998
0.62962, 0.63084, 0.62540, 0.62813
0.62780, 0.63187, 0.62665, 0.63056
0.63048, 0.63103, 0.62774, 0.63002
0.62911, 0.63353, 0.62877, 0.63105
0.63063, 0.63346, 0.63054, 0.63154
0.63132, 0.63819, 0.63087, 0.63581
0.63515, 0.63717, 0.63415, 0.63636
0.63560, 0.63698, 0.63388, 0.63458
0.63427, 0.63752, 0.63419, 0.63461
0.63467, 0.63751, 0.63352, 0.63723
0.63591, 0.63878, 0.63492, 0.63579
0.63500, 0.63691, 0.63024, 0.63212
0.63197, 0.63279, 0.62969, 0.63020
0.62989, 0.63072, 0.62621, 0.62764
0.62686, 0.62805, 0.62533, 0.62724
0.62600, 0.62741, 0.62422, 0.62612
0.62569, 0.63006, 0.62439, 0.62447
0.62449, 0.62939, 0.62297, 0.62895
0.62834, 0.63127, 0.62758, 0.63021
0.63061, 0.63103, 0.62767, 0.62778
0.62707, 0.62873, 0.62497, 0.62757
0.62695, 0.62969, 0.62567, 0.62951
0.62797, 0.63381, 0.62797, 0.63208
0.63147, 0.63284, 0.62884, 0.63021
0.62900, 0.63018, 0.62329, 0.62834
0.62817, 0.62964, 0.62398, 0.62634
0.62568, 0.63135, 0.62497, 0.63011
0.62942, 0.63378, 0.62925, 0.63361
0.63177, 0.63490, 0.63021, 0.63101
0.63044, 0.63412, 0.63011, 0.63148
0.63178, 0.63677, 0.63097, 0.63506
0.63415, 0.63789, 0.63415, 0.63583
0.63466, 0.63717, 0.63028, 0.63195
0.63132, 0.63745, 0.63081, 0.63679
0.63639, 0.64234, 0.63599, 0.64066
0.64029, 0.64312, 0.63873, 0.64256
0.64111, 0.64395, 0.63918, 0.64035
0.63987, 0.64094, 0.63709, 0.63747
0.63725, 0.64082, 0.63706, 0.64056
0.63987, 0.64118, 0.63611, 0.63691
0.63651, 0.64196, 0.63635, 0.64146
0.64064, 0.64160, 0.63324, 0.63525
0.63505, 0.63592, 0.63245, 0.63319
0.63234, 0.63580, 0.63077, 0.63229
0.63188, 0.63812, 0.63186, 0.63775
0.63771, 0.64064, 0.63640, 0.63854
0.63803, 0.63914, 0.63421, 0.63519
0.63511, 0.64018, 0.63449, 0.63905
0.63904, 0.64314, 0.63737, 0.64166
0.64116, 0.64227, 0.63520, 0.63593
0.63581, 0.63848, 0.63194, 0.63742
0.63627, 0.64197, 0.63606, 0.63927
0.63746, 0.64317, 0.63706, 0.64194
0.64086, 0.64578, 0.64086, 0.64565
0.64462, 0.64851, 0.64462, 0.64784
0.64712, 0.64982, 0.64578, 0.64696
0.64591, 0.64823, 0.64465, 0.64720
0.64567, 0.64981, 0.64564, 0.64872
0.64787, 0.65019, 0.64505, 0.64580
0.64562, 0.64634, 0.64104, 0.64173
0.64163, 0.64500, 0.64129, 0.64305
0.64321, 0.64422, 0.64064, 0.64353
0.64196, 0.64574, 0.64196, 0.64311
0.64262, 0.64570, 0.64241, 0.64333
0.64316, 0.64611, 0.64178, 0.64597
0.64558, 0.64728, 0.64453, 0.64688
0.64600, 0.65463, 0.64579, 0.65391
0.65283, 0.65768, 0.65278, 0.65661
0.65519, 0.66490, 0.65453, 0.66474
0.66233, 0.67566, 0.66210, 0.67475
0.67389, 0.67658, 0.66649, 0.66655
0.66631, 0.66792, 0.65495, 0.65680
0.65654, 0.66623, 0.65640, 0.66454
0.66431, 0.66762, 0.66106, 0.66680
0.66532, 0.66873, 0.66418, 0.66645
0.66667, 0.67274, 0.66472, 0.66743
0.66763, 0.66784, 0.66017, 0.66651
0.66550, 0.66870, 0.66344, 0.66703
0.66631, 0.66946, 0.66402, 0.66567
0.66473, 0.66914, 0.66349, 0.66901
0.66799, 0.67147, 0.66546, 0.66811
0.66699, 0.66910, 0.66481, 0.66663
0.66650, 0.67054, 0.66594, 0.66724
0.66736, 0.66821, 0.66325, 0.66466
0.66460, 0.66935, 0.66247, 0.66679
0.66684, 0.67026, 0.66371, 0.66419
0.66439, 0.66700, 0.66376, 0.66571
0.66346, 0.66624, 0.65947, 0.66048
0.66058, 0.66077, 0.65256, 0.65404
0.65404, 0.65431, 0.65064, 0.65161
0.65156, 0.65382, 0.65123, 0.65329
0.65331, 0.65803, 0.65305, 0.65695
0.65584, 0.65911, 0.65412, 0.65706
0.65660, 0.66052, 0.65596, 0.65769
0.65688, 0.66108, 0.65688, 0.65910
0.65809, 0.66241, 0.65676, 0.66144
0.66060, 0.66344, 0.65996, 0.66193
0.66173, 0.66439, 0.65976, 0.66106
0.66062, 0.66212, 0.65613, 0.65667
0.65672, 0.65766, 0.65070, 0.65177
0.65163, 0.65398, 0.65073, 0.65228
0.65109, 0.65311, 0.64837, 0.65025
0.65017, 0.65162, 0.64781, 0.64816
0.64857, 0.65114, 0.64723, 0.64944
0.64917, 0.65955, 0.64822, 0.65867
0.65808, 0.66253, 0.65758, 0.66115
0.66114, 0.66174, 0.65550, 0.65711
0.65542, 0.65854, 0.65522, 0.65723
0.65662, 0.66107, 0.65522, 0.65648
0.65677, 0.66198, 0.65538, 0.66069
0.66089, 0.66096, 0.65615, 0.65671
0.65675, 0.65870, 0.65542, 0.65737
0.65643, 0.66226, 0.65622, 0.66124
0.66105, 0.66195, 0.65750, 0.65865
0.65778, 0.66185, 0.65741, 0.66025
0.65926, 0.66175, 0.65732, 0.65808
0.65792, 0.65925, 0.65321, 0.65355
0.65327, 0.65705, 0.65249, 0.65603
0.65505, 0.65689, 0.64977, 0.65276
0.65234, 0.65885, 0.65218, 0.65872
0.65856, 0.66027, 0.65352, 0.65651
0.65593, 0.65762, 0.65373, 0.65572
0.65614, 0.65701, 0.65424, 0.65434
0.65432, 0.65752, 0.65338, 0.65671
0.65660, 0.65745, 0.64953, 0.65054
0.65031, 0.65171, 0.64767, 0.65090
0.64933, 0.65427, 0.64841, 0.65384
0.65214, 0.65356, 0.64730, 0.65140
0.65057, 0.65312, 0.64917, 0.64972
0.64966, 0.65026, 0.64582, 0.64761
0.64768, 0.64998, 0.64519, 0.64617
0.64510, 0.64789, 0.64186, 0.64311
0.64395, 0.64729, 0.64273, 0.64701
0.64500, 0.64911, 0.64500, 0.64634
0.64672, 0.65579, 0.64634, 0.65319
0.65272, 0.65691, 0.65247, 0.65403
0.65330, 0.65466, 0.64920, 0.65193
0.65249, 0.65489, 0.65049, 0.65266
0.65259, 0.65464, 0.64875, 0.65067
0.64966, 0.65229, 0.64809, 0.64941
0.64904, 0.65009, 0.64435, 0.64533
0.64461, 0.64858, 0.64408, 0.64803
0.64756, 0.65053, 0.64644, 0.64801
0.64794, 0.64897, 0.64395, 0.64491
0.64458, 0.64623, 0.64210, 0.64281
0.64196, 0.64552, 0.64170, 0.64329
0.64243, 0.64483, 0.63831, 0.63963
0.64060, 0.64292, 0.63983, 0.64203
0.64177, 0.64371, 0.63856, 0.63957
0.63870, 0.64283, 0.63846, 0.64017
0.63982, 0.64507, 0.63967, 0.64275
0.64145, 0.64382, 0.63775, 0.63933
0.63882, 0.64291, 0.63882, 0.64137
0.64036, 0.64538, 0.64002, 0.64437
0.64346, 0.64781, 0.64330, 0.64683
0.64602, 0.64928, 0.64514, 0.64731
0.64693, 0.64973, 0.64693, 0.64749
0.64820, 0.65012, 0.64688, 0.64731
0.64652, 0.64851, 0.64268, 0.64395
0.64271, 0.64673, 0.64271, 0.64605
0.64564, 0.64805, 0.64427, 0.64461
0.64368, 0.64771, 0.64329, 0.64701
0.64671, 0.64818, 0.64602, 0.64738
0.64739, 0.65448, 0.64601, 0.64779
0.64678, 0.65167, 0.64669, 0.64914
0.64810, 0.64946, 0.63327, 0.63535
0.63572, 0.64009, 0.63354, 0.63942
0.63921, 0.64064, 0.63617, 0.63904
0.63873, 0.64080, 0.63616, 0.63796
0.63738, 0.64548, 0.63688, 0.64328
0.64296, 0.64402, 0.63953, 0.64060
0.63982, 0.64611, 0.63941, 0.64363
0.64312, 0.64384, 0.63471, 0.63710
0.63684, 0.63826, 0.63295, 0.63730
0.63710, 0.64014, 0.63558, 0.63943
0.63931, 0.64161, 0.63731, 0.64103
0.64050, 0.64367, 0.63910, 0.64161
0.64062, 0.64222, 0.63817, 0.64052
0.64040, 0.64131, 0.63480, 0.63612
0.63577, 0.63749, 0.63092, 0.63309
0.63285, 0.63578, 0.63183, 0.63504
0.63483, 0.63573, 0.63046, 0.63130
0.62994, 0.63258, 0.62991, 0.63093
0.63079, 0.63528, 0.62972, 0.63435
0.63429, 0.64050, 0.63402, 0.63815
0.63810, 0.64110, 0.63773, 0.63940
0.63939, 0.64222, 0.63875, 0.64142
0.64022, 0.64448, 0.63938, 0.64344
0.64330, 0.64687, 0.64112, 0.64666
0.64650, 0.65025, 0.64568, 0.64884
0.64881, 0.64935, 0.64599, 0.64629
0.64627, 0.64696, 0.64386, 0.64413
0.64478, 0.64481, 0.63945, 0.64035
0.64019, 0.64142, 0.62952, 0.63279
0.63266, 0.63502, 0.62784, 0.63065
0.63062, 0.63132, 0.62375, 0.62698
0.62695, 0.62775, 0.62354, 0.62676
0.62476, 0.63031, 0.62476, 0.62850
0.62848, 0.63486, 0.62787, 0.63445
0.63421, 0.63807, 0.63296, 0.63711
0.63705, 0.64001, 0.63557, 0.63738
0.63727, 0.63998, 0.63588, 0.63856
0.63725, 0.64237, 0.63674, 0.64185
0.64155, 0.64695, 0.64022, 0.64482
0.64471, 0.64837, 0.64399, 0.64712
0.64699, 0.65130, 0.64589, 0.65037
0.65017, 0.65464, 0.64916, 0.65340
0.65316, 0.65465, 0.65174, 0.65283
0.65277, 0.65395, 0.64994, 0.65281
0.65273, 0.65516, 0.65070, 0.65442
0.65420, 0.65491, 0.65113, 0.65145
0.65138, 0.65627, 0.64985, 0.65269
0.65282, 0.65641, 0.65226, 0.65635
0.65623, 0.65739, 0.65096, 0.65276
0.65260, 0.65406, 0.65011, 0.65378
0.65366, 0.65804, 0.65249, 0.65603
0.65591, 0.65669, 0.65391, 0.65571
0.65522, 0.65638, 0.65045, 0.65205
0.65178, 0.65342, 0.64523, 0.64702
0.64684, 0.65051, 0.64576, 0.64843
0.64823, 0.65428, 0.64663, 0.65330
0.65309, 0.65450, 0.64736, 0.64812
0.64711, 0.65085, 0.64689, 0.64911
0.64896, 0.65084, 0.64503, 0.64673
0.64663, 0.64677, 0.64062, 0.64143
0.64132, 0.64526, 0.64083, 0.64249
0.64238, 0.64647, 0.64033, 0.64548
0.64525, 0.64711, 0.64209, 0.64372
0.64359, 0.64691, 0.64171, 0.64583
0.64567, 0.64802, 0.63933, 0.64107
0.64097, 0.64439, 0.64047, 0.64361
0.64328, 0.64554, 0.64185, 0.64228
0.64123, 0.64525, 0.64074, 0.64337
0.64326, 0.64713, 0.64177, 0.64501
0.64482, 0.64585, 0.64231, 0.64358
0.64345, 0.65007, 0.64274, 0.64972
0.64955, 0.65354, 0.64808, 0.65294
0.65253, 0.65576, 0.65138, 0.65457
0.65438, 0.66161, 0.65337, 0.66006
0.66002, 0.66328, 0.65880, 0.66144
0.66140, 0.66303, 0.65585, 0.65711
0.65702, 0.65904, 0.65381, 0.65476
0.65443, 0.65966, 0.65424, 0.65915
0.65885, 0.66119, 0.65694, 0.65861
0.65858, 0.65959, 0.65442, 0.65818
0.65804, 0.66021, 0.65552, 0.65662
0.65649, 0.65668, 0.65096, 0.65556
0.65515, 0.65788, 0.65245, 0.65250
0.65275, 0.65410, 0.64855, 0.65044
0.65056, 0.65369, 0.64992, 0.65225
0.65221, 0.65403, 0.64782, 0.64817
0.64813, 0.65054, 0.64580, 0.64925
0.64908, 0.65665, 0.64788, 0.65461
0.65441, 0.65507, 0.64824, 0.64961
0.64950, 0.64980, 0.64664, 0.64791
0.64786, 0.64907, 0.64517, 0.64644
0.64635, 0.64938, 0.64540, 0.64819
0.64810, 0.65160, 0.64709, 0.65129
0.65134, 0.65249, 0.64918, 0.65014
0.65009, 0.65344, 0.64808, 0.64937
0.64924, 0.65404, 0.64829, 0.65198
0.65175, 0.65293, 0.64738, 0.64923
0.64946, 0.65168, 0.64751, 0.64894
0.64781, 0.64951, 0.64453, 0.64823
0.64740, 0.64917, 0.64074, 0.64155
0.64151, 0.64352, 0.63892, 0.64079
0.64100, 0.64142, 0.62650, 0.62760
0.63009, 0.63343, 0.62768, 0.62949
0.62958, 0.63052, 0.62426, 0.62616
0.62571, 0.63160, 0.62552, 0.62629
0.62518, 0.62852, 0.62430, 0.62729
0.62591, 0.62721, 0.61774, 0.61850
0.61943, 0.62534, 0.61878, 0.62456
0.62402, 0.62850, 0.62296, 0.62737
0.62729, 0.62810, 0.62464, 0.62652
0.62611, 0.62852, 0.62539, 0.62740
0.62687, 0.62873, 0.62452, 0.62548
0.62570, 0.62704, 0.62158, 0.62227
0.62249, 0.62425, 0.62017, 0.62264
0.62196, 0.62726, 0.62124, 0.62702
0.62645, 0.63135, 0.62339, 0.62471
0.62438, 0.62507, 0.62050, 0.62203
0.62194, 0.62281, 0.61735, 0.61806
0.61777, 0.62552, 0.61718, 0.62456
0.62411, 0.62755, 0.62283, 0.62581
0.62543, 0.62965, 0.62452, 0.62633
0.62630, 0.62697, 0.62385, 0.62566
0.62661, 0.62744, 0.62351, 0.62487
0.62459, 0.62552, 0.62218, 0.62377
0.62359, 0.62524, 0.62275, 0.62400
0.62392, 0.62672, 0.62254, 0.62388
0.62323, 0.62478, 0.62227, 0.62369
0.62202, 0.62594, 0.62190, 0.62312
0.62256, 0.62426, 0.62090, 0.62334
0.62262, 0.62566, 0.62133, 0.62299
0.62198, 0.62342, 0.61812, 0.62130
0.62065, 0.62349, 0.62061, 0.62195
0.62210, 0.62701, 0.62127, 0.62661
0.62602, 0.62774, 0.62469, 0.62630
0.62592, 0.62778, 0.62411, 0.62563
0.62521, 0.62836, 0.62389, 0.62497
0.62417, 0.62554, 0.62052, 0.62184
0.62088, 0.62275, 0.62027, 0.62071
0.62021, 0.62187, 0.61862, 0.62077
0.62009, 0.62370, 0.61988, 0.62061
0.62068, 0.62228, 0.61841, 0.61939
0.61875, 0.61966, 0.61128, 0.61185
0.61129, 0.61429, 0.60813, 0.61201
0.61106, 0.61514, 0.60953, 0.61341
0.61290, 0.61663, 0.61255, 0.61444
0.61358, 0.61648, 0.60988, 0.61242
0.61180, 0.61315, 0.60754, 0.60828
0.60942, 0.61425, 0.60825, 0.60913
0.60880, 0.61218, 0.60807, 0.61085
0.61072, 0.61239, 0.60763, 0.60892
0.60809, 0.61403, 0.60714, 0.61259
0.61166, 0.61442, 0.60886, 0.61197
0.61053, 0.61389, 0.61036, 0.61230
0.61201, 0.61498, 0.61143, 0.61480
0.61368, 0.61815, 0.61368, 0.61702
0.61701, 0.62144, 0.61617, 0.61711
0.61651, 0.61954, 0.61273, 0.61448
0.61346, 0.61473, 0.60919, 0.61140
0.61071, 0.61487, 0.61025, 0.61363
0.61359, 0.61628, 0.61280, 0.61563
0.61536, 0.61830, 0.61411, 0.61541
0.61464, 0.62005, 0.61437, 0.61592
0.61595, 0.61880, 0.61288, 0.61288
0.61272, 0.62161, 0.61035, 0.62025
0.61956, 0.62617, 0.61926, 0.62147
0.62098, 0.62153, 0.61382, 0.61901
0.61871, 0.62574, 0.61799, 0.62373
0.61927, 0.62203, 0.61795, 0.62066
0.61940, 0.62315, 0.61926, 0.62029
0.61983, 0.62580, 0.61880, 0.62424
0.62410, 0.62566, 0.62270, 0.62344
0.62320, 0.63159, 0.62194, 0.62886
0.62813, 0.63778, 0.62737, 0.63110
0.63090, 0.63476, 0.62961, 0.63201
0.63131, 0.63594, 0.63105, 0.63352
0.63268, 0.63922, 0.63201, 0.63799
0.63726, 0.63873, 0.63531, 0.63557
0.63494, 0.63716, 0.63217, 0.63274
0.63269, 0.63840, 0.63191, 0.63689
0.63688, 0.64327, 0.63399, 0.64202
0.64144, 0.64534, 0.64103, 0.64456
0.64461, 0.64703, 0.64147, 0.64290
0.64244, 0.64528, 0.63996, 0.64256
0.64245, 0.64976, 0.64193, 0.64891
0.64894, 0.65120, 0.64665, 0.64803
0.64812, 0.64959, 0.64605, 0.64714
0.64712, 0.64841, 0.64428, 0.64716
0.64629, 0.65156, 0.64385, 0.64412
0.64332, 0.64643, 0.64147, 0.64528
0.64473, 0.64710, 0.64284, 0.64372
0.64312, 0.64414, 0.63860, 0.63944
0.63863, 0.64256, 0.63731, 0.64023
0.63996, 0.64498, 0.63891, 0.64349
0.64288, 0.65016, 0.64259, 0.64509
0.64506, 0.65044, 0.64395, 0.64511
0.64478, 0.64575, 0.64186, 0.64331
0.64239, 0.64399, 0.63846, 0.63920
0.63798, 0.63975, 0.63494, 0.63525
0.63460, 0.64068, 0.63417, 0.63870
0.63827, 0.64337, 0.63098, 0.63509
0.63361, 0.64055, 0.63334, 0.63942
0.63876, 0.64006, 0.63672, 0.63781
0.63687, 0.63846, 0.63328, 0.63564
0.63400, 0.64125, 0.63400, 0.64086
0.64038, 0.64545, 0.63999, 0.64539
0.64474, 0.64593, 0.64033, 0.64145
0.64130, 0.64220, 0.63373, 0.63447
0.63347, 0.63517, 0.62960, 0.63500
0.63349, 0.63699, 0.63114, 0.63138
0.63103, 0.63573, 0.63061, 0.63364
0.63303, 0.63391, 0.62798, 0.63028
0.62982, 0.63537, 0.62736, 0.62797
0.62574, 0.62964, 0.62508, 0.62876
0.62853, 0.63274, 0.62623, 0.62955
0.62876, 0.63770, 0.62859, 0.63561
0.63566, 0.63796, 0.63184, 0.63240
0.63182, 0.63483, 0.62985, 0.63272
0.62948, 0.63260, 0.62751, 0.62791
0.62754, 0.63007, 0.62372, 0.62579
0.62552, 0.63008, 0.62421, 0.62496
0.62497, 0.62694, 0.62056, 0.62472
0.62401, 0.63009, 0.62326, 0.62933
0.62755, 0.63300, 0.62456, 0.63176
0.63134, 0.63466, 0.62894, 0.63165
0.63067, 0.63435, 0.62104, 0.62181
0.62113, 0.62540, 0.61728, 0.62058
0.61982, 0.62488, 0.61775, 0.62362
0.62226, 0.62919, 0.62213, 0.62400
0.62357, 0.62419, 0.61663, 0.62003
0.61922, 0.62700, 0.61682, 0.62284
0.62149, 0.62458, 0.61961, 0.62104
0.62020, 0.62594, 0.62015, 0.62527
0.62351, 0.62852, 0.62351, 0.62751
0.62600, 0.62912, 0.62181, 0.62480
0.62355, 0.62798, 0.62264, 0.62403
0.62303, 0.62896, 0.62069, 0.62790
0.62730, 0.62907, 0.62556, 0.62591
0.62547, 0.63094, 0.62471, 0.62974
0.62940, 0.63181, 0.62603, 0.63085
0.63062, 0.63151, 0.62838, 0.63029
0.62918, 0.63190, 0.62403, 0.62513
0.62494, 0.63164, 0.62494, 0.62722
0.62661, 0.62799, 0.62304, 0.62376
0.62314, 0.62626, 0.61807, 0.62219
0.62166, 0.62757, 0.62080, 0.62438
0.62410, 0.62728, 0.60946, 0.61443
0.61336, 0.61568, 0.60773, 0.61150
0.61034, 0.61452, 0.61009, 0.61209
0.61170, 0.61483, 0.61090, 0.61143
0.61110, 0.61125, 0.60211, 0.60348
0.60352, 0.60619, 0.60117, 0.60282
0.60150, 0.60605, 0.60021, 0.60443
0.60292, 0.60581, 0.60081, 0.60219
0.60122, 0.60306, 0.59640, 0.59640
0.59596, 0.59857, 0.59142, 0.59349
0.59315, 0.59743, 0.59158, 0.59561
0.59491, 0.59696, 0.59005, 0.59490
0.59364, 0.59983, 0.59258, 0.59623
0.59570, 0.59818, 0.59184, 0.59715
0.59679, 0.60093, 0.59489, 0.59631
0.59571, 0.60221, 0.59463, 0.60110
0.60048, 0.60572, 0.59996, 0.60391
0.60227, 0.60502, 0.59882, 0.60059
0.59960, 0.60291, 0.59943, 0.60123
0.60080, 0.60298, 0.59564, 0.59955
0.59895, 0.60271, 0.59794, 0.60154
0.60124, 0.60433, 0.59781, 0.60058
0.60046, 0.60388, 0.59924, 0.60107
0.60057, 0.60427, 0.60057, 0.60232
0.60137, 0.60720, 0.60137, 0.60427
0.60362, 0.60522, 0.59998, 0.60415
0.60370, 0.60573, 0.59955, 0.60036
0.60201, 0.60497, 0.59912, 0.60379
0.60296, 0.60431, 0.59840, 0.59945
0.59913, 0.60154, 0.59667, 0.60043
0.60004, 0.60360, 0.59870, 0.60027
0.59960, 0.60202, 0.59511, 0.59796
0.59704, 0.60290, 0.59676, 0.60094
0.60016, 0.60191, 0.59708, 0.59819
0.59752, 0.60331, 0.59543, 0.60206
0.60087, 0.60623, 0.59949, 0.60118
0.60089, 0.60365, 0.59835, 0.59963
0.59977, 0.60291, 0.59901, 0.60018
0.59951, 0.60076, 0.59747, 0.59901
0.59819, 0.60529, 0.59785, 0.60310
0.60202, 0.60599, 0.60196, 0.60474
0.60426, 0.60862, 0.60391, 0.60612
0.60659, 0.60761, 0.59967, 0.60155
0.60084, 0.60295, 0.59930, 0.60195
0.60168, 0.60516, 0.59574, 0.59715
0.59672, 0.60019, 0.59549, 0.59844
0.59767, 0.59842, 0.59090, 0.59157
0.59104, 0.59543, 0.59078, 0.59456
0.59398, 0.59989, 0.59371, 0.59848
0.59751, 0.59912, 0.59483, 0.59772
0.59713, 0.60129, 0.59654, 0.59922
0.59877, 0.59947, 0.59177, 0.59192
0.59032, 0.59690, 0.58947, 0.59561
0.59474, 0.60058, 0.59353, 0.59671
0.59608, 0.60072, 0.59608, 0.59783
0.59715, 0.59852, 0.59463, 0.59648
0.59617, 0.60195, 0.59356, 0.59874
0.59685, 0.59929, 0.59527, 0.59650
0.59619, 0.59854, 0.59399, 0.59419
0.59310, 0.59450, 0.59090, 0.59271
0.59255, 0.59345, 0.58597, 0.58714
0.58690, 0.58957, 0.58546, 0.58559
0.58297, 0.58797, 0.58263, 0.58494
0.58453, 0.58563, 0.57488, 0.57661
0.57546, 0.57843, 0.57496, 0.57740
0.57668, 0.57932, 0.57206, 0.57334
0.57292, 0.57803, 0.57226, 0.57751
0.57616, 0.57789, 0.57303, 0.57420
0.57395, 0.57522, 0.56729, 0.56787
0.56749, 0.57007, 0.56483, 0.56490
0.56447, 0.57568, 0.55924, 0.57073
0.57009, 0.57166, 0.56269, 0.56288
0.56359, 0.56693, 0.55887, 0.55900
0.55908, 0.56569, 0.55700, 0.55834
0.55767, 0.55962, 0.55294, 0.55858
0.55801, 0.55984, 0.55503, 0.55776
0.55759, 0.56018, 0.55158, 0.55190
0.55022, 0.56870, 0.55022, 0.56679
0.56696, 0.56956, 0.55988, 0.56100
0.56035, 0.56818, 0.55869, 0.56356
0.56332, 0.56960, 0.55870, 0.55968
0.55943, 0.56178, 0.55663, 0.55720
0.55682, 0.55920, 0.55433, 0.55614
0.55537, 0.56096, 0.55447, 0.55591
0.55593, 0.56062, 0.55485, 0.55911
0.55852, 0.56446, 0.55466, 0.56430
0.56335, 0.56684, 0.55734, 0.55888
0.55809, 0.56237, 0.55698, 0.56065
0.55985, 0.56821, 0.55938, 0.56417
0.56429, 0.57107, 0.56370, 0.56926
0.56822, 0.57428, 0.56556, 0.56897
0.56859, 0.57531, 0.56730, 0.57386
0.57413, 0.57664, 0.56616, 0.56941
0.56868, 0.57444, 0.56659, 0.57184
0.57084, 0.57608, 0.56971, 0.57481
0.57389, 0.57982, 0.57303, 0.57696
0.57629, 0.58070, 0.57584, 0.57824
0.57745, 0.58262, 0.57676, 0.58091
0.58121, 0.58666, 0.58084, 0.58378
0.58383, 0.58841, 0.58236, 0.58335
0.58322, 0.58586, 0.58093, 0.58447
0.58402, 0.59015, 0.58280, 0.58880
0.58565, 0.58800, 0.58308, 0.58635
0.58603, 0.59013, 0.58440, 0.58685
0.58574, 0.58746, 0.57857, 0.57872
0.57810, 0.58319, 0.57579, 0.58009
0.57958, 0.58256, 0.57296, 0.57523
0.57281, 0.57749, 0.57047, 0.57438
0.57391, 0.58347, 0.57359, 0.58114
0.57993, 0.58209, 0.57742, 0.58020
0.57955, 0.58348, 0.57670, 0.58264
0.58198, 0.59069, 0.57946, 0.58688
0.58666, 0.58785, 0.58332, 0.58422
0.58420, 0.58808, 0.58264, 0.58541
0.58476, 0.58883, 0.58127, 0.58764
0.58737, 0.59234, 0.58656, 0.59040
0.58959, 0.59204, 0.58789, 0.59038
0.58671, 0.58948, 0.58437, 0.58465
0.58433, 0.59349, 0.58399, 0.59104
0.59019, 0.59624, 0.58842, 0.59461
0.59403, 0.60165, 0.59378, 0.59619
0.59529, 0.60092, 0.59500, 0.59996
0.59762, 0.60189, 0.59360, 0.59475
0.59399, 0.59838, 0.59318, 0.59477
0.59387, 0.59921, 0.59329, 0.59709
0.59661, 0.59901, 0.59477, 0.59679
0.59602, 0.59970, 0.59451, 0.59898
0.59677, 0.59903, 0.59577, 0.59692
0.59641, 0.60296, 0.59596, 0.59980
0.59890, 0.60004, 0.59318, 0.59616
0.59545, 0.59707, 0.58790, 0.58836
0.58777, 0.59636, 0.58771, 0.59538
0.59422, 0.59623, 0.59014, 0.59014
0.58996, 0.59191, 0.58491, 0.58744
0.58685, 0.58792, 0.58138, 0.58261
0.58233, 0.58507, 0.57904, 0.58116
0.58112, 0.58741, 0.57969, 0.58590
0.58555, 0.58647, 0.58148, 0.58507
0.58475, 0.58817, 0.58182, 0.58260
0.58213, 0.58837, 0.58092, 0.58541
0.58436, 0.58842, 0.58223, 0.58522
0.58426, 0.58706, 0.58291, 0.58677
0.58568, 0.58616, 0.58230, 0.58413
0.58269, 0.58739, 0.58078, 0.58440
0.58380, 0.58861, 0.58350, 0.58451
0.58399, 0.58607, 0.58113, 0.58232
0.58192, 0.58954, 0.58168, 0.58848
0.58710, 0.59217, 0.58601, 0.58638
0.58562, 0.58849, 0.58443, 0.58753
0.58697, 0.59328, 0.58453, 0.59261
0.59209, 0.59522, 0.58998, 0.59279
0.59230, 0.59545, 0.58853, 0.59141
0.59062, 0.59288, 0.58968, 0.59082
0.58987, 0.59332, 0.58705, 0.59226
0.59197, 0.59670, 0.58823, 0.59004
0.58900, 0.59048, 0.58343, 0.58541
0.58500, 0.59603, 0.58490, 0.59523
0.59438, 0.59912, 0.59307, 0.59805
0.59755, 0.60178, 0.59665, 0.59964
0.59864, 0.59970, 0.59339, 0.59439
0.59428, 0.59733, 0.59166, 0.59707
0.59598, 0.59956, 0.59513, 0.59766
0.59690, 0.59950, 0.59594, 0.59790
0.59726, 0.59890, 0.58903, 0.58958
0.58908, 0.59113, 0.58777, 0.59028
0.58951, 0.59431, 0.58951, 0.59117
0.59011, 0.59245, 0.58519, 0.58551
0.58497, 0.58636, 0.58155, 0.58481
0.58462, 0.58738, 0.58101, 0.58315
0.58235, 0.58336, 0.57975, 0.58044
0.58003, 0.58555, 0.57976, 0.58333
0.58313, 0.58510, 0.58173, 0.58266
0.58228, 0.58633, 0.58179, 0.58445
0.58354, 0.58532, 0.57931, 0.58384
0.58329, 0.58392, 0.57778, 0.57988
0.57978, 0.58168, 0.57766, 0.57912
0.57793, 0.57930, 0.57613, 0.57682
0.57600, 0.57825, 0.57485, 0.57700
0.57648, 0.57819, 0.57437, 0.57631
0.57556, 0.58007, 0.57512, 0.57889
0.57809, 0.58190, 0.57738, 0.58144
0.58124, 0.58276, 0.57735, 0.57963
0.57904, 0.58027, 0.57640, 0.57686
0.57643, 0.58268, 0.57531, 0.58248
0.58191, 0.58848, 0.58071, 0.58771
0.58672, 0.58772, 0.58345, 0.58567
0.58499, 0.58687, 0.58139, 0.58193
0.58189, 0.58248, 0.57584, 0.57650
0.57598, 0.57898, 0.57442, 0.57517
0.57395, 0.57703, 0.57351, 0.57444
0.57377, 0.57619, 0.56837, 0.56869
0.56811, 0.56969, 0.56396, 0.56476
0.56328, 0.57033, 0.56206, 0.56661
0.56648, 0.57064, 0.56403, 0.56960
0.56954, 0.57797, 0.56741, 0.57495
0.57483, 0.57592, 0.56992, 0.57527
0.57502, 0.58250, 0.57439, 0.58021
0.58047, 0.58190, 0.57764, 0.58024
0.58012, 0.58042, 0.56869, 0.57134
0.57128, 0.57535, 0.56911, 0.57032
0.57071, 0.57620, 0.56973, 0.57291
0.57283, 0.57295, 0.56807, 0.56948
0.56846, 0.57077, 0.56631, 0.56710
0.56662, 0.57530, 0.56618, 0.57484
0.57442, 0.57705, 0.57017, 0.57129
0.57110, 0.57302, 0.56913, 0.57189
0.57147, 0.57518, 0.56959, 0.57202
0.57203, 0.57591, 0.56997, 0.57451
0.57413, 0.57616, 0.57007, 0.57120
0.57111, 0.57761, 0.56891, 0.57271
0.57162, 0.57309, 0.56447, 0.56479
0.56405, 0.56712, 0.56308, 0.56538
0.56331, 0.56627, 0.56330, 0.56547
0.56403, 0.56611, 0.55848, 0.55914
0.55802, 0.55995, 0.55543, 0.55678
0.55514, 0.56037, 0.55491, 0.55973
0.55880, 0.56077, 0.55399, 0.55464
0.55425, 0.55584, 0.55198, 0.55514
0.55447, 0.55798, 0.55382, 0.55607
0.55540, 0.55838, 0.55472, 0.55607
0.55573, 0.55676, 0.55082, 0.55102
0.55003, 0.55133, 0.54546, 0.54735
0.54676, 0.54820, 0.54546, 0.54723
0.54618, 0.54845, 0.54539, 0.54718
0.54657, 0.54833, 0.54328, 0.54479
0.54413, 0.55067, 0.54399, 0.54958
0.54847, 0.55343, 0.54597, 0.55235
0.55017, 0.55355, 0.55012, 0.55203
0.55130, 0.55777, 0.55076, 0.55437
0.55350, 0.55686, 0.55027, 0.55055
0.54993, 0.55727, 0.54812, 0.55620
0.55557, 0.56267, 0.55521, 0.56009
0.55888, 0.56535, 0.55876, 0.56413
0.56308, 0.56576, 0.56253, 0.56388
0.56320, 0.56635, 0.56289, 0.56609
0.56530, 0.56770, 0.56268, 0.56308
0.56249, 0.56310, 0.55466, 0.55553
0.55365, 0.55886, 0.55359, 0.55857
0.55811, 0.55981, 0.55718, 0.55820
0.55771, 0.56493, 0.55759, 0.56121
0.56043, 0.56349, 0.56009, 0.56331
0.56277, 0.56738, 0.56197, 0.56411
0.56132, 0.56476, 0.56132, 0.56425
0.56347, 0.56560, 0.56176, 0.56300
0.56203, 0.56364, 0.55104, 0.55279
0.55188, 0.55300, 0.54727, 0.54888
0.54856, 0.55018, 0.54584, 0.54635
0.54675, 0.54925, 0.54655, 0.54736
0.54640, 0.54877, 0.54516, 0.54733
0.54658, 0.54836, 0.54457, 0.54782
0.54713, 0.55145, 0.54551, 0.54949
0.54922, 0.55314, 0.54792, 0.55019
0.54977, 0.55278, 0.54947, 0.54992
0.54916, 0.55214, 0.54800, 0.55156
0.55083, 0.55183, 0.54859, 0.54928
0.54870, 0.55262, 0.54751, 0.54776
0.54753, 0.55371, 0.54721, 0.55324
0.55048, 0.55671, 0.55048, 0.55613
0.55574, 0.55889, 0.55428, 0.55645
0.55569, 0.56014, 0.55491, 0.55878
0.55847, 0.55997, 0.55393, 0.55574
0.55502, 0.55802, 0.55408, 0.55731
0.55624, 0.55758, 0.55373, 0.55512
0.55434, 0.55597, 0.55164, 0.55349
0.55298, 0.55568, 0.55192, 0.55365
0.55310, 0.55592, 0.55208, 0.55261
0.55214, 0.55410, 0.54824, 0.55036
0.55010, 0.55303, 0.54919, 0.55170
0.55103, 0.55449, 0.54823, 0.55043
0.55007, 0.55078, 0.54429, 0.54454
0.54392, 0.54652, 0.54376, 0.54591
0.54503, 0.54967, 0.54473, 0.54906
0.54765, 0.55320, 0.54765, 0.55120
0.55082, 0.55615, 0.55052, 0.55527
0.55457, 0.55704, 0.55384, 0.55514
0.55463, 0.55768, 0.55079, 0.55107
0.55064, 0.55387, 0.55064, 0.55190
0.55062, 0.55263, 0.54937, 0.54963
0.54932, 0.55055, 0.54366, 0.54482
0.54429, 0.54746, 0.54141, 0.54603
0.54528, 0.55009, 0.54465, 0.54884
0.54827, 0.55013, 0.54634, 0.54887
0.54617, 0.54891, 0.54327, 0.54390
0.54341, 0.54479, 0.53724, 0.53770
0.53737, 0.54137, 0.53475, 0.53735
0.53705, 0.54042, 0.53609, 0.54011
0.53952, 0.54055, 0.53335, 0.53347
0.53325, 0.53940, 0.53285, 0.53940
0.53885, 0.54067, 0.53684, 0.53726
0.53646, 0.53797, 0.53418, 0.53430
0.53361, 0.53922, 0.53361, 0.53720
0.53651, 0.53784, 0.53315, 0.53540
0.53250, 0.54185, 0.53250, 0.54112
0.54037, 0.54164, 0.53704, 0.53795
0.53747, 0.53878, 0.53273, 0.53323
0.53259, 0.53416, 0.53056, 0.53112
0.53078, 0.53425, 0.53078, 0.53173
0.53003, 0.53488, 0.53003, 0.53274
0.53217, 0.53334, 0.52890, 0.53102
0.53036, 0.53232, 0.52938, 0.53059
0.52996, 0.53204, 0.52773, 0.52778
0.52721, 0.52799, 0.52380, 0.52411
0.52334, 0.52564, 0.52249, 0.52463
0.52409, 0.52584, 0.52192, 0.52267
0.52229, 0.52632, 0.52124, 0.52227
0.52162, 0.52313, 0.51992, 0.52031
0.52193, 0.52193, 0.52193, 0.52193