0.93127, 0.93391, 0.93057, 0.93302
0.93236, 0.93373, 0.93033, 0.93157
0.93087, 0.93507, 0.92787, 0.92902
0.92887, 0.93711, 0.92872, 0.93252
0.93277, 0.93400, 0.92640, 0.92717
0.92712, 0.92991, 0.92384, 0.92942
0.92767, 0.93365, 0.92737, 0.92750
0.92730, 0.93212, 0.92710, 0.92762
0.92762, 0.92970, 0.92439, 0.92509
0.92471, 0.93109, 0.92442, 0.92838
0.92810, 0.93026, 0.92520, 0.92732
0.92565, 0.92830, 0.92417, 0.92490
0.92514, 0.92612, 0.91962, 0.92128
0.92107, 0.92740, 0.91950, 0.92446
0.92428, 0.92678, 0.91890, 0.92132
0.92062, 0.92122, 0.91244, 0.91968
0.91837, 0.92104, 0.91692, 0.91819
0.91800, 0.91924, 0.91161, 0.91333
0.91334, 0.91334, 0.90716, 0.90797
0.90761, 0.91067, 0.90594, 0.90887
0.90856, 0.91035, 0.90657, 0.90861
0.90870, 0.90973, 0.90216, 0.90323
0.90310, 0.90349, 0.89903, 0.89962
0.89956, 0.90243, 0.89815, 0.90080
0.90061, 0.90612, 0.89982, 0.90438
0.90417, 0.90530, 0.90073, 0.90127
0.90165, 0.90482, 0.90108, 0.90353
0.90277, 0.90822, 0.90169, 0.90246
0.90226, 0.90278, 0.89613, 0.89713
0.89652, 0.89652, 0.88492, 0.88880
0.88838, 0.89165, 0.88735, 0.89059
0.88923, 0.89101, 0.88463, 0.88536
0.88541, 0.88730, 0.88190, 0.88328
0.88324, 0.88686, 0.88139, 0.88196
0.88162, 0.88502, 0.87856, 0.88015
0.88014, 0.89185, 0.87982, 0.89125
0.89038, 0.89257, 0.88611, 0.88794
0.88797, 0.89009, 0.88517, 0.88873
0.88814, 0.89112, 0.88574, 0.88769
0.88733, 0.89421, 0.88731, 0.89230
0.89151, 0.89887, 0.89045, 0.89727
0.89601, 0.90364, 0.89601, 0.90202
0.90194, 0.90272, 0.89752, 0.89846
0.89767, 0.90664, 0.89695, 0.89988
0.89952, 0.91075, 0.89761, 0.90667
0.90667, 0.90853, 0.90290, 0.90527
0.90324, 0.91052, 0.90324, 0.90947
0.90947, 0.91484, 0.90786, 0.91064
0.91064, 0.91264, 0.90614, 0.91036
0.91035, 0.91443, 0.91017, 0.91177
0.91167, 0.91601, 0.90820, 0.90852
0.91215, 0.91733, 0.91078, 0.91184
0.91183, 0.91519, 0.91033, 0.91184
0.91187, 0.91676, 0.90981, 0.91170
0.91170, 0.91565, 0.91050, 0.91409
0.91413, 0.91757, 0.91085, 0.91637
0.91342, 0.91797, 0.91279, 0.91525
0.91525, 0.91739, 0.91144, 0.91692
0.91684, 0.91808, 0.91228, 0.91379
0.91367, 0.91610, 0.90924, 0.91490
0.91487, 0.92273, 0.91208, 0.91617
0.91689, 0.91896, 0.91569, 0.91677
0.91676, 0.91744, 0.91118, 0.91143
0.91132, 0.91241, 0.90287, 0.90627
0.90616, 0.90780, 0.89478, 0.89517
0.89517, 0.89695, 0.88915, 0.88976
0.89229, 0.89286, 0.88420, 0.88517
0.88512, 0.88958, 0.88310, 0.88712
0.88712, 0.89064, 0.88588, 0.88857
0.88843, 0.89228, 0.88745, 0.89165
0.89165, 0.89777, 0.89078, 0.89547
0.89434, 0.89713, 0.89396, 0.89627
0.89627, 0.89922, 0.89378, 0.89644
0.89639, 0.89693, 0.88807, 0.89222
0.89262, 0.89357, 0.88971, 0.89159
0.89152, 0.89257, 0.88752, 0.88992
0.88897, 0.89287, 0.88787, 0.89021
0.89018, 0.89723, 0.88762, 0.89487
0.89483, 0.89765, 0.89312, 0.89457
0.89457, 0.89570, 0.88978, 0.89421
0.89421, 0.89657, 0.89054, 0.89447
0.89131, 0.89645, 0.89098, 0.89362
0.89362, 0.89616, 0.89241, 0.89431
0.89427, 0.89553, 0.89026, 0.89184
0.89177, 0.89268, 0.88631, 0.88675
0.88672, 0.88839, 0.88314, 0.88702
0.88621, 0.88994, 0.88620, 0.88933
0.88927, 0.89237, 0.88568, 0.88701
0.88697, 0.88733, 0.88154, 0.88249
0.88240, 0.88339, 0.87713, 0.87787
0.87720, 0.87934, 0.87408, 0.87622
0.87598, 0.87793, 0.87422, 0.87520
0.87518, 0.88019, 0.87379, 0.87915
0.87914, 0.88260, 0.87818, 0.87866
0.87867, 0.87867, 0.86237, 0.86285
0.86279, 0.86661, 0.85917, 0.86347
0.86402, 0.86691, 0.86295, 0.86399
0.86398, 0.86631, 0.85823, 0.85825
0.85823, 0.86371, 0.85610, 0.86245
0.86245, 0.86802, 0.86162, 0.86658
0.86656, 0.86900, 0.86287, 0.86645
0.86645, 0.86706, 0.86404, 0.86628
0.86584, 0.87334, 0.86566, 0.87296
0.87207, 0.87616, 0.87000, 0.87043
0.86999, 0.87183, 0.86732, 0.86801
0.86800, 0.87248, 0.86643, 0.87119
0.86887, 0.87192, 0.86707, 0.86842
0.86850, 0.86943, 0.86586, 0.86725
0.86725, 0.86843, 0.86465, 0.86653
0.86648, 0.86701, 0.85880, 0.86420
0.86415, 0.86656, 0.86157, 0.86328
0.86443, 0.86543, 0.86149, 0.86435
0.86432, 0.86534, 0.85986, 0.86410
0.86408, 0.86978, 0.86069, 0.86844
0.86842, 0.87197, 0.86524, 0.86588
0.86586, 0.86697, 0.85952, 0.85981
0.85915, 0.86256, 0.85785, 0.85848
0.85848, 0.85938, 0.85071, 0.85257
0.85255, 0.85385, 0.84944, 0.85258
0.85252, 0.85580, 0.85083, 0.85369
0.85367, 0.85706, 0.85228, 0.85292
0.85275, 0.85804, 0.85275, 0.85777
0.85722, 0.86087, 0.85399, 0.85477
0.85426, 0.85855, 0.85292, 0.85429
0.85433, 0.86399, 0.85304, 0.86248
0.86248, 0.86453, 0.86076, 0.86215
0.86132, 0.86392, 0.85942, 0.86037
0.86033, 0.86262, 0.85908, 0.86092
0.86092, 0.86878, 0.85943, 0.86665
0.86652, 0.86931, 0.86207, 0.86241
0.86237, 0.86325, 0.85353, 0.85371
0.84967, 0.85326, 0.84461, 0.84761
0.84788, 0.84788, 0.84361, 0.84530
0.84511, 0.84522, 0.83748, 0.83844
0.83837, 0.83903, 0.83481, 0.83707
0.83707, 0.83778, 0.83254, 0.83307
0.83320, 0.83911, 0.83212, 0.83622
0.83617, 0.83807, 0.83403, 0.83774
0.83772, 0.84318, 0.83642, 0.84192
0.84192, 0.85124, 0.84117, 0.85067
0.85054, 0.85141, 0.84678, 0.84694
0.84595, 0.85360, 0.84558, 0.85146
0.85144, 0.85634, 0.84977, 0.85197
0.85156, 0.85462, 0.85068, 0.85283
0.85278, 0.85758, 0.85125, 0.85599
0.85599, 0.86584, 0.85355, 0.86315
0.86472, 0.86592, 0.85777, 0.85836
0.85816, 0.86005, 0.85597, 0.85712
0.85712, 0.85878, 0.84678, 0.85111
0.85109, 0.85602, 0.84818, 0.85240
0.85232, 0.85526, 0.84778, 0.85462
0.85410, 0.85801, 0.85380, 0.85646
0.85636, 0.86304, 0.85595, 0.85923
0.85930, 0.86183, 0.85658, 0.85769
0.85771, 0.87184, 0.85754, 0.86893
0.86887, 0.87475, 0.86873, 0.87047
0.86800, 0.87474, 0.86780, 0.87382
0.87171, 0.88446, 0.87146, 0.88429
0.88387, 0.89252, 0.88202, 0.88942
0.88902, 0.89139, 0.88622, 0.88848
0.88775, 0.89155, 0.88672, 0.88960
0.88790, 0.89170, 0.88570, 0.88877
0.88819, 0.89543, 0.88805, 0.89522
0.89463, 0.90058, 0.89369, 0.89972
0.89942, 0.90284, 0.89857, 0.89978
0.89937, 0.90607, 0.89487, 0.90415
0.90225, 0.90419, 0.89839, 0.90034
0.90020, 0.90489, 0.89979, 0.90387
0.90250, 0.91001, 0.90191, 0.90389
0.90335, 0.90400, 0.89747, 0.89823
0.89828, 0.90030, 0.89285, 0.89676
0.89325, 0.89934, 0.89311, 0.89701
0.89669, 0.90347, 0.89559, 0.90313
0.90185, 0.91340, 0.90163, 0.91176
0.91115, 0.91293, 0.90803, 0.91078
0.91042, 0.91490, 0.90993, 0.91419
0.91518, 0.91621, 0.91094, 0.91382
0.91368, 0.91935, 0.91355, 0.91900
0.91845, 0.92511, 0.91742, 0.92118
0.92112, 0.92561, 0.91861, 0.92031
0.91934, 0.92261, 0.91081, 0.91363
0.91535, 0.92224, 0.91158, 0.92066
0.92027, 0.92505, 0.91962, 0.92037
0.92007, 0.92256, 0.91297, 0.91537
0.91483, 0.91885, 0.91339, 0.91572
0.91539, 0.91609, 0.90760, 0.90905
0.90917, 0.91341, 0.90765, 0.91246
0.91105, 0.92402, 0.91105, 0.92207
0.92093, 0.92503, 0.91195, 0.91208
0.91167, 0.91739, 0.90758, 0.91477
0.91481, 0.91651, 0.90956, 0.91187
0.91392, 0.91566, 0.91172, 0.91467
0.91627, 0.91640, 0.91211, 0.91336
0.91292, 0.91656, 0.91056, 0.91185
0.91192, 0.91592, 0.91091, 0.91430
0.91467, 0.91645, 0.91305, 0.91448
0.91169, 0.91461, 0.90362, 0.90367
0.90295, 0.91725, 0.89642, 0.90251
0.90235, 0.90466, 0.89649, 0.90067
0.90148, 0.90368, 0.89721, 0.89782
0.89770, 0.89855, 0.89154, 0.89208
0.89214, 0.89980, 0.89189, 0.89687
0.89592, 0.89969, 0.89580, 0.89744
0.89656, 0.90680, 0.89648, 0.90595
0.90455, 0.90698, 0.90279, 0.90588
0.90604, 0.90835, 0.90296, 0.90412
0.90347, 0.90529, 0.89681, 0.89812
0.89765, 0.89934, 0.89351, 0.89783
0.89740, 0.89939, 0.89409, 0.89420
0.89479, 0.89515, 0.89077, 0.89472
0.89420, 0.90126, 0.89354, 0.90102
0.90065, 0.90749, 0.90055, 0.90588
0.90484, 0.90758, 0.90224, 0.90293
0.90214, 0.90706, 0.90072, 0.90387
0.90217, 0.90913, 0.90217, 0.90562
0.90470, 0.90998, 0.90470, 0.90668
0.90615, 0.90837, 0.90117, 0.90734
0.90575, 0.91193, 0.90539, 0.90777
0.90706, 0.91043, 0.90214, 0.90265
0.90258, 0.90410, 0.90140, 0.90266
0.90450, 0.90623, 0.90089, 0.90480
0.90455, 0.90666, 0.89400, 0.89537
0.89465, 0.89938, 0.89296, 0.89809
0.89737, 0.90065, 0.89345, 0.89500
0.89408, 0.89982, 0.89402, 0.89535
0.89517, 0.89616, 0.89095, 0.89162
0.89115, 0.90491, 0.88987, 0.90091
0.90055, 0.91188, 0.90042, 0.90901
0.90819, 0.91126, 0.90625, 0.90899
0.90809, 0.91183, 0.90491, 0.90646
0.90605, 0.90988, 0.90318, 0.90962
0.90881, 0.90957, 0.90277, 0.90328
0.90290, 0.90534, 0.89554, 0.89973
0.89928, 0.90324, 0.89473, 0.89875
0.90091, 0.90882, 0.89998, 0.90755
0.90731, 0.91097, 0.90677, 0.90762
0.90631, 0.90859, 0.89848, 0.90060
0.89986, 0.90235, 0.89427, 0.89699
0.89624, 0.90438, 0.89479, 0.90387
0.90610, 0.90851, 0.90385, 0.90827
0.90644, 0.90860, 0.90395, 0.90750
0.90630, 0.91101, 0.90304, 0.90957
0.90952, 0.91273, 0.90764, 0.90872
0.90845, 0.91421, 0.90715, 0.91275
0.91106, 0.91634, 0.91101, 0.91515
0.91505, 0.91972, 0.91485, 0.91612
0.91598, 0.91617, 0.91056, 0.91159
0.91164, 0.91237, 0.90736, 0.91095
0.91085, 0.91533, 0.91023, 0.91289
0.91283, 0.91578, 0.91206, 0.91331
0.91348, 0.91485, 0.90988, 0.91260
0.91267, 0.91941, 0.91058, 0.91941
0.91975, 0.92193, 0.91782, 0.91882
0.91903, 0.92416, 0.91780, 0.92292
0.92409, 0.92811, 0.92182, 0.92668
0.92616, 0.92700, 0.92331, 0.92384
0.92372, 0.92523, 0.90973, 0.91175
0.91157, 0.91530, 0.90957, 0.90985
0.90990, 0.91360, 0.90803, 0.90852
0.90988, 0.91315, 0.90560, 0.90562
0.90287, 0.90476, 0.89883, 0.90111
0.90111, 0.90577, 0.89995, 0.90449
0.90417, 0.90721, 0.90134, 0.90215
0.90171, 0.90385, 0.89919, 0.90052
0.90034, 0.90129, 0.89682, 0.89740
0.89736, 0.89907, 0.89598, 0.89876
0.89820, 0.90144, 0.89812, 0.90074
0.90074, 0.90309, 0.89911, 0.90034
0.90020, 0.90345, 0.89852, 0.90087
0.90076, 0.90462, 0.89871, 0.90385
0.90375, 0.90552, 0.90186, 0.90273
0.90251, 0.90456, 0.89075, 0.89708
0.89708, 0.89813, 0.89264, 0.89417
0.89403, 0.89563, 0.89278, 0.89497
0.89393, 0.89502, 0.89032, 0.89133
0.89132, 0.89426, 0.88936, 0.89333
0.89333, 0.89401, 0.88758, 0.88928
0.88930, 0.89440, 0.88862, 0.89333
0.89327, 0.89904, 0.89215, 0.89592
0.89597, 0.89888, 0.89479, 0.89729
0.89727, 0.89889, 0.89368, 0.89395
0.89382, 0.89425, 0.88794, 0.88967
0.88949, 0.89217, 0.88852, 0.89128
0.89128, 0.89226, 0.89006, 0.89157
0.89134, 0.89388, 0.88764, 0.88849
0.88848, 0.89015, 0.88505, 0.88897
0.88897, 0.88946, 0.87898, 0.88617
0.88615, 0.88929, 0.88503, 0.88771
0.88771, 0.88933, 0.88429, 0.88497
0.88443, 0.88602, 0.88312, 0.88533
0.88532, 0.88775, 0.88435, 0.88516
0.88516, 0.88544, 0.88103, 0.88187
0.88185, 0.88316, 0.87890, 0.87975
0.87972, 0.88235, 0.87587, 0.87722
0.87697, 0.87925, 0.87659, 0.87734
0.87704, 0.87832, 0.87147, 0.87214
0.87207, 0.87292, 0.86893, 0.87239
0.87237, 0.87948, 0.87172, 0.87826
0.87826, 0.88246, 0.87774, 0.88042
0.88010, 0.88134, 0.87897, 0.87945
0.87942, 0.88331, 0.87938, 0.88281
0.88277, 0.88378, 0.87870, 0.88012
0.88012, 0.88155, 0.87679, 0.87862
0.87862, 0.88541, 0.87815, 0.88317
0.88193, 0.88781, 0.88193, 0.88672
0.88672, 0.88740, 0.88422, 0.88520
0.88517, 0.89198, 0.88428, 0.88767
0.88767, 0.88976, 0.88436, 0.88477
0.88477, 0.88716, 0.88255, 0.88377
0.88210, 0.88368, 0.87637, 0.87671
0.87622, 0.87713, 0.87092, 0.87432
0.87418, 0.87698, 0.87267, 0.87690
0.87687, 0.87793, 0.87250, 0.87482
0.87482, 0.87573, 0.86891, 0.87037
0.87015, 0.87362, 0.87015, 0.87103
0.87093, 0.87514, 0.87002, 0.87333
0.87328, 0.87408, 0.86807, 0.86817
0.86817, 0.87178, 0.86682, 0.86857
0.86857, 0.87127, 0.86457, 0.87123
0.87067, 0.87445, 0.86948, 0.87226
0.87138, 0.87713, 0.87138, 0.87404
0.87404, 0.87954, 0.86974, 0.87659
0.87622, 0.87881, 0.87526, 0.87739
0.87732, 0.88007, 0.87619, 0.87917
0.87915, 0.88018, 0.87482, 0.87656
0.87535, 0.87713, 0.87330, 0.87428
0.87422, 0.87854, 0.87387, 0.87552
0.87548, 0.87729, 0.87207, 0.87237
0.87237, 0.87380, 0.86557, 0.86622
0.86603, 0.86921, 0.86524, 0.86744
0.86662, 0.86893, 0.86640, 0.86747
0.86745, 0.87248, 0.86282, 0.86882
0.86876, 0.87328, 0.86831, 0.87057
0.87057, 0.87288, 0.86851, 0.87217
0.87057, 0.87724, 0.87057, 0.87656
0.87665, 0.87925, 0.87341, 0.87641
0.87640, 0.87966, 0.87598, 0.87871
0.87862, 0.88479, 0.87792, 0.88353
0.88353, 0.88690, 0.88217, 0.88277
0.88271, 0.88897, 0.88208, 0.88682
0.88638, 0.88702, 0.88017, 0.88052
0.88052, 0.88203, 0.87897, 0.88107
0.88087, 0.88105, 0.87553, 0.87708
0.87703, 0.87707, 0.87327, 0.87337
0.87289, 0.87427, 0.87065, 0.87275
0.87272, 0.87372, 0.86937, 0.86967
0.86952, 0.87019, 0.86398, 0.86547
0.86547, 0.86806, 0.86357, 0.86577
0.86577, 0.86705, 0.86234, 0.86272
0.86165, 0.86440, 0.85752, 0.86287
0.86286, 0.86980, 0.85931, 0.86613
0.86525, 0.87041, 0.84885, 0.85702
0.85702, 0.86111, 0.85563, 0.85707
0.85706, 0.86112, 0.85283, 0.85357
0.85332, 0.85588, 0.85140, 0.85311
0.85263, 0.85602, 0.85150, 0.85377
0.85372, 0.85758, 0.85162, 0.85726
0.85664, 0.86002, 0.85567, 0.85819
0.85816, 0.85833, 0.85230, 0.85257
0.85280, 0.85456, 0.84994, 0.85351
0.85367, 0.85664, 0.85321, 0.85471
0.85467, 0.85467, 0.84990, 0.85119
0.85119, 0.85171, 0.84582, 0.84683
0.84682, 0.85366, 0.84606, 0.84924
0.84828, 0.85035, 0.84382, 0.84673
0.84648, 0.84792, 0.84170, 0.84508
0.84509, 0.84607, 0.84165, 0.84278
0.84278, 0.84375, 0.83832, 0.83886
0.83873, 0.83993, 0.83467, 0.83937
0.83904, 0.84201, 0.83762, 0.84036
0.84023, 0.84537, 0.83656, 0.84522
0.84515, 0.84720, 0.84054, 0.84127
0.84028, 0.84451, 0.84018, 0.84313
0.84260, 0.84913, 0.84181, 0.84601
0.84479, 0.84773, 0.84432, 0.84639
0.84576, 0.84852, 0.84309, 0.84449
0.84442, 0.84726, 0.84238, 0.84613
0.84611, 0.85022, 0.84559, 0.84659
0.84655, 0.84754, 0.84375, 0.84692
0.84286, 0.84706, 0.83953, 0.84029
0.84026, 0.84254, 0.83757, 0.84187
0.84180, 0.84256, 0.83833, 0.83951
0.83949, 0.84159, 0.83471, 0.83553
0.83549, 0.83628, 0.82975, 0.83039
0.83060, 0.83518, 0.83027, 0.83443
0.83435, 0.83919, 0.83350, 0.83751
0.83742, 0.84135, 0.83133, 0.83172
0.83171, 0.83812, 0.83133, 0.83479
0.83479, 0.83623, 0.83222, 0.83325
0.83246, 0.83307, 0.82694, 0.82937
0.82933, 0.82996, 0.82371, 0.82525
0.82522, 0.83560, 0.82368, 0.83551
0.83520, 0.84165, 0.83320, 0.83972
0.83967, 0.84378, 0.83948, 0.84062
0.83977, 0.84219, 0.83606, 0.83679
0.83693, 0.84216, 0.83642, 0.83901
0.83896, 0.84195, 0.83841, 0.83883
0.83843, 0.84289, 0.83732, 0.83969
0.83997, 0.84283, 0.83512, 0.83643
0.83580, 0.83629, 0.83025, 0.83354
0.83238, 0.83495, 0.82774, 0.83067
0.83033, 0.83440, 0.82461, 0.83027
0.83018, 0.83481, 0.82921, 0.83362
0.83380, 0.83864, 0.83333, 0.83797
0.83805, 0.84116, 0.83645, 0.83825
0.83802, 0.84192, 0.83745, 0.83844
0.83856, 0.84068, 0.83703, 0.83960
0.83858, 0.83979, 0.83371, 0.83391
0.83411, 0.83435, 0.82900, 0.82918
0.82941, 0.83070, 0.82726, 0.82882
0.82873, 0.83253, 0.82740, 0.83179
0.83163, 0.84243, 0.83009, 0.84238
0.84236, 0.84598, 0.84219, 0.84441
0.84444, 0.84977, 0.84381, 0.84457
0.84482, 0.84914, 0.84029, 0.84181
0.84166, 0.84359, 0.83762, 0.83837
0.83853, 0.84134, 0.83746, 0.83973
0.83917, 0.84074, 0.83599, 0.83889
0.83847, 0.84067, 0.83490, 0.83685
0.83737, 0.84251, 0.83634, 0.84173
0.84152, 0.84302, 0.83665, 0.83772
0.83762, 0.85033, 0.83737, 0.84970
0.84952, 0.85052, 0.84304, 0.84555
0.84522, 0.84801, 0.84381, 0.84637
0.84617, 0.84715, 0.84456, 0.84476
0.84427, 0.85327, 0.84287, 0.85320
0.85303, 0.85508, 0.85159, 0.85367
0.85337, 0.85685, 0.84961, 0.85033
0.85042, 0.85290, 0.84972, 0.85149
0.85251, 0.85506, 0.85097, 0.85331
0.85329, 0.85541, 0.85213, 0.85301
0.85260, 0.85412, 0.85123, 0.85261
0.85227, 0.85480, 0.85065, 0.85235
0.85217, 0.85565, 0.85127, 0.85162
0.85337, 0.86585, 0.85333, 0.86513
0.86461, 0.86824, 0.86401, 0.86682
0.86664, 0.86781, 0.86091, 0.86172
0.86095, 0.86510, 0.85828, 0.86283
0.86256, 0.87178, 0.86196, 0.87005
0.86828, 0.87011, 0.86665, 0.86682
0.86678, 0.86894, 0.86460, 0.86593
0.86524, 0.86931, 0.86326, 0.86756
0.86721, 0.87052, 0.86587, 0.86998
0.87023, 0.87351, 0.86629, 0.86773
0.86891, 0.86976, 0.86637, 0.86830
0.86745, 0.86954, 0.86358, 0.86517
0.86438, 0.86681, 0.86144, 0.86390
0.86388, 0.86735, 0.86228, 0.86676
0.86704, 0.87078, 0.86555, 0.86797
0.86690, 0.87300, 0.86690, 0.87231
0.87223, 0.87446, 0.87031, 0.87397
0.87423, 0.87538, 0.87333, 0.87440
0.87374, 0.87823, 0.87369, 0.87637
0.87490, 0.87997, 0.87489, 0.87907
0.87862, 0.87981, 0.87352, 0.87456
0.87282, 0.87302, 0.86841, 0.86996
0.86922, 0.86999, 0.86296, 0.86613
0.86420, 0.86654, 0.86237, 0.86451
0.86489, 0.86592, 0.86192, 0.86312
0.86323, 0.86766, 0.86005, 0.86693
0.86612, 0.86786, 0.86287, 0.86330
0.86327, 0.86733, 0.86226, 0.86565
0.86582, 0.86814, 0.86385, 0.86564
0.86530, 0.86680, 0.86302, 0.86387
0.86257, 0.86538, 0.86072, 0.86316
0.86273, 0.86897, 0.86273, 0.86527
0.86512, 0.86724, 0.86282, 0.86373
0.86290, 0.86522, 0.86079, 0.86239
0.86137, 0.86420, 0.86103, 0.86198
0.86207, 0.86706, 0.86096, 0.86617
0.86539, 0.86961, 0.86514, 0.86883
0.86825, 0.86998, 0.86716, 0.86837
0.86543, 0.86758, 0.86245, 0.86348
0.86262, 0.86350, 0.85958, 0.86118
0.86113, 0.86243, 0.85785, 0.86165
0.86091, 0.86178, 0.85619, 0.85685
0.85705, 0.85754, 0.85409, 0.85541
0.85595, 0.85980, 0.85473, 0.85901
0.85853, 0.86328, 0.85705, 0.86242
0.86129, 0.86311, 0.85908, 0.85993
0.85956, 0.86139, 0.85770, 0.85795
0.85776, 0.85882, 0.85096, 0.85152
0.85132, 0.85350, 0.85025, 0.85025
0.84991, 0.85271, 0.84888, 0.85089
0.85033, 0.86073, 0.85033, 0.85667
0.85624, 0.85689, 0.85252, 0.85409
0.85405, 0.85462, 0.85074, 0.85232
0.85349, 0.85429, 0.84940, 0.85206
0.85116, 0.85249, 0.84580, 0.84664
0.84660, 0.84811, 0.84308, 0.84424
0.84402, 0.84492, 0.83891, 0.83958
0.83853, 0.84057, 0.83521, 0.83968
0.83681, 0.84365, 0.83655, 0.84256
0.84203, 0.84460, 0.83848, 0.83938
0.83920, 0.83999, 0.83671, 0.83839
0.83790, 0.84623, 0.83789, 0.84451
0.84363, 0.84545, 0.83145, 0.83648
0.83364, 0.83927, 0.83025, 0.83423
0.83360, 0.84474, 0.83246, 0.84027
0.83855, 0.84358, 0.83736, 0.84297
0.84251, 0.84881, 0.84149, 0.84595
0.84458, 0.85527, 0.84395, 0.85276
0.85839, 0.87375, 0.82528, 0.86717
0.86710, 0.86942, 0.85668, 0.85915
0.85969, 0.87023, 0.85873, 0.86434
0.86413, 0.86487, 0.84411, 0.85273
0.85239, 0.85804, 0.83569, 0.83695
0.83916, 0.85686, 0.82765, 0.84521
0.84500, 0.85238, 0.83734, 0.84530
0.84631, 0.84835, 0.82571, 0.83168
0.83237, 0.85445, 0.80178, 0.82226
0.82220, 0.83984, 0.81420, 0.81739
0.81495, 0.83121, 0.80856, 0.82541
0.82578, 0.84496, 0.82411, 0.84336
0.84127, 0.84582, 0.82688, 0.82905
0.82967, 0.84058, 0.82223, 0.83380
0.83395, 0.84902, 0.83259, 0.84560
0.84603, 0.85335, 0.84315, 0.85220
0.85073, 0.85563, 0.83522, 0.83759
0.83775, 0.84753, 0.83480, 0.83860
0.83859, 0.84281, 0.83258, 0.83696
0.83525, 0.83827, 0.82665, 0.83201
0.83487, 0.84225, 0.83188, 0.83661
0.83660, 0.84303, 0.83531, 0.83617
0.83540, 0.84684, 0.83384, 0.84237
0.84144, 0.85116, 0.84037, 0.84975
0.84905, 0.85173, 0.84597, 0.84694
0.84597, 0.85034, 0.84478, 0.84577
0.84539, 0.85021, 0.84363, 0.84748
0.84680, 0.84830, 0.83887, 0.84600
0.84465, 0.84672, 0.83947, 0.84058
0.83965, 0.85012, 0.83752, 0.84505
0.84587, 0.85554, 0.84420, 0.85405
0.85315, 0.85416, 0.84419, 0.84778
0.84740, 0.85015, 0.84033, 0.84310
0.84181, 0.85075, 0.83888, 0.84575
0.84493, 0.84892, 0.84236, 0.84805
0.84642, 0.85431, 0.84618, 0.84894
0.84797, 0.84939, 0.84265, 0.84804
0.84710, 0.85330, 0.84662, 0.85120
0.85044, 0.85758, 0.84848, 0.85476
0.85303, 0.85577, 0.84941, 0.85362
0.85230, 0.85502, 0.84762, 0.85291
0.85150, 0.85387, 0.84842, 0.85049
0.84975, 0.85530, 0.84833, 0.85046
0.84924, 0.85461, 0.84604, 0.85102
0.85078, 0.85692, 0.85050, 0.85470
0.85492, 0.85608, 0.84924, 0.85117
0.85142, 0.85665, 0.84946, 0.85527
0.85455, 0.85712, 0.84348, 0.84518
0.84425, 0.84608, 0.83977, 0.84200
0.84206, 0.84449, 0.83440, 0.83729
0.83665, 0.84441, 0.83573, 0.84192
0.84216, 0.84866, 0.84121, 0.84701
0.84650, 0.85501, 0.84550, 0.85457
0.85261, 0.85512, 0.85048, 0.85455
0.85299, 0.85752, 0.85187, 0.85336
0.85206, 0.85405, 0.85150, 0.85308
0.85268, 0.85957, 0.85148, 0.85417
0.85313, 0.85604, 0.84865, 0.85097
0.85055, 0.85710, 0.84932, 0.85497
0.85389, 0.85699, 0.85202, 0.85422
0.85286, 0.85726, 0.85191, 0.85477
0.85423, 0.86124, 0.84818, 0.86103
0.86010, 0.86914, 0.85940, 0.86719
0.86637, 0.87399, 0.86516, 0.87219
0.87228, 0.87801, 0.87118, 0.87316
0.87069, 0.87785, 0.87069, 0.87763
0.87662, 0.87926, 0.87155, 0.87386
0.87332, 0.87792, 0.87188, 0.87659
0.87581, 0.87853, 0.87241, 0.87611
0.87518, 0.87741, 0.87116, 0.87607
0.87574, 0.87961, 0.87280, 0.87818
0.87736, 0.87961, 0.87219, 0.87385
0.87367, 0.87734, 0.87132, 0.87577
0.87408, 0.87790, 0.87235, 0.87385
0.87363, 0.87517, 0.87088, 0.87140
0.86893, 0.87876, 0.86876, 0.87646
0.87566, 0.88194, 0.87242, 0.87961
0.87858, 0.88110, 0.87111, 0.87362
0.87389, 0.87793, 0.87301, 0.87710
0.87578, 0.88007, 0.87549, 0.87890
0.87675, 0.87949, 0.87587, 0.87684
0.87569, 0.87850, 0.87434, 0.87610
0.87586, 0.88023, 0.87464, 0.88002
0.87946, 0.88758, 0.87929, 0.88291
0.88203, 0.88676, 0.88122, 0.88435
0.88409, 0.88884, 0.88342, 0.88756
0.88665, 0.89280, 0.88478, 0.89038
0.88911, 0.89207, 0.88736, 0.88857
0.88701, 0.89284, 0.88701, 0.89210
0.89185, 0.89481, 0.89029, 0.89328
0.89264, 0.89385, 0.88942, 0.88957
0.88937, 0.89030, 0.88600, 0.88924
0.88884, 0.89283, 0.88685, 0.88763
0.88763, 0.88886, 0.88427, 0.88688
0.88586, 0.89103, 0.88585, 0.89022
0.88881, 0.89096, 0.88811, 0.88986
0.88903, 0.89353, 0.88624, 0.89315
0.89325, 0.89786, 0.89253, 0.89368
0.89281, 0.89538, 0.88752, 0.88927
0.88871, 0.89114, 0.88781, 0.89092
0.88986, 0.89652, 0.88924, 0.89266
0.89279, 0.89356, 0.88775, 0.89086
0.88979, 0.89152, 0.88751, 0.88934
0.88910, 0.89951, 0.88585, 0.89901
0.89858, 0.90100, 0.88686, 0.88893
0.88791, 0.89075, 0.88296, 0.88548
0.88429, 0.88700, 0.88174, 0.88228
0.88113, 0.88480, 0.88079, 0.88178
0.88183, 0.89004, 0.87966, 0.88956
0.88872, 0.89137, 0.88239, 0.88318
0.88339, 0.88434, 0.87893, 0.88018
0.87907, 0.88277, 0.87376, 0.87433
0.87448, 0.87548, 0.86898, 0.87196
0.87015, 0.87297, 0.86426, 0.86589
0.86561, 0.86894, 0.86294, 0.86785
0.86602, 0.86835, 0.86254, 0.86643
0.86601, 0.86963, 0.86185, 0.86881
0.86886, 0.87452, 0.86661, 0.86717
0.86664, 0.86838, 0.85754, 0.86146
0.86114, 0.86400, 0.85956, 0.86280
0.86075, 0.86519, 0.85880, 0.86245
0.86162, 0.86463, 0.86078, 0.86244
0.86137, 0.87087, 0.86133, 0.87043
0.86867, 0.87483, 0.86798, 0.87134
0.86952, 0.88348, 0.86952, 0.88240
0.88059, 0.88277, 0.87792, 0.87881
0.87779, 0.88531, 0.87685, 0.88337
0.88246, 0.88670, 0.88126, 0.88300
0.88270, 0.88407, 0.87920, 0.88095
0.88026, 0.88079, 0.87508, 0.87743
0.87439, 0.87908, 0.87439, 0.87614
0.87568, 0.87851, 0.87372, 0.87599
0.87521, 0.88170, 0.87435, 0.87876
0.87729, 0.88011, 0.87601, 0.87726
0.87529, 0.88102, 0.87478, 0.87869
0.87732, 0.88483, 0.87732, 0.88279
0.88197, 0.88616, 0.88054, 0.88498
0.88521, 0.88960, 0.88412, 0.88696
0.88631, 0.88994, 0.88393, 0.88901
0.88798, 0.89386, 0.88728, 0.89204
0.89252, 0.89314, 0.88442, 0.88678
0.88578, 0.88989, 0.88219, 0.88227
0.88079, 0.88372, 0.87410, 0.87648
0.87584, 0.87697, 0.87243, 0.87424
0.87378, 0.87969, 0.87219, 0.87612
0.87542, 0.87801, 0.87536, 0.87614
0.87606, 0.88359, 0.87534, 0.88237
0.88172, 0.88464, 0.87937, 0.88154
0.88058, 0.88451, 0.88004, 0.88320
0.88267, 0.88414, 0.88087, 0.88285
0.88292, 0.88362, 0.87980, 0.88060
0.88053, 0.88256, 0.87622, 0.87654
0.87604, 0.87832, 0.87168, 0.87188
0.87177, 0.87311, 0.86811, 0.86840
0.86795, 0.87546, 0.86659, 0.87461
0.87315, 0.87527, 0.87071, 0.87130
0.87154, 0.87406, 0.87025, 0.87332
0.87313, 0.87795, 0.87291, 0.87530
0.87498, 0.87580, 0.86984, 0.87213
0.87212, 0.87355, 0.87033, 0.87124
0.87085, 0.87530, 0.86959, 0.87137
0.87055, 0.87110, 0.86326, 0.86365
0.86343, 0.87623, 0.86258, 0.87467
0.87347, 0.87835, 0.87306, 0.87674
0.87642, 0.87931, 0.87459, 0.87783
0.87798, 0.88349, 0.87748, 0.88092
0.88102, 0.88499, 0.88050, 0.88420
0.88422, 0.88707, 0.88192, 0.88460
0.88442, 0.88599, 0.88167, 0.88285
0.88295, 0.88621, 0.87961, 0.88102
0.87909, 0.88196, 0.87633, 0.87705
0.87589, 0.88230, 0.87536, 0.88014
0.87832, 0.88315, 0.87623, 0.87978
0.87865, 0.88400, 0.87758, 0.88376
0.88252, 0.88823, 0.88143, 0.88431
0.88492, 0.88840, 0.88278, 0.88691
0.88597, 0.89053, 0.88535, 0.89035
0.88831, 0.89986, 0.88788, 0.89899
0.89818, 0.90295, 0.89767, 0.89877
0.89868, 0.90052, 0.89480, 0.89879
0.89824, 0.90407, 0.89797, 0.90263
0.90176, 0.90402, 0.90006, 0.90288
0.90196, 0.90670, 0.90158, 0.90569
0.90458, 0.90573, 0.90195, 0.90425
0.90350, 0.90919, 0.90283, 0.90703
0.90572, 0.90990, 0.90390, 0.90584
0.90496, 0.91219, 0.90454, 0.90706
0.90557, 0.91169, 0.90557, 0.91108
0.91055, 0.91280, 0.90936, 0.91153
0.91143, 0.91375, 0.91108, 0.91280
0.91280, 0.91483, 0.90958, 0.91182
0.91174, 0.91542, 0.91090, 0.91415
0.91324, 0.91523, 0.91041, 0.91287
0.91286, 0.91622, 0.90938, 0.91033
0.90930, 0.91053, 0.89860, 0.89986
0.89925, 0.90436, 0.89856, 0.90141
0.90034, 0.90386, 0.89886, 0.90297
0.90198, 0.90653, 0.89924, 0.90022
0.89947, 0.90459, 0.89838, 0.90443
0.90344, 0.90604, 0.90264, 0.90414
0.90490, 0.90749, 0.90334, 0.90383
0.90322, 0.90460, 0.89991, 0.90023
0.89921, 0.90722, 0.89921, 0.90614
0.90551, 0.91098, 0.90515, 0.90982
0.90901, 0.91278, 0.90729, 0.91126
0.90984, 0.91300, 0.90535, 0.91227
0.91151, 0.91321, 0.90714, 0.90911
0.90834, 0.91305, 0.90738, 0.91124
0.91097, 0.91351, 0.91072, 0.91169
0.91396, 0.91574, 0.91156, 0.91231
0.91178, 0.91700, 0.91076, 0.91603
0.91569, 0.92090, 0.91485, 0.91852
0.91766, 0.92223, 0.91601, 0.91701
0.91452, 0.91768, 0.91305, 0.91698
0.91627, 0.92133, 0.91553, 0.91854
0.91785, 0.92562, 0.91742, 0.92476
0.92421, 0.92519, 0.91901, 0.92081
0.91982, 0.92274, 0.91696, 0.91809
0.91775, 0.92005, 0.91542, 0.91548
0.91406, 0.91928, 0.91390, 0.91895
0.91708, 0.91966, 0.91104, 0.91167
0.91063, 0.91410, 0.90985, 0.91314
0.91167, 0.91342, 0.90742, 0.90792
0.90836, 0.91075, 0.90616, 0.90633
0.90657, 0.90857, 0.90470, 0.90605
0.90563, 0.90741, 0.90377, 0.90570
0.90520, 0.91225, 0.90520, 0.91183
0.91163, 0.91457, 0.90979, 0.91386
0.91204, 0.91796, 0.91155, 0.91708
0.91668, 0.92066, 0.91590, 0.91882
0.91823, 0.92024, 0.91590, 0.91647
0.91574, 0.92054, 0.91397, 0.92036
0.91966, 0.92164, 0.91662, 0.91710
0.91608, 0.92066, 0.91552, 0.91992
0.91920, 0.92086, 0.91563, 0.91974
0.91899, 0.92278, 0.91830, 0.92167
0.92056, 0.92359, 0.91747, 0.91766
0.91681, 0.91987, 0.91347, 0.91884
0.91675, 0.92193, 0.91664, 0.91922
0.91887, 0.92314, 0.91866, 0.91906
0.91910, 0.91943, 0.91453, 0.91546
0.91471, 0.91829, 0.91471, 0.91802
0.91834, 0.91865, 0.91439, 0.91584
0.91345, 0.91801, 0.91259, 0.91341
0.91256, 0.91862, 0.91256, 0.91477
0.91505, 0.91557, 0.91040, 0.91288
0.91261, 0.91604, 0.91226, 0.91537
0.91452, 0.92157, 0.91447, 0.92025
0.91989, 0.92598, 0.91970, 0.92429
0.92298, 0.92506, 0.92035, 0.92442
0.92242, 0.93283, 0.92062, 0.93148
0.93050, 0.93239, 0.92715, 0.92911
0.92824, 0.93016, 0.91876, 0.92034
0.92088, 0.92551, 0.91712, 0.91834
0.91884, 0.92191, 0.91292, 0.92168
0.91931, 0.92214, 0.91510, 0.91691
0.91767, 0.91912, 0.90974, 0.91022
0.91042, 0.91097, 0.90398, 0.90635
0.90614, 0.90777, 0.90142, 0.90187
0.90183, 0.90726, 0.89968, 0.90684
0.90516, 0.90886, 0.90423, 0.90803
0.90718, 0.91110, 0.90383, 0.90597
0.90464, 0.90601, 0.89395, 0.89487
0.89534, 0.89872, 0.89500, 0.89806
0.89794, 0.89896, 0.89240, 0.89427
0.89450, 0.90137, 0.89252, 0.89676
0.89694, 0.89946, 0.89331, 0.89478
0.89468, 0.89724, 0.89366, 0.89598
0.89380, 0.89948, 0.89380, 0.89605
0.89609, 0.89613, 0.87935, 0.88128
0.88090, 0.88175, 0.87376, 0.87604
0.87579, 0.87853, 0.87478, 0.87655
0.87627, 0.88036, 0.87619, 0.87964
0.87856, 0.88390, 0.87856, 0.88103
0.88049, 0.88489, 0.87984, 0.88176
0.88063, 0.88250, 0.87675, 0.87693
0.87638, 0.88230, 0.87475, 0.88150
0.87969, 0.88485, 0.87877, 0.88332
0.88284, 0.88564, 0.88203, 0.88418
0.88346, 0.88732, 0.87993, 0.88681
0.88613, 0.88857, 0.88353, 0.88418
0.88351, 0.88875, 0.88311, 0.88678
0.88609, 0.88722, 0.88110, 0.88140
0.88109, 0.88383, 0.88024, 0.88316
0.88227, 0.88683, 0.88110, 0.88423
0.88401, 0.89595, 0.88239, 0.89380
0.89303, 0.90029, 0.89289, 0.89959
0.89899, 0.90034, 0.89106, 0.89343
0.89141, 0.90041, 0.89133, 0.89979
0.89969, 0.90627, 0.89781, 0.90459
0.90383, 0.90811, 0.89885, 0.90060
0.90081, 0.90130, 0.89359, 0.89554
0.89553, 0.89859, 0.89392, 0.89774
0.89696, 0.89985, 0.89524, 0.89661
0.89661, 0.89678, 0.89323, 0.89393
0.89330, 0.89601, 0.89162, 0.89432
0.89354, 0.89530, 0.88852, 0.88903
0.88950, 0.89038, 0.87875, 0.87993
0.88034, 0.88520, 0.87968, 0.88413
0.88351, 0.88428, 0.87739, 0.87948
0.87881, 0.88558, 0.87875, 0.88490
0.88494, 0.88622, 0.87866, 0.87882
0.87817, 0.88569, 0.87781, 0.88304
0.88284, 0.88430, 0.87851, 0.87877
0.87867, 0.88194, 0.87820, 0.87951
0.87961, 0.87998, 0.86639, 0.86845
0.86778, 0.87484, 0.86652, 0.87384
0.87176, 0.87839, 0.87175, 0.87795
0.87620, 0.87775, 0.86837, 0.87049
0.86932, 0.87458, 0.86788, 0.87312
0.87295, 0.87412, 0.86627, 0.86986
0.86885, 0.87118, 0.86687, 0.86839
0.86723, 0.86904, 0.86335, 0.86423
0.86576, 0.87061, 0.86360, 0.86903
0.86744, 0.87323, 0.86732, 0.87143
0.87050, 0.88512, 0.87050, 0.88223
0.88160, 0.88428, 0.87873, 0.87991
0.87907, 0.88026, 0.87347, 0.87463
0.87518, 0.87955, 0.87353, 0.87624
0.87647, 0.87811, 0.87107, 0.87527
0.87467, 0.87672, 0.87020, 0.87055
0.87028, 0.87128, 0.86284, 0.86503
0.86434, 0.87144, 0.86431, 0.87065
0.86951, 0.87474, 0.86819, 0.87295
0.87264, 0.87377, 0.86918, 0.87142
0.87089, 0.87202, 0.86655, 0.86911
0.86857, 0.87123, 0.86787, 0.86975
0.86958, 0.87140, 0.86414, 0.86544
0.86662, 0.86910, 0.86618, 0.86703
0.86635, 0.86937, 0.86557, 0.86759
0.86672, 0.87106, 0.86301, 0.86511
0.86490, 0.87147, 0.86338, 0.86535
0.86466, 0.86613, 0.85980, 0.86391
0.86443, 0.86807, 0.86341, 0.86383
0.86363, 0.86650, 0.86220, 0.86359
0.86305, 0.86759, 0.86219, 0.86679
0.86590, 0.87075, 0.86439, 0.86959
0.86944, 0.87210, 0.86717, 0.86855
0.86878, 0.87082, 0.86730, 0.86855
0.86770, 0.86947, 0.86364, 0.86695
0.86573, 0.86786, 0.86290, 0.86601
0.86591, 0.86762, 0.86416, 0.86642
0.86591, 0.86701, 0.86278, 0.86647
0.86519, 0.86792, 0.86421, 0.86621
0.86585, 0.87793, 0.86525, 0.87288
0.87302, 0.87793, 0.87232, 0.87559
0.87529, 0.87626, 0.86925, 0.87041
0.87094, 0.87364, 0.86874, 0.87071
0.87037, 0.87251, 0.86862, 0.86959
0.86924, 0.87254, 0.86659, 0.86910
0.86869, 0.88048, 0.86830, 0.88041
0.87989, 0.88122, 0.87597, 0.87914
0.87844, 0.88480, 0.87809, 0.88334
0.88237, 0.89112, 0.88117, 0.88472
0.88479, 0.88538, 0.87685, 0.87712
0.87694, 0.87926, 0.87324, 0.87544
0.87493, 0.87671, 0.87371, 0.87615
0.87432, 0.87904, 0.87384, 0.87663
0.87525, 0.87866, 0.87444, 0.87775
0.87760, 0.87842, 0.87306, 0.87665
0.87632, 0.87713, 0.86679, 0.87115
0.87086, 0.87351, 0.86941, 0.87239
0.87197, 0.87312, 0.86816, 0.86929
0.86895, 0.87255, 0.86824, 0.87166
0.87114, 0.88077, 0.86999, 0.87954
0.87957, 0.88878, 0.87956, 0.88323
0.88314, 0.88491, 0.88109, 0.88155
0.88136, 0.88330, 0.87995, 0.88013
0.87885, 0.88216, 0.87791, 0.87928
0.87936, 0.87982, 0.87652, 0.87745
0.87732, 0.88220, 0.87646, 0.88044
0.88029, 0.88143, 0.87540, 0.87661
0.87653, 0.88171, 0.87602, 0.88070
0.88078, 0.88378, 0.88043, 0.88258
0.88238, 0.88406, 0.87117, 0.87325
0.87318, 0.87660, 0.86784, 0.87106
0.87096, 0.87651, 0.86783, 0.87557
0.87549, 0.88214, 0.87431, 0.87654
0.87402, 0.87687, 0.86826, 0.87153
0.87143, 0.87775, 0.87053, 0.87507
0.87489, 0.87980, 0.87325, 0.87802
0.87795, 0.88156, 0.87609, 0.88071
0.88071, 0.88524, 0.87957, 0.88423
0.88283, 0.88480, 0.88054, 0.88222
0.88200, 0.89043, 0.88126, 0.88894
0.88879, 0.89244, 0.88663, 0.89201
0.89184, 0.89591, 0.89109, 0.89278
0.89254, 0.89731, 0.89133, 0.89574
0.89567, 0.89676, 0.89301, 0.89407
0.89403, 0.89788, 0.89202, 0.89787
0.89772, 0.90310, 0.89688, 0.90098
0.90074, 0.90405, 0.89858, 0.89996
0.89988, 0.90219, 0.89819, 0.90218
0.90200, 0.90312, 0.89904, 0.89985
0.89989, 0.90155, 0.89837, 0.90060
0.90062, 0.90093, 0.89710, 0.89763
0.89751, 0.90045, 0.89543, 0.89698
0.89673, 0.89824, 0.89427, 0.89813
0.89680, 0.90340, 0.89623, 0.90104
0.90081, 0.90090, 0.89557, 0.89754
0.89745, 0.89941, 0.89320, 0.89445
0.89431, 0.89728, 0.89022, 0.89444
0.89423, 0.89616, 0.88629, 0.88739
0.88564, 0.88788, 0.88478, 0.88550
0.88528, 0.88542, 0.87980, 0.88253
0.88245, 0.88285, 0.87504, 0.87558
0.87556, 0.87773, 0.87324, 0.87453
0.87443, 0.87908, 0.87253, 0.87683
0.87673, 0.87925, 0.87468, 0.87655
0.87637, 0.87789, 0.87418, 0.87509
0.87491, 0.87803, 0.86911, 0.87038
0.87028, 0.87271, 0.86891, 0.86948
0.86930, 0.87144, 0.86361, 0.86413
0.86271, 0.86758, 0.86215, 0.86550
0.86532, 0.86808, 0.86322, 0.86386
0.86357, 0.86682, 0.86176, 0.86666
0.86654, 0.87153, 0.86573, 0.87020
0.86998, 0.87627, 0.86882, 0.87448
0.87380, 0.87766, 0.87330, 0.87708
0.87676, 0.88606, 0.87539, 0.88418
0.88414, 0.88808, 0.88319, 0.88667
0.88661, 0.88738, 0.88242, 0.88515
0.88494, 0.88641, 0.88031, 0.88408
0.88326, 0.88789, 0.88167, 0.88731
0.88681, 0.88845, 0.88539, 0.88722
0.88711, 0.89082, 0.88197, 0.88617
0.88593, 0.89028, 0.88419, 0.88887
0.88870, 0.88878, 0.88372, 0.88712
0.88633, 0.89063, 0.88632, 0.88838
0.88835, 0.88938, 0.88010, 0.88323
0.88322, 0.88847, 0.88292, 0.88641
0.88627, 0.88847, 0.88328, 0.88455
0.88454, 0.88689, 0.88196, 0.88660
0.88531, 0.89382, 0.88462, 0.89153
0.89140, 0.89183, 0.88505, 0.88680
0.88670, 0.88697, 0.88024, 0.88193
0.88170, 0.88550, 0.87873, 0.88316
0.88304, 0.88531, 0.88100, 0.88291
0.88256, 0.88658, 0.88064, 0.88080
0.88086, 0.88290, 0.87720, 0.87789
0.87768, 0.88339, 0.87686, 0.88218
0.88206, 0.89712, 0.88155, 0.88761
0.88667, 0.88770, 0.88318, 0.88335
0.88497, 0.88643, 0.88225, 0.88324
0.88273, 0.88446, 0.87974, 0.88023
0.87954, 0.88160, 0.86831, 0.87019
0.86982, 0.87187, 0.86553, 0.86654
0.86655, 0.87309, 0.86587, 0.87067
0.87032, 0.87126, 0.86680, 0.86895
0.86898, 0.87490, 0.86709, 0.87134
0.87091, 0.87463, 0.87033, 0.87263
0.87182, 0.87545, 0.87027, 0.87298
0.87227, 0.87355, 0.86321, 0.86604
0.86604, 0.86683, 0.86046, 0.86122
0.86073, 0.86208, 0.85488, 0.85761
0.85735, 0.86274, 0.85465, 0.86119
0.86054, 0.86388, 0.86006, 0.86357
0.86340, 0.86513, 0.86029, 0.86441
0.86501, 0.86561, 0.86268, 0.86472
0.86417, 0.86815, 0.86368, 0.86690
0.86645, 0.87128, 0.86451, 0.87050
0.86943, 0.87278, 0.86759, 0.86813
0.86789, 0.86891, 0.86508, 0.86756
0.86824, 0.87037, 0.86644, 0.86869
0.86851, 0.87460, 0.86726, 0.87376
0.87278, 0.87687, 0.87038, 0.87412
0.87336, 0.87665, 0.87202, 0.87371
0.87355, 0.87479, 0.87104, 0.87222
0.87384, 0.87390, 0.86923, 0.87058
0.87066, 0.87283, 0.86967, 0.87179
0.87120, 0.87560, 0.87019, 0.87278
0.87269, 0.87622, 0.86913, 0.86931
0.86866, 0.87103, 0.86382, 0.86600
0.86282, 0.86715, 0.86250, 0.86446
0.86395, 0.86651, 0.86242, 0.86462
0.86427, 0.86870, 0.86317, 0.86639
0.86599, 0.86704, 0.85649, 0.85823
0.85793, 0.85897, 0.85522, 0.85602
0.85631, 0.85741, 0.85370, 0.85697
0.85614, 0.85750, 0.85091, 0.85275
0.85268, 0.85734, 0.84911, 0.85596
0.85566, 0.85928, 0.85294, 0.85866
0.85806, 0.85870, 0.85284, 0.85426
0.85258, 0.85423, 0.84972, 0.85015
0.84980, 0.85113, 0.84602, 0.84668
0.84644, 0.85080, 0.84552, 0.84843
0.84814, 0.84860, 0.84398, 0.84453
0.84406, 0.84493, 0.84032, 0.84421
0.84411, 0.84653, 0.84289, 0.84606
0.84607, 0.84670, 0.84153, 0.84405
0.84368, 0.84452, 0.83910, 0.84210
0.84180, 0.84320, 0.83657, 0.83835
0.83799, 0.83906, 0.83367, 0.83415
0.83553, 0.84122, 0.83240, 0.83519
0.83499, 0.84301, 0.83436, 0.84161
0.84143, 0.84345, 0.83939, 0.83962
0.83919, 0.84603, 0.83802, 0.84411
0.84324, 0.84648, 0.84136, 0.84399
0.84187, 0.84548, 0.83886, 0.83980
0.83958, 0.84473, 0.83848, 0.84427
0.84419, 0.84950, 0.84351, 0.84631
0.84622, 0.85133, 0.84516, 0.84862
0.84796, 0.84899, 0.84454, 0.84599
0.84460, 0.84635, 0.84051, 0.84171
0.84134, 0.84651, 0.84094, 0.84363
0.84400, 0.84845, 0.84074, 0.84739
0.84669, 0.85273, 0.84669, 0.85009
0.84938, 0.85414, 0.84895, 0.85332
0.85267, 0.85742, 0.85223, 0.85387
0.85357, 0.86094, 0.85175, 0.85942
0.85918, 0.86409, 0.85870, 0.86208
0.86134, 0.86245, 0.85311, 0.85756
0.85710, 0.86133, 0.85525, 0.85595
0.85263, 0.85953, 0.85145, 0.85807
0.85741, 0.86123, 0.85544, 0.86044
0.86029, 0.86276, 0.85602, 0.85707
0.85686, 0.86259, 0.85358, 0.86191
0.86173, 0.87482, 0.86008, 0.87301
0.87191, 0.88070, 0.87115, 0.87453
0.87434, 0.87896, 0.87205, 0.87671
0.87638, 0.87890, 0.87486, 0.87579
0.87511, 0.87905, 0.87373, 0.87599
0.87545, 0.87682, 0.86524, 0.86684
0.86621, 0.86775, 0.86386, 0.86468
0.86463, 0.87053, 0.86309, 0.86393
0.86386, 0.86903, 0.86085, 0.86595
0.86496, 0.87169, 0.86483, 0.86842
0.86840, 0.87202, 0.86682, 0.86979
0.86911, 0.87191, 0.86557, 0.86680
0.86672, 0.87594, 0.86463, 0.87495
0.87491, 0.87785, 0.87241, 0.87546
0.87551, 0.87627, 0.87030, 0.87160
0.87156, 0.87499, 0.86658, 0.86799
0.86712, 0.86897, 0.86260, 0.86291
0.86233, 0.86772, 0.86013, 0.86681
0.86579, 0.87192, 0.86528, 0.87039
0.87013, 0.87208, 0.86483, 0.86687
0.86668, 0.86824, 0.86296, 0.86551
0.86568, 0.86989, 0.86486, 0.86751
0.86692, 0.87281, 0.86590, 0.86676
0.86688, 0.87014, 0.86511, 0.86732
0.86709, 0.86895, 0.86495, 0.86721
0.86670, 0.86749, 0.85961, 0.86009
0.85984, 0.86317, 0.85931, 0.86185
0.86153, 0.86850, 0.86103, 0.86587
0.86555, 0.87079, 0.85201, 0.85367
0.85329, 0.85734, 0.85277, 0.85515
0.85447, 0.85564, 0.85190, 0.85311
0.85418, 0.85428, 0.84739, 0.84837
0.84765, 0.85120, 0.84661, 0.84956
0.84897, 0.85296, 0.84855, 0.85036
0.84992, 0.85056, 0.84320, 0.84674
0.84663, 0.84727, 0.84123, 0.84274
0.84254, 0.84428, 0.83846, 0.84290
0.84210, 0.84727, 0.84128, 0.84144
0.84134, 0.84543, 0.83797, 0.83824
0.83791, 0.83864, 0.82905, 0.83032
0.83040, 0.83309, 0.82769, 0.82975
0.82816, 0.83165, 0.82628, 0.82839
0.82817, 0.83116, 0.82512, 0.82597
0.82549, 0.83493, 0.82442, 0.83299
0.83305, 0.83605, 0.82182, 0.82434
0.82399, 0.82919, 0.82226, 0.82631
0.82580, 0.82629, 0.81973, 0.82231
0.82200, 0.82458, 0.81800, 0.81915
0.81895, 0.82439, 0.81667, 0.81735
0.81709, 0.81753, 0.81151, 0.81252
0.81207, 0.81366, 0.80843, 0.81109
0.81023, 0.81333, 0.80711, 0.81029
0.80990, 0.81692, 0.80958, 0.81437
0.81397, 0.81650, 0.81044, 0.81128
0.81086, 0.82088, 0.80952, 0.81805
0.81728, 0.82318, 0.81625, 0.82146
0.82145, 0.82910, 0.82082, 0.82552
0.82516, 0.82822, 0.82254, 0.82790
0.82744, 0.83513, 0.82382, 0.82994
0.82950, 0.83214, 0.82499, 0.82731
0.82666, 0.83411, 0.82638, 0.83120
0.83022, 0.83280, 0.82816, 0.82961
0.82871, 0.83046, 0.82065, 0.82406
0.82330, 0.82536, 0.81815, 0.82040
0.81971, 0.82521, 0.81928, 0.82423
0.82395, 0.82580, 0.81812, 0.81903
0.81912, 0.82074, 0.81468, 0.81609
0.81591, 0.81665, 0.80922, 0.81295
0.81274, 0.81335, 0.80769, 0.80926
0.80876, 0.81152, 0.80803, 0.81023
0.81015, 0.81832, 0.81015, 0.81203
0.81062, 0.81304, 0.80499, 0.80720
0.80729, 0.81032, 0.80270, 0.80495
0.80439, 0.81297, 0.80378, 0.80997
0.80979, 0.82531, 0.80710, 0.82318
0.82289, 0.82454, 0.81910, 0.82211
0.82109, 0.82664, 0.82062, 0.82142
0.82137, 0.82254, 0.81699, 0.81779
0.81746, 0.81800, 0.81037, 0.81354
0.81340, 0.81681, 0.81047, 0.81451
0.81430, 0.81840, 0.81316, 0.81332
0.81291, 0.81507, 0.80968, 0.81080
0.81058, 0.81125, 0.80240, 0.80251
0.80239, 0.80481, 0.79921, 0.80175
0.80138, 0.80554, 0.79955, 0.80336
0.80275, 0.80368, 0.79586, 0.79887
0.79695, 0.80295, 0.79651, 0.79807
0.79761, 0.80428, 0.79433, 0.80341
0.80344, 0.80577, 0.80081, 0.80102
0.80083, 0.80536, 0.79917, 0.80055
0.80019, 0.80361, 0.79857, 0.80029
0.79921, 0.80161, 0.79421, 0.79439
0.79423, 0.79965, 0.79349, 0.79763
0.79736, 0.79950, 0.79005, 0.79530
0.79478, 0.80360, 0.79338, 0.80270
0.80298, 0.80486, 0.80072, 0.80142
0.80020, 0.80598, 0.79650, 0.79873
0.79792, 0.80720, 0.79722, 0.80067
0.80043, 0.80657, 0.80043, 0.80205
0.80186, 0.80440, 0.79849, 0.80421
0.80393, 0.80888, 0.80083, 0.80707
0.80739, 0.80793, 0.80324, 0.80430
0.80401, 0.80562, 0.80155, 0.80230
0.80212, 0.80417, 0.79801, 0.80292
0.80255, 0.80643, 0.80160, 0.80520
0.80498, 0.80929, 0.79787, 0.80463
0.80376, 0.81419, 0.80316, 0.81261
0.81219, 0.81426, 0.80362, 0.80505
0.80468, 0.80630, 0.80073, 0.80519
0.80468, 0.81096, 0.80327, 0.80986
0.80994, 0.81179, 0.80584, 0.80676
0.80732, 0.81120, 0.80533, 0.80783
0.80739, 0.81002, 0.80665, 0.80957
0.80921, 0.82140, 0.80887, 0.81742
0.81715, 0.82348, 0.81628, 0.82023
0.81999, 0.82512, 0.81952, 0.82340
0.82249, 0.82458, 0.81962, 0.82083
0.82057, 0.82144, 0.81376, 0.81444
0.81433, 0.81991, 0.80857, 0.81081
0.81016, 0.81293, 0.80816, 0.80995
0.80961, 0.81001, 0.80083, 0.80169
0.80221, 0.80681, 0.80152, 0.80489
0.80469, 0.80838, 0.80281, 0.80482
0.80403, 0.80557, 0.80116, 0.80252
0.80159, 0.80638, 0.80088, 0.80397
0.80386, 0.80467, 0.79888, 0.79930
0.79801, 0.80137, 0.79741, 0.80053
0.80017, 0.80475, 0.79840, 0.80220
0.80162, 0.80472, 0.80142, 0.80359
0.80298, 0.80540, 0.79772, 0.79939
0.79935, 0.80402, 0.79611, 0.80176
0.79799, 0.80238, 0.79767, 0.80044
0.80045, 0.80274, 0.79349, 0.79396
0.79362, 0.79697, 0.79094, 0.79673
0.79665, 0.79735, 0.79118, 0.79225
0.79206, 0.79885, 0.79057, 0.79409
0.79323, 0.79960, 0.79311, 0.79643
0.79632, 0.79830, 0.78706, 0.78993
0.78938, 0.79179, 0.78835, 0.79036
0.78998, 0.79252, 0.78785, 0.78899
0.78864, 0.79557, 0.78844, 0.79412
0.79393, 0.79522, 0.78799, 0.78931
0.78912, 0.79038, 0.78355, 0.78768
0.78738, 0.79048, 0.78418, 0.78789
0.78766, 0.78986, 0.78515, 0.78805
0.78774, 0.78865, 0.77956, 0.77978
0.78097, 0.78200, 0.77324, 0.77366
0.77339, 0.78107, 0.77222, 0.77267
0.77259, 0.78021, 0.76681, 0.77865
0.77868, 0.78341, 0.77520, 0.78307
0.78253, 0.78581, 0.77232, 0.77332
0.77314, 0.78229, 0.77219, 0.77877
0.77886, 0.78205, 0.77263, 0.77369
0.77312, 0.78415, 0.77173, 0.78100
0.78053, 0.78850, 0.77451, 0.77707
0.77718, 0.77907, 0.76879, 0.76931
0.76937, 0.77217, 0.76229, 0.76663
0.76645, 0.77570, 0.76561, 0.76960
0.76930, 0.77563, 0.76872, 0.77471
0.77463, 0.77738, 0.76994, 0.77525
0.77529, 0.77914, 0.77043, 0.77160
0.77131, 0.77538, 0.76922, 0.77242
0.77216, 0.78361, 0.77055, 0.78112
0.78101, 0.78439, 0.77860, 0.78020
0.77991, 0.78498, 0.77587, 0.78123
0.78113, 0.78727, 0.77490, 0.78508
0.78587, 0.78821, 0.77650, 0.77993
0.77999, 0.78615, 0.77837, 0.78279
0.78195, 0.79212, 0.78065, 0.79062
0.78988, 0.79488, 0.78806, 0.79015
0.79009, 0.79457, 0.78763, 0.78996
0.78940, 0.79444, 0.78834, 0.79042
0.79052, 0.79903, 0.79028, 0.79624
0.79612, 0.80471, 0.79507, 0.79765
0.79764, 0.79904, 0.79120, 0.79286
0.79281, 0.79972, 0.79042, 0.79861
0.79375, 0.80140, 0.79231, 0.80076
0.80066, 0.80347, 0.79754, 0.79971
0.79920, 0.80086, 0.79166, 0.79543
0.79528, 0.80389, 0.79190, 0.80203
0.80175, 0.81174, 0.79934, 0.81029
0.80626, 0.81303, 0.80569, 0.81128
0.81086, 0.82042, 0.81070, 0.81701
0.81699, 0.82090, 0.81406, 0.81926
0.81869, 0.82109, 0.81051, 0.81600
0.81537, 0.82767, 0.81327, 0.82284
0.82227, 0.82508, 0.81825, 0.82008
0.81973, 0.82481, 0.81916, 0.82240
0.82205, 0.83476, 0.81838, 0.83325
0.83310, 0.83793, 0.83154, 0.83482
0.83471, 0.83622, 0.83152, 0.83608
0.83263, 0.83846, 0.83046, 0.83160
0.83112, 0.84535, 0.83070, 0.84180
0.84132, 0.84779, 0.83801, 0.84408
0.84386, 0.85904, 0.84293, 0.85532
0.85447, 0.86307, 0.85291, 0.86277
0.85937, 0.86307, 0.85395, 0.85779
0.85753, 0.86470, 0.85642, 0.86196
0.86168, 0.87068, 0.86048, 0.86716
0.86691, 0.86990, 0.86322, 0.86654
0.86606, 0.87562, 0.86371, 0.87456
0.87259, 0.87707, 0.86932, 0.86975
0.86937, 0.88161, 0.86882, 0.87529
0.87503, 0.87560, 0.87033, 0.87413
0.87381, 0.87510, 0.86320, 0.86558
0.86541, 0.87545, 0.86476, 0.87326
0.87134, 0.87340, 0.86781, 0.86809
0.86767, 0.87080, 0.85839, 0.86365
0.86305, 0.86364, 0.85425, 0.85649
0.85625, 0.85937, 0.85131, 0.85223
0.85156, 0.85710, 0.85074, 0.85357
0.85502, 0.85517, 0.84831, 0.85318
0.85342, 0.85599, 0.84588, 0.84820
0.84769, 0.85984, 0.84664, 0.85823
0.85756, 0.86217, 0.85609, 0.85931
0.85871, 0.86235, 0.85578, 0.86004
0.85762, 0.86057, 0.85577, 0.85783
0.85556, 0.86171, 0.84539, 0.85386
0.85331, 0.86235, 0.84753, 0.84795
0.84748, 0.85127, 0.84293, 0.84433
0.84424, 0.85446, 0.84297, 0.85278
0.85019, 0.85797, 0.85019, 0.85263
0.85198, 0.85532, 0.85076, 0.85509
0.85461, 0.85683, 0.85122, 0.85458
0.85413, 0.85697, 0.84852, 0.85454
0.85408, 0.85547, 0.85062, 0.85470
0.85351, 0.85817, 0.85265, 0.85533
0.85459, 0.86153, 0.85408, 0.86061
0.86024, 0.87334, 0.85948, 0.86932
0.86837, 0.87007, 0.85884, 0.86062
0.86077, 0.86785, 0.85988, 0.86541
0.86547, 0.86879, 0.86292, 0.86729
0.86691, 0.87206, 0.86487, 0.86922
0.86856, 0.86918, 0.86177, 0.86736
0.86746, 0.87006, 0.86287, 0.86447
0.86397, 0.86762, 0.86153, 0.86389
0.86312, 0.86679, 0.86205, 0.86563
0.86544, 0.86677, 0.85567, 0.85655
0.85628, 0.86467, 0.85440, 0.86445
0.86394, 0.86799, 0.86164, 0.86224
0.86129, 0.86549, 0.84683, 0.84722
0.84630, 0.84895, 0.84401, 0.84754
0.84740, 0.85114, 0.84466, 0.84753
0.84683, 0.84853, 0.84546, 0.84781
0.84755, 0.85458, 0.84643, 0.85082
0.85054, 0.85195, 0.84080, 0.84165
0.84213, 0.84905, 0.84101, 0.84744
0.84694, 0.84903, 0.84130, 0.84490
0.84489, 0.84523, 0.83910, 0.84119
0.84096, 0.84381, 0.83841, 0.84189
0.84147, 0.84179, 0.83694, 0.84070
0.84009, 0.84240, 0.83796, 0.84094
0.84078, 0.84300, 0.83742, 0.84101
0.84051, 0.84588, 0.83925, 0.84260
0.84214, 0.84513, 0.84103, 0.84362
0.84334, 0.84497, 0.83760, 0.83808
0.83888, 0.83907, 0.83355, 0.83700
0.83704, 0.84477, 0.83420, 0.84384
0.84356, 0.85278, 0.84179, 0.85031
0.84957, 0.85033, 0.84424, 0.84537
0.84472, 0.84845, 0.84336, 0.84556
0.84459, 0.84600, 0.84044, 0.84327
0.84299, 0.84676, 0.83966, 0.83983
0.83966, 0.84505, 0.83787, 0.84272
0.84249, 0.84719, 0.84207, 0.84337
0.84253, 0.85153, 0.84214, 0.84792
0.84725, 0.85702, 0.84563, 0.85361
0.85346, 0.85491, 0.85033, 0.85292
0.85269, 0.85581, 0.84772, 0.84802
0.84794, 0.85025, 0.84527, 0.84925
0.84923, 0.86131, 0.84832, 0.86039
0.85959, 0.86126, 0.85306, 0.85369
0.85362, 0.85388, 0.84476, 0.84922
0.84921, 0.85826, 0.84641, 0.85375
0.85352, 0.85982, 0.85279, 0.85686
0.85690, 0.85719, 0.85065, 0.85168
0.85089, 0.85263, 0.84471, 0.84630
0.84635, 0.85244, 0.84618, 0.85010
0.84996, 0.85270, 0.84342, 0.84373
0.84355, 0.84736, 0.84183, 0.84671
0.84663, 0.85058, 0.84450, 0.84519
0.84390, 0.84752, 0.83960, 0.84585
0.84561, 0.84883, 0.84354, 0.84828
0.84802, 0.85598, 0.84686, 0.85009
0.84971, 0.85058, 0.84115, 0.84234
0.84173, 0.84637, 0.83967, 0.84387
0.84383, 0.84502, 0.83763, 0.83998
0.83903, 0.84135, 0.83278, 0.83351
0.83246, 0.83890, 0.83029, 0.83507
0.83407, 0.84243, 0.83320, 0.83963
0.83893, 0.84120, 0.82859, 0.82867
0.82853, 0.82965, 0.82613, 0.82765
0.82728, 0.83243, 0.82602, 0.83092
0.83075, 0.83622, 0.82910, 0.83411
0.83401, 0.83512, 0.82836, 0.83221
0.83098, 0.83300, 0.82884, 0.83064
0.83032, 0.83497, 0.83028, 0.83478
0.83456, 0.83839, 0.83387, 0.83594
0.83582, 0.83773, 0.83293, 0.83375
0.83355, 0.83897, 0.83304, 0.83540
0.83503, 0.84046, 0.83423, 0.83658
0.83540, 0.84045, 0.83429, 0.83489
0.83475, 0.84654, 0.83438, 0.84555
0.84538, 0.85100, 0.84489, 0.84790
0.84768, 0.85378, 0.84543, 0.84994
0.84980, 0.85299, 0.84115, 0.84153
0.84120, 0.84916, 0.84105, 0.84815
0.84786, 0.84877, 0.84613, 0.84761
0.84739, 0.85185, 0.84616, 0.85088
0.85073, 0.85345, 0.84801, 0.84937
0.84910, 0.84978, 0.83745, 0.83878
0.83759, 0.84202, 0.83759, 0.84007
0.83982, 0.84232, 0.83672, 0.83954
0.83913, 0.84459, 0.83760, 0.84035
0.84003, 0.84388, 0.83661, 0.84028
0.84000, 0.85083, 0.83945, 0.84668
0.84534, 0.84938, 0.84522, 0.84889
0.84848, 0.85028, 0.84170, 0.84337
0.84290, 0.84433, 0.82830, 0.83065
0.83013, 0.83093, 0.82416, 0.82686
0.82643, 0.82914, 0.82211, 0.82265
0.82197, 0.82522, 0.82159, 0.82249
0.82238, 0.82368, 0.81948, 0.82171
0.82137, 0.82260, 0.81371, 0.81697
0.81598, 0.81845, 0.81360, 0.81617
0.81592, 0.81982, 0.81282, 0.81313
0.81249, 0.81741, 0.81171, 0.81588
0.81527, 0.81772, 0.81221, 0.81444
0.81404, 0.81584, 0.80677, 0.80704
0.80665, 0.81552, 0.80600, 0.81392
0.81348, 0.81871, 0.81176, 0.81745
0.81463, 0.81979, 0.81463, 0.81808
0.81774, 0.82247, 0.81650, 0.81855
0.81821, 0.82941, 0.81666, 0.82656
0.82655, 0.82818, 0.82007, 0.82388
0.82363, 0.82590, 0.82002, 0.82281
0.82081, 0.82264, 0.81713, 0.81883
0.81867, 0.81945, 0.81368, 0.81599
0.81547, 0.81807, 0.81353, 0.81627
0.81605, 0.81837, 0.81149, 0.81210
0.81184, 0.81359, 0.80801, 0.80932
0.80908, 0.81238, 0.80783, 0.81048
0.81013, 0.81565, 0.80811, 0.81265
0.81250, 0.81324, 0.80446, 0.80500
0.80490, 0.80874, 0.80271, 0.80421
0.80394, 0.81310, 0.80306, 0.81260
0.81112, 0.81644, 0.81095, 0.81469
0.81456, 0.82112, 0.81364, 0.81800
0.81787, 0.82289, 0.81706, 0.82057
0.81998, 0.82629, 0.81955, 0.82276
0.82221, 0.82688, 0.82156, 0.82392
0.82334, 0.82592, 0.81982, 0.82441
0.82417, 0.82532, 0.81836, 0.81981
0.81935, 0.83207, 0.81722, 0.83012
0.82963, 0.84054, 0.82859, 0.83787
0.83720, 0.84269, 0.83560, 0.84164
0.83902, 0.84222, 0.83272, 0.83460
0.83407, 0.83641, 0.82572, 0.82572
0.82552, 0.83141, 0.82044, 0.82432
0.82321, 0.82878, 0.81876, 0.82096
0.82015, 0.82178, 0.81454, 0.81528
0.81481, 0.81925, 0.81419, 0.81684
0.81630, 0.82148, 0.81427, 0.81923
0.81839, 0.82281, 0.81610, 0.81992
0.81954, 0.82584, 0.81688, 0.81738
0.81698, 0.81897, 0.81020, 0.81533
0.81262, 0.82108, 0.81253, 0.81865
0.81846, 0.81969, 0.81515, 0.81653
0.81609, 0.81860, 0.80967, 0.81160
0.81088, 0.81337, 0.80947, 0.81135
0.81094, 0.81845, 0.81094, 0.81565
0.81363, 0.81728, 0.81362, 0.81601
0.81578, 0.81691, 0.81234, 0.81377
0.81292, 0.81695, 0.81181, 0.81215
0.81113, 0.81809, 0.80950, 0.80951
0.80911, 0.80993, 0.80311, 0.80406
0.80386, 0.80545, 0.80100, 0.80413
0.80293, 0.80680, 0.79990, 0.80316
0.80246, 0.80815, 0.80092, 0.80333
0.80263, 0.80492, 0.79932, 0.80245
0.80350, 0.80350, 0.80350, 0.80350