0.85520, 0.86190, 0.84730, 0.85820
0.85860, 0.86690, 0.84370, 0.85710
0.85290, 0.87090, 0.85290, 0.86610
0.86590, 0.87460, 0.85730, 0.86440
0.86370, 0.86610, 0.83710, 0.83940
0.83910, 0.85200, 0.82980, 0.84780
0.84740, 0.85900, 0.84520, 0.85590
0.85670, 0.87810, 0.85520, 0.87240
0.86950, 0.87880, 0.86360, 0.87290
0.87290, 0.87420, 0.84230, 0.85750
0.85770, 0.86780, 0.83820, 0.83960
0.84020, 0.84980, 0.82770, 0.84540
0.84720, 0.86270, 0.84600, 0.85700
0.85700, 0.85930, 0.84820, 0.85190
0.85100, 0.85830, 0.84470, 0.85110
0.84830, 0.85950, 0.84540, 0.85750
0.85610, 0.86480, 0.84830, 0.86100
0.85910, 0.87550, 0.85750, 0.85880
0.86010, 0.86170, 0.83110, 0.83280
0.83600, 0.84360, 0.82870, 0.83190
0.83490, 0.83490, 0.81560, 0.82720
0.82660, 0.85580, 0.82660, 0.84650
0.84760, 0.84980, 0.83670, 0.84320
0.84330, 0.86360, 0.84220, 0.85810
0.85870, 0.87270, 0.85820, 0.86260
0.86000, 0.88590, 0.85940, 0.87620
0.87840, 0.88740, 0.86900, 0.88310
0.88260, 0.88470, 0.86010, 0.86320
0.86350, 0.86840, 0.85230, 0.85630
0.85530, 0.85720, 0.84280, 0.85140
0.85130, 0.87630, 0.84330, 0.87340
0.87230, 0.88820, 0.86720, 0.88280
0.88340, 0.89080, 0.87700, 0.88740
0.88560, 0.88780, 0.86970, 0.88280
0.88260, 0.89200, 0.87830, 0.89020
0.89030, 0.90400, 0.88910, 0.89450
0.89420, 0.90970, 0.89320, 0.90260
0.90310, 0.90750, 0.88090, 0.89230
0.89170, 0.89820, 0.88800, 0.89570
0.89630, 0.89700, 0.86510, 0.87040
0.87010, 0.87020, 0.85720, 0.86060
0.86130, 0.88200, 0.85730, 0.88000
0.88070, 0.90100, 0.87950, 0.89260
0.89170, 0.90630, 0.88700, 0.90400
0.90270, 0.92360, 0.89730, 0.92040
0.91950, 0.92260, 0.90720, 0.91080
0.91100, 0.91360, 0.89380, 0.90060
0.90060, 0.90360, 0.88950, 0.89790
0.89780, 0.90540, 0.89110, 0.89730
0.89980, 0.89980, 0.86870, 0.87280
0.87260, 0.89700, 0.87150, 0.88360
0.88360, 0.89240, 0.87910, 0.88140
0.88300, 0.88720, 0.86750, 0.86990
0.87030, 0.87690, 0.84510, 0.84960
0.84960, 0.85190, 0.81890, 0.82070
0.82070, 0.82970, 0.80930, 0.82310
0.82350, 0.84010, 0.81930, 0.83590
0.83600, 0.84460, 0.82910, 0.83260
0.83250, 0.84560, 0.82740, 0.83990
0.83900, 0.85140, 0.83800, 0.84700
0.84720, 0.85190, 0.83930, 0.84110
0.84090, 0.84400, 0.82690, 0.83370
0.83430, 0.84080, 0.81830, 0.83960
0.83970, 0.84640, 0.82920, 0.83360
0.83430, 0.83990, 0.82740, 0.83090
0.83080, 0.83260, 0.80230, 0.80490
0.80490, 0.81510, 0.79710, 0.80410
0.80410, 0.82860, 0.80180, 0.81700
0.81740, 0.82780, 0.81180, 0.82680
0.82680, 0.83170, 0.81710, 0.83130
0.83140, 0.83660, 0.81850, 0.82790
0.82810, 0.82960, 0.80310, 0.80880
0.80890, 0.81970, 0.80250, 0.81730
0.81730, 0.81950, 0.80960, 0.81700
0.81690, 0.82120, 0.80910, 0.81540
0.81540, 0.82990, 0.81210, 0.82850
0.82850, 0.83310, 0.80750, 0.81420
0.81480, 0.82020, 0.79460, 0.80070
0.80070, 0.80660, 0.78290, 0.78590
0.78520, 0.80110, 0.78500, 0.79410
0.79660, 0.80670, 0.78410, 0.80560
0.80560, 0.81290, 0.80420, 0.81040
0.81040, 0.81200, 0.78030, 0.78090
0.78090, 0.79600, 0.77780, 0.78380
0.78390, 0.79250, 0.77820, 0.78500
0.78510, 0.78670, 0.77440, 0.78200
0.78200, 0.78620, 0.76430, 0.76660
0.76650, 0.77080, 0.75380, 0.76070
0.76060, 0.76060, 0.75090, 0.75370
0.75370, 0.75710, 0.74120, 0.74250
0.74250, 0.74720, 0.72810, 0.73420
0.73420, 0.73610, 0.71080, 0.71450
0.71450, 0.72060, 0.70140, 0.71980
0.71970, 0.72270, 0.69810, 0.69990
0.69970, 0.71870, 0.69500, 0.71120
0.71130, 0.72400, 0.70990, 0.71960
0.71970, 0.72320, 0.70530, 0.71150
0.71170, 0.71550, 0.70460, 0.70860
0.70850, 0.71050, 0.68560, 0.69710
0.69710, 0.70070, 0.68770, 0.69340
0.69340, 0.71470, 0.69070, 0.70090
0.70010, 0.70650, 0.68790, 0.69380
0.69380, 0.70820, 0.69290, 0.69900
0.69900, 0.70030, 0.68420, 0.69290
0.69290, 0.69840, 0.67690, 0.68150
0.68150, 0.68300, 0.66210, 0.67860
0.67860, 0.68100, 0.66830, 0.68010
0.68010, 0.70250, 0.68000, 0.70000
0.70010, 0.71390, 0.69900, 0.70970
0.70970, 0.71540, 0.69500, 0.69830
0.69840, 0.70700, 0.69130, 0.70520
0.70520, 0.71660, 0.69140, 0.71210
0.71200, 0.72020, 0.70770, 0.71930
0.71820, 0.72000, 0.70190, 0.70570
0.70540, 0.72640, 0.70430, 0.72280
0.72280, 0.73360, 0.72260, 0.73350
0.73350, 0.73540, 0.72790, 0.73250
0.73170, 0.73930, 0.72790, 0.73150
0.73150, 0.74880, 0.72930, 0.73680
0.73630, 0.74490, 0.73460, 0.74130
0.74150, 0.75110, 0.73870, 0.75050
0.75030, 0.75150, 0.73710, 0.74040
0.74040, 0.75000, 0.73550, 0.74170
0.74170, 0.76690, 0.73860, 0.75610
0.75590, 0.75900, 0.74850, 0.75340
0.75280, 0.76260, 0.74870, 0.76240
0.76180, 0.76940, 0.75800, 0.76190
0.76190, 0.78810, 0.75620, 0.78740
0.78740, 0.79620, 0.77910, 0.78880
0.78880, 0.80270, 0.78620, 0.79850
0.79850, 0.81140, 0.79500, 0.81060
0.81070, 0.82310, 0.81050, 0.82100
0.82100, 0.83000, 0.80420, 0.80560
0.80550, 0.81660, 0.80310, 0.80780
0.82960, 0.82960, 0.80870, 0.81520
0.81520, 0.83270, 0.81370, 0.82080
0.82100, 0.82640, 0.79990, 0.80650
0.80640, 0.81670, 0.79860, 0.79980
0.79980, 0.81260, 0.79980, 0.81090
0.81080, 0.82510, 0.81080, 0.81890
0.81900, 0.82560, 0.80420, 0.80980
0.82890, 0.82890, 0.79380, 0.80920
0.80920, 0.82160, 0.80220, 0.81940
0.82020, 0.82860, 0.81470, 0.82520
0.82550, 0.83390, 0.81990, 0.82360
0.82380, 0.83860, 0.82130, 0.82920
0.83010, 0.83980, 0.82190, 0.83900
0.83970, 0.84660, 0.82780, 0.83980
0.83980, 0.84000, 0.82390, 0.82790
0.82460, 0.82800, 0.80950, 0.81510
0.81390, 0.81790, 0.80640, 0.81420
0.81460, 0.82170, 0.79380, 0.79500
0.79520, 0.79680, 0.78180, 0.78380
0.78300, 0.79280, 0.77670, 0.78980
0.78990, 0.80980, 0.78630, 0.80970
0.80940, 0.81010, 0.79200, 0.80570
0.80010, 0.82280, 0.80000, 0.81560
0.81570, 0.82370, 0.80960, 0.82270
0.82030, 0.83380, 0.81800, 0.82060
0.82060, 0.82660, 0.81300, 0.82420
0.82370, 0.83640, 0.82020, 0.83550
0.83580, 0.84820, 0.80840, 0.81380
0.81040, 0.82300, 0.80120, 0.80290
0.80320, 0.80780, 0.78070, 0.78440
0.78460, 0.78760, 0.71550, 0.73860
0.73670, 0.75900, 0.72290, 0.75860
0.75860, 0.76440, 0.73290, 0.74030
0.74030, 0.74330, 0.72020, 0.72900
0.72870, 0.74240, 0.72150, 0.73380
0.73380, 0.74880, 0.72040, 0.74390
0.74390, 0.75860, 0.73390, 0.75160
0.75150, 0.76190, 0.74380, 0.74580
0.74580, 0.75610, 0.74570, 0.75450
0.75440, 0.75620, 0.72200, 0.72220
0.72070, 0.73920, 0.71490, 0.73660
0.73780, 0.74190, 0.71080, 0.71460
0.71570, 0.72990, 0.71060, 0.72130
0.71870, 0.74700, 0.71180, 0.73690
0.74150, 0.75140, 0.73580, 0.74910
0.75100, 0.77390, 0.74090, 0.76260
0.76130, 0.78900, 0.76090, 0.78020
0.77660, 0.80200, 0.77570, 0.77740
0.78050, 0.78360, 0.75210, 0.75650
0.75650, 0.76080, 0.75040, 0.76060
0.75830, 0.77290, 0.75580, 0.76790
0.76760, 0.80370, 0.76340, 0.79690
0.79470, 0.80790, 0.77850, 0.77980
0.77890, 0.78950, 0.76420, 0.77340
0.77380, 0.79210, 0.77220, 0.79040
0.78760, 0.80070, 0.78230, 0.78690
0.78660, 0.79680, 0.77970, 0.79450
0.79710, 0.82070, 0.79450, 0.81860
0.81780, 0.81890, 0.78160, 0.78840
0.78830, 0.80050, 0.77640, 0.78560
0.78520, 0.81560, 0.78140, 0.80270
0.80360, 0.82020, 0.79250, 0.80980
0.81050, 0.82330, 0.80650, 0.81450
0.81220, 0.81450, 0.78550, 0.79540
0.79610, 0.81700, 0.79270, 0.81130
0.81130, 0.81410, 0.78660, 0.79280
0.79320, 0.81550, 0.79040, 0.79170
0.79340, 0.80040, 0.78170, 0.79420
0.79650, 0.80030, 0.77060, 0.77310
0.77090, 0.77600, 0.75490, 0.77260
0.77430, 0.77910, 0.76270, 0.77630
0.77660, 0.78620, 0.76660, 0.77750
0.77860, 0.79430, 0.77440, 0.78190
0.78200, 0.78500, 0.76360, 0.77080
0.77190, 0.77780, 0.76570, 0.77330
0.77350, 0.77560, 0.76260, 0.76850
0.76890, 0.77850, 0.76680, 0.77200
0.77210, 0.77470, 0.76260, 0.76800
0.76800, 0.77530, 0.76270, 0.76470
0.76520, 0.76720, 0.74710, 0.75600
0.75620, 0.76310, 0.74320, 0.74670
0.74780, 0.75860, 0.73740, 0.75080
0.74780, 0.75340, 0.72790, 0.74720
0.74700, 0.75960, 0.74060, 0.74170
0.74200, 0.74570, 0.72310, 0.74510
0.74510, 0.74510, 0.70570, 0.70950
0.71570, 0.72320, 0.69240, 0.70860
0.70680, 0.72570, 0.69370, 0.72000
0.72230, 0.72410, 0.70170, 0.70870
0.70790, 0.72030, 0.69660, 0.71590
0.71320, 0.72220, 0.64380, 0.69500
0.70620, 0.73600, 0.69210, 0.72320
0.72680, 0.75670, 0.69560, 0.70820
0.71220, 0.73800, 0.69060, 0.70540
0.70600, 0.71230, 0.68880, 0.70130
0.70320, 0.71470, 0.67800, 0.68380
0.67720, 0.69000, 0.66940, 0.67810
0.68240, 0.68440, 0.66240, 0.67890
0.67540, 0.68370, 0.65390, 0.67670
0.68220, 0.69200, 0.67210, 0.68200
0.68150, 0.72150, 0.67440, 0.69710
0.69730, 0.70740, 0.68620, 0.70320
0.70640, 0.72180, 0.69660, 0.70520
0.70890, 0.71670, 0.69450, 0.70220
0.70230, 0.70600, 0.66340, 0.67870
0.68370, 0.68700, 0.64910, 0.64970
0.65260, 0.65500, 0.62130, 0.62520
0.62410, 0.65900, 0.61490, 0.64580
0.64830, 0.66470, 0.63960, 0.64460
0.64590, 0.64860, 0.63180, 0.63840
0.63690, 0.64540, 0.63060, 0.63790
0.63790, 0.65050, 0.62790, 0.64540
0.64690, 0.67180, 0.63880, 0.66670
0.66640, 0.69600, 0.66400, 0.69200
0.69210, 0.71420, 0.68550, 0.70670
0.70380, 0.72910, 0.69900, 0.71890
0.72070, 0.73160, 0.70820, 0.71350
0.71950, 0.72300, 0.68500, 0.68830
0.68970, 0.69820, 0.67880, 0.69190
0.68960, 0.69460, 0.67160, 0.67370
0.67580, 0.69820, 0.67330, 0.69400
0.69370, 0.70680, 0.68800, 0.68830
0.68950, 0.70090, 0.68580, 0.69330
0.69010, 0.70240, 0.68570, 0.69720
0.69890, 0.71300, 0.69210, 0.70030
0.70160, 0.71950, 0.68670, 0.71910
0.71450, 0.73150, 0.70840, 0.72850
0.72910, 0.74690, 0.72250, 0.74320
0.74340, 0.75580, 0.72620, 0.73070
0.72910, 0.73990, 0.72390, 0.72930
0.72960, 0.73060, 0.71530, 0.71770
0.71810, 0.72830, 0.70790, 0.71220
0.71270, 0.71640, 0.70490, 0.71260
0.71050, 0.73400, 0.70870, 0.72710
0.72440, 0.74800, 0.72260, 0.74300
0.74180, 0.74550, 0.73260, 0.73730
0.73900, 0.75000, 0.73610, 0.74470
0.74630, 0.75430, 0.74110, 0.74700
0.74770, 0.76220, 0.74420, 0.76110
0.75940, 0.76380, 0.75410, 0.75790
0.75750, 0.78570, 0.75540, 0.78340
0.78290, 0.78900, 0.76980, 0.77230
0.77360, 0.78590, 0.76230, 0.76440
0.76500, 0.77260, 0.75590, 0.76720
0.76730, 0.79650, 0.76540, 0.79440
0.79220, 0.80260, 0.77310, 0.77800
0.77440, 0.78080, 0.76320, 0.77910
0.78670, 0.78870, 0.76990, 0.78140
0.78160, 0.78910, 0.77130, 0.77450
0.77370, 0.77700, 0.74710, 0.75430
0.75630, 0.76530, 0.75180, 0.75660
0.75690, 0.76980, 0.74840, 0.76820
0.76850, 0.77300, 0.75460, 0.75810
0.75700, 0.75950, 0.73490, 0.74070
0.74030, 0.76550, 0.73710, 0.76300
0.76090, 0.76590, 0.75270, 0.75820
0.76000, 0.77030, 0.75540, 0.75880
0.75650, 0.76370, 0.74610, 0.75040
0.75010, 0.75720, 0.74910, 0.75000
0.74980, 0.75510, 0.73220, 0.73830
0.73770, 0.74330, 0.72860, 0.73190
0.73190, 0.73850, 0.72430, 0.72600
0.72710, 0.73910, 0.72590, 0.73380
0.73650, 0.73740, 0.70620, 0.71510
0.71490, 0.72630, 0.71130, 0.71460
0.71530, 0.72810, 0.71240, 0.71960
0.71740, 0.72560, 0.71440, 0.72180
0.72280, 0.72730, 0.71080, 0.71180
0.71220, 0.72070, 0.69770, 0.71690
0.71990, 0.72190, 0.70800, 0.71540
0.71690, 0.72470, 0.70660, 0.71600
0.71590, 0.74210, 0.71510, 0.73890
0.73980, 0.75720, 0.72710, 0.74500
0.74520, 0.74760, 0.72480, 0.73070
0.72970, 0.73340, 0.69900, 0.71730
0.71600, 0.71970, 0.70380, 0.71540
0.71280, 0.71770, 0.70260, 0.71240
0.71010, 0.71470, 0.69380, 0.71160
0.71240, 0.72620, 0.71150, 0.72170
0.72620, 0.74280, 0.72030, 0.73790
0.73800, 0.74060, 0.72330, 0.72960
0.73020, 0.74160, 0.72790, 0.73390
0.73340, 0.75770, 0.72920, 0.75100
0.74800, 0.75660, 0.74170, 0.75300
0.75320, 0.76060, 0.74390, 0.74680
0.74630, 0.75400, 0.73500, 0.75300
0.75240, 0.75390, 0.73360, 0.73510
0.73620, 0.74180, 0.72910, 0.73980
0.73940, 0.75220, 0.73770, 0.74650
0.74840, 0.75760, 0.73930, 0.74870
0.74700, 0.75550, 0.74590, 0.75500
0.75500, 0.75760, 0.74140, 0.74900
0.75020, 0.76170, 0.74760, 0.75140
0.75350, 0.76370, 0.75030, 0.75780
0.75820, 0.76760, 0.75380, 0.76350
0.76360, 0.76580, 0.75870, 0.76360
0.76480, 0.77390, 0.76240, 0.76560
0.76830, 0.78210, 0.76340, 0.78040
0.78000, 0.79920, 0.77300, 0.79400
0.79340, 0.79370, 0.77830, 0.78190
0.78500, 0.79470, 0.77680, 0.79050
0.79210, 0.79460, 0.76310, 0.76520
0.76430, 0.76960, 0.75290, 0.76850
0.76570, 0.76950, 0.75240, 0.75510
0.75350, 0.76260, 0.73910, 0.74670
0.74430, 0.76050, 0.74340, 0.75440
0.75270, 0.77830, 0.75140, 0.77770
0.77160, 0.77300, 0.74900, 0.75410
0.75260, 0.76490, 0.74610, 0.75850
0.75820, 0.77310, 0.75010, 0.75360
0.75240, 0.77530, 0.75130, 0.77430
0.77070, 0.77660, 0.75800, 0.75950
0.75930, 0.77360, 0.74950, 0.75020
0.74760, 0.75460, 0.73990, 0.75090
0.75110, 0.75470, 0.73220, 0.73420
0.73380, 0.73850, 0.71340, 0.71810
0.71700, 0.72540, 0.70970, 0.72210
0.72170, 0.72520, 0.70490, 0.71850
0.71950, 0.74150, 0.71540, 0.73800
0.73800, 0.74260, 0.73170, 0.73900
0.73970, 0.74950, 0.73880, 0.74760
0.74760, 0.76870, 0.74440, 0.76640
0.76610, 0.76700, 0.75170, 0.76460
0.76270, 0.77000, 0.75820, 0.76480
0.76470, 0.77010, 0.75250, 0.76370
0.76350, 0.77000, 0.75570, 0.76170
0.75980, 0.77650, 0.75660, 0.77500
0.77250, 0.80030, 0.76950, 0.79900
0.79810, 0.80490, 0.79220, 0.79670
0.79710, 0.80910, 0.79560, 0.80440
0.80120, 0.80440, 0.78440, 0.79560
0.79470, 0.80530, 0.78800, 0.80330
0.79680, 0.80500, 0.79150, 0.79230
0.79400, 0.80610, 0.79280, 0.80520
0.80260, 0.81320, 0.78700, 0.80570
0.80670, 0.82350, 0.80500, 0.81910
0.81930, 0.84160, 0.81530, 0.83970
0.83940, 0.84170, 0.81120, 0.82790
0.82680, 0.82790, 0.79500, 0.82130
0.82170, 0.82900, 0.80760, 0.80840
0.80980, 0.82830, 0.80660, 0.82460
0.82380, 0.83700, 0.82250, 0.83520
0.83250, 0.83370, 0.81240, 0.81900
0.81870, 0.82130, 0.80720, 0.81030
0.80830, 0.81970, 0.79570, 0.79710
0.79810, 0.81020, 0.79200, 0.79930
0.79800, 0.80490, 0.79040, 0.79920
0.79740, 0.81500, 0.79500, 0.81280
0.81050, 0.81270, 0.80270, 0.80790
0.80880, 0.81830, 0.79620, 0.81370
0.81280, 0.81670, 0.79520, 0.80790
0.81000, 0.81220, 0.78680, 0.79260
0.79920, 0.79960, 0.77540, 0.77700
0.77580, 0.77960, 0.77170, 0.77390
0.78300, 0.79740, 0.77810, 0.79180
0.79400, 0.79460, 0.78330, 0.78820
0.78910, 0.79240, 0.77560, 0.79000
0.79200, 0.79500, 0.78290, 0.78990
0.78910, 0.79480, 0.78370, 0.79310
0.79270, 0.80280, 0.78900, 0.80220
0.80070, 0.81300, 0.80060, 0.81240
0.81140, 0.81930, 0.80680, 0.81660
0.81820, 0.82620, 0.81430, 0.82580
0.82380, 0.83490, 0.81920, 0.82880
0.82940, 0.83560, 0.82600, 0.82700
0.82960, 0.83720, 0.82670, 0.82910
0.83270, 0.83710, 0.82670, 0.83500
0.83500, 0.84030, 0.81890, 0.81960
0.82160, 0.82380, 0.81000, 0.81340
0.81090, 0.81870, 0.80010, 0.81720
0.81700, 0.82010, 0.80090, 0.81600
0.81570, 0.82040, 0.81220, 0.81670
0.81960, 0.82080, 0.80690, 0.81620
0.81560, 0.82750, 0.81290, 0.82220
0.82380, 0.82380, 0.80650, 0.81150
0.81020, 0.81310, 0.79820, 0.80560
0.80600, 0.81030, 0.78690, 0.79220
0.78860, 0.79370, 0.78060, 0.78290
0.78250, 0.78290, 0.76840, 0.77290
0.77360, 0.78060, 0.76350, 0.77520
0.77890, 0.78650, 0.77320, 0.78460
0.78200, 0.79430, 0.78150, 0.78980
0.79370, 0.80840, 0.79130, 0.80410
0.80700, 0.81700, 0.80630, 0.80930
0.81050, 0.81950, 0.80690, 0.81420
0.81340, 0.81880, 0.81080, 0.81280
0.81360, 0.81430, 0.80320, 0.80690
0.80770, 0.81150, 0.80060, 0.80900
0.80830, 0.81340, 0.79840, 0.81210
0.81310, 0.82070, 0.80900, 0.81960
0.81950, 0.82170, 0.80310, 0.80580
0.80450, 0.80560, 0.79630, 0.79790
0.79810, 0.81020, 0.79650, 0.80420
0.80450, 0.80580, 0.78970, 0.79140
0.78980, 0.79520, 0.78090, 0.79470
0.79220, 0.80720, 0.78920, 0.80430
0.80420, 0.81260, 0.80260, 0.80890
0.80940, 0.81810, 0.80280, 0.81610
0.81510, 0.81860, 0.79850, 0.80020
0.79780, 0.80310, 0.79750, 0.79950
0.80000, 0.81140, 0.79650, 0.81020
0.81030, 0.82180, 0.80400, 0.81990
0.82000, 0.82690, 0.81800, 0.82150
0.82060, 0.82410, 0.81260, 0.81470
0.81490, 0.82150, 0.80850, 0.81330
0.81360, 0.81830, 0.80920, 0.81730
0.81670, 0.81960, 0.81210, 0.81430
0.81490, 0.82700, 0.81120, 0.82260
0.82170, 0.83550, 0.82050, 0.83390
0.83430, 0.83520, 0.81510, 0.81670
0.81860, 0.81970, 0.81000, 0.81720
0.81680, 0.82720, 0.81210, 0.81940
0.81910, 0.83390, 0.81830, 0.82300
0.82550, 0.83090, 0.81880, 0.82940
0.82950, 0.84670, 0.82670, 0.84160
0.84070, 0.84640, 0.83050, 0.84120
0.84490, 0.84540, 0.82850, 0.83620
0.83720, 0.85430, 0.83590, 0.84990
0.85020, 0.85900, 0.84690, 0.85560
0.85470, 0.86160, 0.84280, 0.84690
0.84550, 0.86060, 0.84060, 0.84500
0.84340, 0.85010, 0.83710, 0.84320
0.84170, 0.85540, 0.83890, 0.85460
0.85310, 0.85520, 0.84780, 0.85140
0.85030, 0.85960, 0.84850, 0.85780
0.85600, 0.87810, 0.85420, 0.86990
0.86880, 0.87060, 0.85830, 0.86370
0.86140, 0.87450, 0.85890, 0.86160
0.86200, 0.86890, 0.85230, 0.85960
0.85960, 0.86180, 0.83580, 0.83690
0.83810, 0.84170, 0.82570, 0.82880
0.83180, 0.84300, 0.82960, 0.83350
0.83470, 0.84650, 0.82150, 0.82360
0.82600, 0.83520, 0.80260, 0.80330
0.79910, 0.82570, 0.79440, 0.81790
0.81840, 0.82230, 0.79860, 0.80880
0.81090, 0.82260, 0.80610, 0.81250
0.81160, 0.82650, 0.81160, 0.81540
0.81440, 0.83010, 0.80310, 0.80660
0.80830, 0.82850, 0.80590, 0.81570
0.81820, 0.83240, 0.81540, 0.83000
0.83000, 0.83130, 0.81010, 0.81200
0.80520, 0.83410, 0.80420, 0.82610
0.82670, 0.84090, 0.82030, 0.83730
0.83760, 0.84270, 0.81680, 0.81890
0.82040, 0.82800, 0.81140, 0.81350
0.81720, 0.83430, 0.81480, 0.83220
0.83320, 0.84400, 0.82830, 0.84160
0.84810, 0.86360, 0.84140, 0.86160
0.86060, 0.86360, 0.84680, 0.85320
0.85350, 0.86210, 0.84740, 0.85620
0.85610, 0.86800, 0.85300, 0.86090
0.86120, 0.87740, 0.86090, 0.87510
0.87330, 0.87770, 0.86280, 0.86510
0.86520, 0.87010, 0.85680, 0.86100
0.85970, 0.87820, 0.85810, 0.86380
0.86550, 0.87260, 0.85700, 0.86710
0.87170, 0.87760, 0.85560, 0.86110
0.86070, 0.87000, 0.85630, 0.86260
0.86630, 0.88360, 0.86550, 0.88070
0.88200, 0.88590, 0.87010, 0.87460
0.87540, 0.88300, 0.86970, 0.87160
0.87330, 0.87570, 0.86550, 0.87260
0.87340, 0.88270, 0.86600, 0.87940
0.87940, 0.90590, 0.87580, 0.90450
0.90440, 0.92060, 0.90330, 0.90490
0.90460, 0.92800, 0.89910, 0.91140
0.91020, 0.92540, 0.89730, 0.89970
0.90020, 0.91740, 0.89350, 0.91500
0.91420, 0.92180, 0.90990, 0.91940
0.91870, 0.92730, 0.90590, 0.92020
0.92030, 0.93800, 0.91820, 0.92740
0.92570, 0.93940, 0.92170, 0.93840
0.93910, 0.95180, 0.93730, 0.94730
0.94680, 0.96520, 0.94350, 0.95740
0.95860, 0.96240, 0.95250, 0.95720
0.95800, 0.96210, 0.93760, 0.94390
0.94210, 0.95430, 0.94100, 0.95340
0.95300, 0.95410, 0.94150, 0.94580
0.94470, 0.95220, 0.94170, 0.94600
0.94640, 0.95160, 0.93520, 0.95060
0.95180, 0.95870, 0.93250, 0.93850
0.93970, 0.94560, 0.93650, 0.93670
0.93760, 0.93970, 0.92780, 0.92890
0.92820, 0.93010, 0.91650, 0.92140
0.92010, 0.93490, 0.91770, 0.92870
0.92840, 0.94390, 0.92450, 0.94070
0.94040, 0.94740, 0.93350, 0.93520
0.93600, 0.94000, 0.93040, 0.93580
0.93620, 0.93650, 0.92820, 0.93040
0.93110, 0.94610, 0.92860, 0.94580
0.94590, 0.94750, 0.92890, 0.93210
0.93370, 0.93540, 0.91840, 0.92490
0.92460, 0.92960, 0.91910, 0.92900
0.92810, 0.93210, 0.92230, 0.92820
0.92890, 0.92960, 0.91930, 0.92470
0.92350, 0.92460, 0.91640, 0.91950
0.91990, 0.92030, 0.90620, 0.90870
0.90760, 0.91180, 0.90000, 0.90590
0.90370, 0.90940, 0.89510, 0.90300
0.90290, 0.90510, 0.88780, 0.89010
0.89290, 0.89720, 0.87560, 0.87700
0.87690, 0.88270, 0.86110, 0.87340
0.87350, 0.88340, 0.86830, 0.87450
0.87480, 0.90030, 0.87220, 0.89280
0.89410, 0.90470, 0.87600, 0.88240
0.88210, 0.89120, 0.86940, 0.87760
0.87660, 0.89370, 0.87100, 0.87780
0.88010, 0.89770, 0.87830, 0.89250
0.89690, 0.90080, 0.88440, 0.88530
0.88530, 0.89870, 0.87560, 0.89500
0.89330, 0.89730, 0.87750, 0.88150
0.88060, 0.90430, 0.87250, 0.90000
0.90090, 0.91480, 0.89300, 0.89820
0.89820, 0.90240, 0.89320, 0.90220
0.90040, 0.91140, 0.89920, 0.90730
0.90480, 0.93050, 0.89940, 0.92860
0.93070, 0.94020, 0.92030, 0.93300
0.93190, 0.94460, 0.92230, 0.92580
0.92510, 0.93210, 0.91040, 0.92300
0.92090, 0.92970, 0.90260, 0.92090
0.92140, 0.93580, 0.91860, 0.92750
0.93060, 0.94600, 0.92940, 0.94300
0.94290, 0.94890, 0.93330, 0.94530
0.94460, 0.95150, 0.92760, 0.92880
0.92960, 0.94110, 0.91720, 0.93750
0.93690, 0.95290, 0.93110, 0.94950
0.95170, 0.96160, 0.94300, 0.95390
0.95190, 0.95550, 0.93670, 0.94830
0.94830, 0.95530, 0.93570, 0.94610
0.94620, 0.94830, 0.92880, 0.93960
0.94060, 0.94540, 0.91580, 0.92540
0.92490, 0.93060, 0.91090, 0.91660
0.91480, 0.91690, 0.89800, 0.90460
0.90150, 0.90360, 0.88060, 0.89740
0.89430, 0.90390, 0.88930, 0.89680
0.89800, 0.90580, 0.88150, 0.88450
0.88090, 0.89380, 0.87510, 0.87590
0.87560, 0.88720, 0.85640, 0.85990
0.86020, 0.86440, 0.84120, 0.84760
0.84560, 0.85650, 0.84030, 0.84190
0.84280, 0.85140, 0.83530, 0.84020
0.83980, 0.85990, 0.83790, 0.85030
0.85110, 0.85770, 0.84020, 0.84570
0.84570, 0.86920, 0.84490, 0.85760
0.85610, 0.87100, 0.85130, 0.86270
0.86420, 0.87060, 0.85570, 0.86950
0.86760, 0.87040, 0.85030, 0.85560
0.85580, 0.88270, 0.85510, 0.88110
0.87830, 0.88090, 0.83030, 0.85260
0.85380, 0.85550, 0.83070, 0.83370
0.83540, 0.84890, 0.82870, 0.83730
0.83620, 0.84660, 0.83250, 0.84630
0.84560, 0.85090, 0.83040, 0.85040
0.84830, 0.85800, 0.84270, 0.84760
0.84850, 0.87060, 0.84740, 0.86580
0.86520, 0.88770, 0.86140, 0.87900
0.87710, 0.89620, 0.87100, 0.88900
0.88820, 0.90050, 0.87310, 0.88530
0.88080, 0.88650, 0.86170, 0.86750
0.86710, 0.87210, 0.86280, 0.87070
0.87020, 0.87740, 0.85800, 0.87580
0.87450, 0.87710, 0.86790, 0.87320
0.87300, 0.90400, 0.87080, 0.90100
0.90110, 0.92410, 0.89380, 0.92350
0.92130, 0.94000, 0.91910, 0.93860
0.93750, 0.95230, 0.93690, 0.94530
0.94490, 0.95690, 0.94370, 0.95160
0.94330, 0.94710, 0.92390, 0.92690
0.92870, 0.94010, 0.92260, 0.93930
0.93590, 0.94520, 0.91470, 0.91600
0.91800, 0.92320, 0.90410, 0.90540
0.90630, 0.92720, 0.90240, 0.92160
0.91980, 0.93780, 0.91260, 0.91720
0.91640, 0.92300, 0.90380, 0.91260
0.91540, 0.92220, 0.89510, 0.89550
0.88990, 0.91120, 0.88480, 0.90760
0.90450, 0.90900, 0.87740, 0.89110
0.89020, 0.89290, 0.87840, 0.88320
0.88350, 0.89070, 0.87490, 0.88670
0.88620, 0.90540, 0.88500, 0.89800
0.89710, 0.89930, 0.88330, 0.88400
0.88390, 0.89160, 0.87800, 0.88670
0.89060, 0.89880, 0.86710, 0.86750
0.86650, 0.87700, 0.86070, 0.87580
0.87570, 0.88690, 0.87300, 0.88240
0.88390, 0.88500, 0.87100, 0.87530
0.87520, 0.88870, 0.87350, 0.88680
0.88640, 0.89250, 0.86890, 0.87160
0.87110, 0.90030, 0.87110, 0.89940
0.89960, 0.90910, 0.88410, 0.90100
0.90210, 0.91670, 0.89590, 0.90920
0.90860, 0.92970, 0.90570, 0.92670
0.92250, 0.92850, 0.91320, 0.92550
0.92500, 0.95450, 0.92140, 0.95190
0.95140, 0.95480, 0.91830, 0.92260
0.92500, 0.92570, 0.90790, 0.91880
0.91810, 0.94270, 0.91400, 0.93970
0.93880, 0.94910, 0.93300, 0.93990
0.94010, 0.95770, 0.93110, 0.93200
0.93080, 0.94330, 0.92730, 0.93530
0.93390, 0.94760, 0.93110, 0.94070
0.93890, 0.95830, 0.93830, 0.94680
0.94630, 0.96450, 0.94310, 0.95500
0.95470, 0.96550, 0.95230, 0.95990
0.95950, 0.97300, 0.94560, 0.95350
0.95330, 0.96810, 0.94860, 0.95520
0.95520, 0.95931, 0.94121, 0.95238
0.95030, 0.95154, 0.92976, 0.93017
0.93092, 0.95512, 0.93012, 0.95450
0.95372, 0.96040, 0.94639, 0.95887
0.95962, 0.98338, 0.95603, 0.98134
0.97851, 0.99238, 0.96208, 0.96265
0.96355, 0.96644, 0.94545, 0.94559
0.94352, 0.95293, 0.94228, 0.95135
0.95013, 0.96318, 0.93955, 0.94794
0.94634, 0.95440, 0.93819, 0.93819
0.93663, 0.95027, 0.92707, 0.92788
0.92837, 0.93408, 0.92260, 0.93071
0.92932, 0.94150, 0.92873, 0.93046
0.93118, 0.93493, 0.92012, 0.92033
0.92170, 0.93884, 0.92095, 0.93454
0.93301, 0.96024, 0.93024, 0.95349
0.95433, 0.96271, 0.94605, 0.95501
0.95512, 0.95699, 0.94479, 0.95191
0.95100, 0.96525, 0.93862, 0.94163
0.94204, 0.94594, 0.93460, 0.94021
0.94161, 0.94918, 0.93719, 0.94188
0.94242, 0.96091, 0.93954, 0.94215
0.93936, 0.94215, 0.92969, 0.93182
0.93287, 0.93805, 0.92718, 0.93586
0.93619, 0.94415, 0.93504, 0.93978
0.93883, 0.94478, 0.92776, 0.93225
0.93176, 0.93958, 0.92814, 0.92931
0.92840, 0.93390, 0.91707, 0.93257
0.93109, 0.94982, 0.93067, 0.94811
0.94811, 0.95066, 0.93172, 0.93665
0.93675, 0.95510, 0.93611, 0.94407
0.94246, 0.95250, 0.93222, 0.93971
0.93916, 0.94676, 0.93350, 0.93499
0.93550, 0.95259, 0.93402, 0.94904
0.94734, 0.96609, 0.94698, 0.96300
0.96126, 0.97575, 0.95877, 0.97058
0.96933, 0.97078, 0.95287, 0.95740
0.95776, 0.96939, 0.95445, 0.96605
0.96507, 0.97163, 0.94670, 0.95041
0.95001, 0.95280, 0.93489, 0.93698
0.93662, 0.94060, 0.92085, 0.92860
0.92791, 0.93758, 0.92180, 0.93417
0.93309, 0.94156, 0.92607, 0.93381
0.93288, 0.94021, 0.93026, 0.93721
0.93536, 0.93719, 0.92229, 0.92745
0.92536, 0.93036, 0.91896, 0.91973
0.91858, 0.92340, 0.90051, 0.90310
0.90258, 0.91124, 0.88593, 0.88656
0.88751, 0.89799, 0.87471, 0.88184
0.88203, 0.89198, 0.87403, 0.88808
0.88680, 0.90834, 0.88590, 0.90470
0.89986, 0.90502, 0.88793, 0.89790
0.90017, 0.90179, 0.88691, 0.88788
0.88470, 0.90070, 0.88059, 0.89368
0.89455, 0.90237, 0.87120, 0.87824
0.87695, 0.88566, 0.86873, 0.87978
0.87981, 0.89280, 0.87660, 0.88081
0.88151, 0.88723, 0.87747, 0.87876
0.87761, 0.88202, 0.86411, 0.86931
0.86806, 0.87709, 0.86800, 0.87301
0.87361, 0.88875, 0.87167, 0.87344
0.87068, 0.88222, 0.86804, 0.87803
0.87836, 0.90150, 0.87799, 0.89875
0.89981, 0.90352, 0.89008, 0.89293
0.89368, 0.89500, 0.88822, 0.89224
0.89187, 0.89586, 0.88584, 0.88876
0.88822, 0.91128, 0.88781, 0.90399
0.90135, 0.91224, 0.89941, 0.90884
0.90801, 0.91733, 0.90219, 0.90553
0.90355, 0.91083, 0.90061, 0.90669
0.90556, 0.91872, 0.90180, 0.91174
0.91103, 0.92860, 0.90967, 0.92767
0.92569, 0.93477, 0.91892, 0.91990
0.92089, 0.93445, 0.92036, 0.93258
0.93177, 0.94450, 0.92942, 0.93250
0.93423, 0.95172, 0.93405, 0.94488
0.94462, 0.94788, 0.92875, 0.93260
0.93148, 0.94163, 0.92782, 0.93302
0.93236, 0.93711, 0.92384, 0.92942
0.92767, 0.93365, 0.92439, 0.92732
0.92565, 0.92830, 0.91244, 0.91968
0.91837, 0.92104, 0.90594, 0.90861
0.90870, 0.90973, 0.89815, 0.90127
0.90165, 0.90822, 0.88492, 0.89059
0.88923, 0.89185, 0.87856, 0.89125
0.89038, 0.89887, 0.88517, 0.89727
0.89601, 0.91075, 0.89601, 0.90527
0.90324, 0.91601, 0.90324, 0.90852
0.91215, 0.91757, 0.90981, 0.91637
0.91342, 0.92273, 0.90924, 0.91617
0.91689, 0.91896, 0.88915, 0.88976
0.89229, 0.89777, 0.88310, 0.89547
0.89434, 0.89922, 0.88752, 0.88992
0.88897, 0.89765, 0.88762, 0.89447
0.89131, 0.89645, 0.88314, 0.88702
0.88621, 0.89237, 0.87408, 0.87622
0.87598, 0.88260, 0.85917, 0.86347
0.86402, 0.86900, 0.85610, 0.86645
0.86645, 0.87616, 0.86404, 0.87119
0.86887, 0.87192, 0.85880, 0.86328
0.86443, 0.87197, 0.85952, 0.85981
0.85915, 0.86256, 0.84944, 0.85292
0.85275, 0.86453, 0.85275, 0.86215
0.86132, 0.86931, 0.85353, 0.85371
0.84967, 0.85326, 0.83254, 0.83307
0.83320, 0.85141, 0.83212, 0.84694
0.84595, 0.86584, 0.84558, 0.86315
0.86472, 0.86592, 0.84678, 0.85462
0.85410, 0.87475, 0.85380, 0.87047
0.86800, 0.89252, 0.86780, 0.88960
0.88790, 0.90607, 0.88570, 0.90415
0.90225, 0.91001, 0.89285, 0.89676
0.89325, 0.91490, 0.89311, 0.91419
0.91518, 0.92561, 0.91081, 0.91363
0.91535, 0.92505, 0.90760, 0.90905
0.90917, 0.92503, 0.90758, 0.91187
0.91392, 0.91656, 0.91056, 0.91430
0.91467, 0.91725, 0.89642, 0.90067
0.90148, 0.90680, 0.89154, 0.90595
0.90455, 0.90835, 0.89351, 0.89420
0.89479, 0.90758, 0.89077, 0.90387
0.90217, 0.91193, 0.90117, 0.90265
0.90258, 0.90666, 0.89296, 0.89500
0.89408, 0.91188, 0.88987, 0.90899
0.90809, 0.91183, 0.89473, 0.89875
0.90091, 0.91097, 0.89427, 0.90387
0.90610, 0.91421, 0.90304, 0.91275
0.91106, 0.91972, 0.90736, 0.91289
0.91283, 0.92416, 0.90988, 0.92292
0.92409, 0.92811, 0.90803, 0.90852
0.90988, 0.91315, 0.89883, 0.90052
0.90034, 0.90345, 0.89598, 0.90087
0.90076, 0.90552, 0.89075, 0.89497
0.89393, 0.89904, 0.88758, 0.89592
0.89597, 0.89889, 0.88794, 0.89157
0.89134, 0.89388, 0.87898, 0.88497
0.88443, 0.88775, 0.87587, 0.87722
0.87697, 0.88246, 0.86893, 0.88042
0.88010, 0.88541, 0.87679, 0.88317
0.88193, 0.89198, 0.88193, 0.88377
0.88210, 0.88368, 0.86891, 0.87037
0.87015, 0.87514, 0.86457, 0.87123
0.87067, 0.88007, 0.86948, 0.87917
0.87915, 0.88018, 0.86557, 0.86622
0.86603, 0.87328, 0.86282, 0.87217
0.87057, 0.88690, 0.87057, 0.88277
0.88271, 0.88897, 0.87327, 0.87337
0.87289, 0.87427, 0.86234, 0.86272
0.86165, 0.87041, 0.84885, 0.85357
0.85332, 0.86002, 0.85140, 0.85257
0.85280, 0.85664, 0.84582, 0.84924
0.84828, 0.85035, 0.83467, 0.83937
0.83904, 0.84913, 0.83656, 0.84601
0.84479, 0.85022, 0.84238, 0.84692
0.84286, 0.84706, 0.82975, 0.83039
0.83060, 0.84135, 0.83027, 0.83325
0.83246, 0.84378, 0.82368, 0.84062
0.83977, 0.84289, 0.83512, 0.83643
0.83580, 0.83864, 0.82461, 0.83797
0.83805, 0.84192, 0.82900, 0.82918
0.82941, 0.84977, 0.82726, 0.84457
0.84482, 0.84914, 0.83490, 0.83685
0.83737, 0.85052, 0.83634, 0.84637
0.84617, 0.85685, 0.84287, 0.85149
0.85251, 0.85565, 0.85065, 0.85162
0.85337, 0.87178, 0.85333, 0.87005
0.86828, 0.87351, 0.86326, 0.86773
0.86891, 0.87078, 0.86144, 0.86797
0.86690, 0.87823, 0.86690, 0.87637
0.87490, 0.87997, 0.86296, 0.86613
0.86420, 0.86786, 0.86005, 0.86565
0.86582, 0.86897, 0.86072, 0.86373
0.86290, 0.86998, 0.86079, 0.86837
0.86543, 0.86758, 0.85409, 0.85541
0.85595, 0.86328, 0.85096, 0.85152
0.85132, 0.86073, 0.84888, 0.85232
0.85349, 0.85429, 0.83521, 0.83968
0.83681, 0.84623, 0.83145, 0.83648
0.83364, 0.85527, 0.83025, 0.85276
0.85839, 0.87375, 0.82528, 0.83695
0.83916, 0.85686, 0.80178, 0.81739
0.81495, 0.84902, 0.80856, 0.84560
0.84603, 0.85563, 0.82665, 0.83201
0.83487, 0.85173, 0.83188, 0.84694
0.84597, 0.85034, 0.83752, 0.84505
0.84587, 0.85554, 0.83888, 0.84805
0.84642, 0.85758, 0.84265, 0.85362
0.85230, 0.85692, 0.84604, 0.85470
0.85492, 0.85712, 0.83440, 0.83729
0.83665, 0.85752, 0.83573, 0.85336
0.85206, 0.85957, 0.84865, 0.85422
0.85286, 0.87801, 0.84818, 0.87316
0.87069, 0.87926, 0.87069, 0.87607
0.87574, 0.87961, 0.87088, 0.87140
0.86893, 0.88194, 0.86876, 0.87890
0.87675, 0.88758, 0.87434, 0.88435
0.88409, 0.89481, 0.88342, 0.89328
0.89264, 0.89385, 0.88427, 0.89022
0.88881, 0.89786, 0.88624, 0.89092
0.88986, 0.90100, 0.88585, 0.88893
0.88791, 0.89137, 0.87966, 0.88318
0.88339, 0.88434, 0.86294, 0.86785
0.86602, 0.87452, 0.85754, 0.86280
0.86075, 0.88348, 0.85880, 0.88240
0.88059, 0.88670, 0.87508, 0.87743
0.87439, 0.88170, 0.87372, 0.87869
0.87732, 0.89386, 0.87732, 0.89204
0.89252, 0.89314, 0.87219, 0.87612
0.87542, 0.88464, 0.87534, 0.88285
0.88292, 0.88362, 0.86659, 0.87461
0.87315, 0.87795, 0.86984, 0.87124
0.87085, 0.87931, 0.86258, 0.87783
0.87798, 0.88707, 0.87748, 0.88102
0.87909, 0.88823, 0.87536, 0.88431
0.88492, 0.90295, 0.88278, 0.89879
0.89824, 0.90919, 0.89797, 0.90703
0.90572, 0.91375, 0.90390, 0.91280
0.91280, 0.91622, 0.89860, 0.89986
0.89925, 0.90653, 0.89838, 0.90414
0.90490, 0.91278, 0.89921, 0.91126
0.90984, 0.91351, 0.90535, 0.91169
0.91396, 0.92223, 0.91076, 0.91701
0.91452, 0.92562, 0.91305, 0.91809
0.91775, 0.92005, 0.90742, 0.90792
0.90836, 0.91457, 0.90377, 0.91386
0.91204, 0.92164, 0.91155, 0.91710
0.91608, 0.92359, 0.91347, 0.91884
0.91675, 0.92314, 0.91439, 0.91584
0.91345, 0.92157, 0.91040, 0.92025
0.91989, 0.93283, 0.91876, 0.92034
0.92088, 0.92551, 0.90398, 0.90635
0.90614, 0.91110, 0.89395, 0.89487
0.89534, 0.90137, 0.89240, 0.89598
0.89380, 0.89948, 0.87376, 0.87964
0.87856, 0.88489, 0.87475, 0.88332
0.88284, 0.88875, 0.87993, 0.88140
0.88109, 0.90034, 0.88024, 0.89343
0.89141, 0.90811, 0.89133, 0.89774
0.89696, 0.89985, 0.87875, 0.87993
0.88034, 0.88622, 0.87739, 0.88304
0.88284, 0.88430, 0.86639, 0.87795
0.87620, 0.87775, 0.86335, 0.86423
0.86576, 0.88512, 0.86360, 0.87463
0.87518, 0.87955, 0.86284, 0.87065
0.86951, 0.87474, 0.86414, 0.86544
0.86662, 0.87147, 0.85980, 0.86391
0.86443, 0.87210, 0.86219, 0.86855
0.86878, 0.87082, 0.86278, 0.86647
0.86519, 0.87793, 0.86421, 0.87071
0.87037, 0.88480, 0.86659, 0.88334
0.88237, 0.89112, 0.87324, 0.87663
0.87525, 0.87866, 0.86679, 0.86929
0.86895, 0.88878, 0.86824, 0.88013
0.87885, 0.88220, 0.87540, 0.88070
0.88078, 0.88406, 0.86783, 0.87654
0.87402, 0.88524, 0.86826, 0.88423
0.88283, 0.89731, 0.88054, 0.89574
0.89567, 0.90405, 0.89202, 0.90218
0.90200, 0.90312, 0.89427, 0.89813
0.89680, 0.90340, 0.88629, 0.88739
0.88564, 0.88788, 0.87253, 0.87683
0.87673, 0.87925, 0.86361, 0.86413
0.86271, 0.87627, 0.86176, 0.87448
0.87380, 0.88808, 0.87330, 0.88408
0.88326, 0.89082, 0.88167, 0.88712
0.88633, 0.89063, 0.88010, 0.88660
0.88531, 0.89382, 0.87873, 0.88291
0.88256, 0.89712, 0.87686, 0.88335
0.88497, 0.88643, 0.86553, 0.87067
0.87032, 0.87545, 0.86321, 0.86604
0.86604, 0.86683, 0.85465, 0.86441
0.86501, 0.87278, 0.86268, 0.86756
0.86824, 0.87687, 0.86644, 0.87222
0.87384, 0.87622, 0.86382, 0.86600
0.86282, 0.86870, 0.85522, 0.85602
0.85631, 0.85928, 0.84911, 0.85426
0.85258, 0.85423, 0.84032, 0.84421
0.84411, 0.84670, 0.83367, 0.83415
0.83553, 0.84648, 0.83240, 0.84399
0.84187, 0.85133, 0.83848, 0.84599
0.84460, 0.85414, 0.84051, 0.85332
0.85267, 0.86409, 0.85175, 0.85595
0.85263, 0.87482, 0.85145, 0.87301
0.87191, 0.88070, 0.86524, 0.86684
0.86621, 0.87202, 0.86085, 0.86979
0.86911, 0.87785, 0.86463, 0.86799
0.86712, 0.87208, 0.86013, 0.86551
0.86568, 0.87281, 0.85961, 0.86009
0.85984, 0.87079, 0.85190, 0.85311
0.85418, 0.85428, 0.84123, 0.84274
0.84254, 0.84727, 0.82769, 0.82975
0.82816, 0.83605, 0.82182, 0.82631
0.82580, 0.82629, 0.80843, 0.81109
0.81023, 0.82318, 0.80711, 0.82146
0.82145, 0.83513, 0.82082, 0.83120
0.83022, 0.83280, 0.81812, 0.81903
0.81912, 0.82074, 0.80769, 0.81203
0.81062, 0.82531, 0.80270, 0.82211
0.82109, 0.82664, 0.81037, 0.81332
0.81291, 0.81507, 0.79586, 0.79887
0.79695, 0.80577, 0.79433, 0.80029
0.79921, 0.80486, 0.79005, 0.80142
0.80020, 0.80888, 0.79650, 0.80707
0.80739, 0.80929, 0.79787, 0.80463
0.80376, 0.81426, 0.80073, 0.80676
0.80732, 0.82512, 0.80533, 0.82340
0.82249, 0.82458, 0.80083, 0.80169
0.80221, 0.80838, 0.79888, 0.79930
0.79801, 0.80540, 0.79611, 0.80176
0.79799, 0.80274, 0.79057, 0.79409
0.79323, 0.79960, 0.78706, 0.79412
0.79393, 0.79522, 0.77956, 0.77978
0.78097, 0.78581, 0.76681, 0.77332
0.77314, 0.78850, 0.76879, 0.76931
0.76937, 0.77914, 0.76229, 0.77160
0.77131, 0.78727, 0.76922, 0.78508
0.78587, 0.79488, 0.77650, 0.78996
0.78940, 0.80471, 0.78834, 0.79861
0.79375, 0.81174, 0.79166, 0.81029
0.80626, 0.82767, 0.80569, 0.82284
0.82227, 0.83793, 0.81825, 0.83608
0.83263, 0.86307, 0.83046, 0.86277
0.85937, 0.87562, 0.85395, 0.87456
0.87259, 0.88161, 0.86320, 0.87326
0.87134, 0.87340, 0.85074, 0.85357
0.85502, 0.86235, 0.84588, 0.86004
0.85762, 0.86235, 0.84293, 0.85278
0.85019, 0.85797, 0.84852, 0.85470
0.85351, 0.87334, 0.85265, 0.86541
0.86547, 0.87206, 0.86153, 0.86389
0.86312, 0.86799, 0.84683, 0.84722
0.84630, 0.85458, 0.84080, 0.84165
0.84213, 0.84905, 0.83694, 0.84070
0.84009, 0.84588, 0.83742, 0.83808
0.83888, 0.85278, 0.83355, 0.84556
0.84459, 0.85153, 0.83787, 0.84792
0.84725, 0.86131, 0.84527, 0.86039
0.85959, 0.86126, 0.84476, 0.85168
0.85089, 0.85270, 0.84183, 0.84519
0.84390, 0.85598, 0.83960, 0.84387
0.84383, 0.84502, 0.82859, 0.82867
0.82853, 0.83622, 0.82602, 0.83064
0.83032, 0.84046, 0.83028, 0.83658
0.83540, 0.85378, 0.83429, 0.84153
0.84120, 0.85345, 0.83745, 0.83878
0.83759, 0.85083, 0.83661, 0.84668
0.84534, 0.85028, 0.82211, 0.82265
0.82197, 0.82522, 0.81282, 0.81313
0.81249, 0.81871, 0.80600, 0.81745
0.81463, 0.82941, 0.81463, 0.82281
0.82081, 0.82264, 0.80801, 0.80932
0.80908, 0.81565, 0.80271, 0.81260
0.81112, 0.82688, 0.81095, 0.82392
0.82334, 0.84269, 0.81722, 0.84164
0.83902, 0.84222, 0.81454, 0.81528
0.81481, 0.82584, 0.81020, 0.81533
0.81262, 0.82108, 0.80947, 0.81565
0.81363, 0.81809, 0.80311, 0.80406
0.80386, 0.80386, 0.80386, 0.80386