76.95800, 77.03800, 76.68600, 76.90500
76.80100, 76.99400, 76.21100, 76.40600
76.35200, 77.45700, 76.16100, 77.33800
77.36500, 78.05800, 77.11800, 77.99100
78.00500, 78.22300, 77.81900, 78.06400
78.09700, 78.15600, 77.61300, 77.76000
77.70800, 78.39500, 77.61600, 77.98500
77.96200, 79.14000, 77.90300, 78.93100
78.93100, 79.05500, 78.52000, 78.56400
78.59200, 79.18700, 78.49300, 79.15800
79.12800, 79.60900, 78.83700, 78.93400
78.97400, 79.11400, 78.65900, 78.84700
78.87000, 78.94300, 78.47500, 78.55200
78.53300, 78.78800, 78.35700, 78.49800
78.49400, 78.76400, 77.93300, 78.06300
78.01800, 78.09600, 77.45200, 77.58500
77.60300, 77.79300, 77.51100, 77.67800
77.66500, 77.81000, 77.24200, 77.44100
77.43000, 77.50500, 77.11500, 77.32200
77.28900, 77.43400, 77.14600, 77.18300
77.16000, 77.40000, 76.91300, 77.25800
77.22100, 77.33000, 76.84400, 76.87500
76.86900, 76.99700, 76.73800, 76.92300
76.91600, 77.18800, 76.78800, 76.81300
76.79800, 77.12700, 76.52700, 76.88300
76.85900, 76.95600, 76.25200, 76.52700
76.59200, 76.72800, 76.39100, 76.51800
76.46400, 76.58100, 75.90200, 76.04000
76.03900, 76.79000, 75.93200, 76.59600
76.57500, 76.57600, 75.80900, 76.15000
76.13300, 76.36900, 76.05900, 76.11200
76.05000, 76.23300, 75.75900, 75.77700
75.78100, 76.08200, 75.62800, 75.70200
75.69200, 76.25000, 75.59000, 76.12300
76.09700, 76.44100, 76.02700, 76.10800
76.13400, 76.74000, 76.12400, 76.61000
76.68800, 77.14000, 76.52300, 77.10900
77.11200, 77.49400, 76.80600, 76.88300
76.84600, 76.96600, 75.56400, 76.10500
76.07600, 76.32000, 75.36000, 75.69200
75.62000, 76.05700, 75.37800, 75.66700
75.95500, 76.26500, 75.75600, 75.95700
75.96400, 75.96700, 74.55700, 75.06800
75.01000, 76.28100, 74.60200, 76.09300
76.08300, 76.45200, 75.64700, 76.16400
76.14400, 76.58900, 76.09200, 76.51100
76.32400, 77.23100, 76.31600, 77.20100
77.20100, 77.38300, 76.83900, 77.12500
77.12400, 77.68000, 77.08900, 77.49200
77.49200, 77.64600, 76.91600, 77.10700
77.10700, 77.20400, 76.57400, 76.98200
76.67800, 77.51400, 76.66200, 77.27400
77.27400, 77.79700, 77.18800, 77.33000
77.33100, 77.87600, 77.26500, 77.50200
77.49300, 77.62500, 77.11500, 77.14400
77.14400, 77.19600, 76.64300, 76.80500
76.69100, 76.86700, 76.35500, 76.64000
76.64000, 76.72400, 75.48700, 75.97600
75.97400, 76.21800, 75.55600, 75.73900
75.73600, 75.87800, 75.41500, 75.52800
75.52800, 76.15600, 75.31800, 75.95900
75.92500, 76.07600, 75.39300, 75.68000
75.67700, 75.73400, 75.18400, 75.37600
75.37600, 75.49900, 74.71600, 74.88600
74.88600, 75.08200, 74.40000, 74.64100
74.64100, 75.14300, 74.41100, 74.99400
74.99600, 75.26700, 74.13000, 74.44800
74.44800, 74.81100, 74.07700, 74.65800
74.62800, 74.85600, 74.51400, 74.71300
74.71300, 75.18500, 74.54300, 75.12800
75.00200, 75.60400, 74.96600, 75.56400
75.41900, 75.83400, 75.39100, 75.77400
75.72300, 76.13000, 75.66000, 75.89400
75.77600, 75.84600, 75.41100, 75.64600
75.65800, 76.29100, 75.54600, 76.25400
76.25400, 76.44300, 75.73600, 76.00600
75.84400, 76.30300, 75.82500, 76.09300
76.08800, 76.85600, 75.86200, 76.55500
76.56700, 76.73100, 76.18400, 76.65600
76.65600, 76.75400, 75.69400, 75.81600
75.81200, 76.11000, 75.48400, 75.86100
75.63200, 75.90200, 75.48400, 75.52800
75.52800, 75.71000, 75.26500, 75.59400
75.56900, 75.91300, 75.40600, 75.84900
75.85200, 75.92500, 75.40000, 75.43600
75.43600, 75.47400, 75.17800, 75.39600
75.33400, 75.84900, 75.32800, 75.78700
75.78500, 76.29000, 75.55400, 76.25300
76.25300, 76.30100, 75.72000, 75.85500
75.87400, 75.90100, 75.17900, 75.24700
75.20600, 75.45900, 74.88900, 75.04500
74.99800, 75.18900, 74.91200, 74.99100
74.99200, 75.17300, 74.84700, 74.99700
74.99600, 75.24700, 74.70100, 74.84600
74.52600, 74.60300, 73.40000, 73.45000
73.47100, 73.56300, 72.72300, 72.90600
72.57000, 73.12500, 72.34800, 72.84200
72.84100, 73.37800, 72.69300, 73.05500
73.03400, 73.14200, 72.36700, 72.68100
72.65900, 73.29400, 72.44000, 73.02400
73.02800, 73.37300, 72.77500, 73.31100
73.29800, 73.42600, 73.02700, 73.12000
72.99800, 73.97000, 72.94700, 73.82300
73.74900, 74.08900, 73.70900, 74.01700
73.95600, 74.13500, 73.78300, 73.85100
73.83200, 74.45800, 73.72100, 74.39100
74.24600, 74.58600, 74.12000, 74.40100
74.39100, 74.70900, 74.25100, 74.59200
74.55400, 74.98400, 74.39600, 74.95300
74.95300, 75.04500, 73.67000, 73.92400
73.90200, 73.97300, 73.32000, 73.54400
73.43300, 73.58000, 73.15500, 73.32300
73.28100, 73.48900, 72.83700, 73.04500
73.04500, 73.57200, 72.87800, 73.48400
73.48400, 73.66800, 72.84200, 72.93600
72.93500, 73.01100, 72.39800, 72.53300
72.48900, 72.76100, 72.25200, 72.48900
72.48900, 72.95800, 72.42000, 72.81800
72.81800, 73.14000, 72.51600, 72.94600
72.94600, 73.63600, 72.89800, 73.53200
73.53100, 73.77400, 73.28800, 73.34500
73.28100, 73.81400, 73.19600, 73.57500
73.48600, 74.12300, 73.27400, 73.99400
73.87300, 74.35200, 73.81100, 74.23900
74.23900, 75.25400, 74.10000, 75.20200
75.20700, 75.54200, 75.02400, 75.15000
74.97000, 75.28900, 74.80900, 74.91900
74.91600, 75.13100, 74.80000, 75.09800
75.10500, 75.54700, 74.89500, 75.02100
75.12600, 75.21700, 74.71900, 74.99200
74.99100, 75.37500, 74.86500, 75.18500
75.16100, 75.51600, 75.16000, 75.37600
75.24000, 75.34400, 74.70100, 74.93700
74.84500, 75.04900, 74.53300, 74.57700
74.57600, 74.62800, 73.65300, 73.79600
73.79600, 73.93900, 73.06100, 73.21400
73.25300, 73.39900, 72.73500, 73.06500
72.99700, 73.19500, 72.74900, 73.08400
73.10300, 73.47200, 72.33000, 72.34100
72.34200, 73.36900, 72.31100, 73.20600
73.20600, 73.31700, 72.76000, 73.00400
72.88500, 73.31200, 72.75600, 73.23700
73.21900, 74.02400, 73.13700, 73.93600
73.91800, 74.11700, 73.59300, 73.76000
73.75800, 73.98900, 73.25400, 73.38300
73.37800, 74.36400, 73.18400, 74.14700
74.38500, 74.41700, 73.80500, 73.91800
73.91400, 74.01400, 73.25100, 73.67500
73.67500, 73.97200, 73.10100, 73.18200
73.18900, 73.56200, 72.81200, 73.30500
73.29800, 73.40700, 72.36600, 72.98300
72.95800, 73.59100, 72.84300, 73.29000
73.28500, 74.18600, 73.25600, 74.11600
74.11800, 74.31200, 73.54000, 73.62200
73.61400, 75.05300, 73.58300, 74.81200
74.80500, 75.61900, 74.74900, 75.31200
75.04500, 75.56300, 75.02300, 75.45000
75.24700, 76.46600, 75.24700, 76.43800
76.38300, 77.22700, 76.24600, 77.00600
76.93500, 77.26200, 76.83700, 77.03300
76.99300, 77.15200, 76.52600, 76.59900
76.53400, 76.97200, 76.36900, 76.36900
76.33800, 77.16300, 76.21400, 76.98900
76.88000, 77.46600, 76.83600, 77.18000
77.14500, 77.72100, 77.04600, 77.58100
77.52600, 77.69600, 77.00000, 77.51900
77.36700, 77.53700, 76.78500, 76.93100
76.91200, 77.26400, 76.47800, 76.57300
76.50100, 77.41500, 76.43800, 77.23100
77.21500, 77.31600, 76.65900, 76.94100
76.94100, 76.99000, 76.34500, 76.50100
76.29300, 77.16400, 76.26200, 76.88500
76.81400, 77.32600, 76.61200, 77.26900
77.19900, 78.17000, 77.17400, 78.10100
77.97600, 78.08400, 77.57300, 77.79900
77.75000, 78.16700, 77.72000, 78.07400
78.59700, 78.80700, 78.23300, 78.70600
78.70200, 78.85900, 77.96600, 78.13700
78.12000, 78.38000, 77.96100, 78.05500
77.99500, 78.08400, 77.15400, 77.49100
77.37600, 77.75300, 77.14100, 77.29300
77.35000, 77.90800, 76.95000, 77.85100
77.81200, 78.23100, 77.59500, 77.93500
77.89400, 78.30100, 77.37100, 77.65100
77.57500, 78.03200, 77.50100, 77.90400
77.86200, 77.97300, 76.96900, 77.02400
77.01300, 77.26400, 76.66000, 76.78600
76.62100, 77.41500, 76.62100, 77.05300
76.94200, 77.22700, 76.04400, 76.12400
76.05300, 76.32100, 75.15000, 75.40100
75.35000, 75.52500, 74.55000, 74.56100
74.57100, 74.90100, 74.13100, 74.29300
74.39900, 74.89700, 74.24600, 74.84700
74.84100, 74.96600, 73.98900, 74.32400
74.27800, 74.41800, 73.84200, 73.95200
73.95500, 74.21700, 73.50100, 73.59700
73.40800, 73.40900, 72.42400, 72.45100
72.38400, 72.43500, 69.48300, 72.03700
72.02300, 73.27300, 71.83400, 73.05500
73.13000, 73.46100, 72.91600, 73.39300
73.39500, 73.52500, 72.88500, 73.08900
73.03800, 73.81100, 73.03800, 73.39200
73.32500, 73.58800, 73.06300, 73.51000
73.47000, 74.18600, 73.44500, 74.16400
74.01100, 74.10600, 73.47100, 73.76700
73.76600, 74.45500, 73.63000, 74.08100
74.00800, 74.14300, 73.48000, 73.88900
73.87500, 74.21300, 73.20400, 73.86000
73.85300, 74.37700, 73.67600, 73.93300
74.04300, 74.04500, 73.57400, 73.79000
73.78800, 73.82300, 73.32900, 73.77600
73.77400, 74.61400, 73.73200, 74.38000
74.34900, 74.57300, 74.07500, 74.10700
74.10500, 75.16800, 73.95600, 74.91300
74.77700, 75.17400, 74.57900, 74.66100
74.62300, 75.00700, 74.45000, 74.71700
74.70300, 75.28700, 74.54300, 75.19800
75.10700, 75.53400, 74.91200, 75.30000
75.23200, 75.72300, 75.04600, 75.45100
75.49300, 75.75900, 75.40700, 75.64600
75.54400, 75.88400, 75.52300, 75.79300
75.78300, 75.91700, 74.38800, 74.51900
74.46400, 74.52500, 74.08600, 74.10500
74.04300, 74.27500, 73.82600, 73.99000
73.94800, 74.47000, 73.94100, 74.29600
74.23700, 74.49500, 74.18800, 74.42800
74.33700, 75.80500, 74.32800, 75.42900
75.39600, 76.01000, 75.37800, 75.56300
75.50800, 75.91000, 75.11400, 75.81600
75.70500, 76.20700, 75.62300, 75.72600
75.69000, 76.16200, 75.41100, 76.12900
76.12700, 76.31900, 75.89900, 75.97900
75.97400, 76.14600, 75.27600, 75.29800
75.21300, 75.82200, 74.82900, 75.68400
75.91400, 76.54900, 75.81900, 76.43800
76.42200, 76.50200, 76.10800, 76.19700
76.10700, 76.30000, 75.71300, 75.96900
75.93300, 76.03500, 75.66600, 75.84400
75.78800, 76.49500, 75.78800, 76.07200
76.33600, 76.42800, 75.94200, 76.26300
76.13600, 76.31000, 75.81000, 76.04800
75.98400, 76.08800, 75.49400, 75.62900
75.59600, 75.85800, 75.23600, 75.35700
75.25600, 75.70100, 75.01800, 75.59200
75.46300, 76.02700, 75.31700, 75.98200
75.97500, 76.50000, 75.97000, 76.38100
76.37200, 76.39700, 75.99200, 76.26400
76.27500, 76.46200, 75.96000, 76.29500
76.29100, 76.59000, 76.21800, 76.22500
76.30300, 76.66300, 76.24000, 76.33400
76.33800, 76.56200, 76.10200, 76.31700
76.31900, 76.65000, 75.90500, 76.52000
76.53200, 76.77600, 75.97900, 76.24500
76.25500, 76.40500, 75.49700, 75.54600
75.73000, 76.16900, 75.44200, 76.01600
75.98300, 76.49400, 75.92800, 76.35300
76.32800, 76.43100, 74.89900, 75.10600
75.08500, 75.28600, 74.73800, 74.96300
74.95800, 75.55900, 74.93800, 75.41600
75.72600, 75.96100, 75.53600, 75.77300
75.55600, 75.72200, 75.00200, 75.20600
75.20200, 75.80800, 75.04600, 75.55500
75.54100, 75.81100, 75.26200, 75.38500
75.35600, 75.59800, 75.07600, 75.19800
75.11800, 75.23900, 74.93000, 75.15100
75.14700, 75.25000, 74.86700, 74.94100
74.90500, 75.18700, 74.77300, 75.05500
75.05500, 75.21000, 74.89300, 75.12100
75.11300, 75.88900, 74.97400, 75.73000
75.69300, 75.95500, 75.59200, 75.75800
75.73100, 75.81800, 75.47500, 75.73500
75.71100, 75.86200, 74.65200, 75.36000
75.36000, 75.39900, 74.67300, 74.80300
74.80300, 74.91700, 74.73100, 74.82300
74.79900, 74.87000, 74.67400, 74.74400
74.73800, 74.81400, 74.19100, 74.40800
74.40000, 74.41300, 73.65900, 73.88000
73.87200, 74.00500, 73.61800, 73.95500
73.95200, 74.49600, 73.84400, 74.31700
74.14000, 74.58000, 74.14000, 74.45100
74.44400, 74.59500, 74.12200, 74.41000
74.40900, 74.40900, 73.73800, 73.77000
73.76800, 74.09700, 73.66300, 73.76800
73.76600, 73.98900, 73.62400, 73.81300
73.07200, 73.46500, 72.81300, 73.24600
73.06800, 73.40500, 72.63600, 72.75300
72.75000, 72.80900, 71.82900, 72.38100
72.38100, 72.49700, 72.02900, 72.31200
72.31200, 72.77900, 72.21800, 72.55800
72.31600, 72.50000, 71.62200, 71.77300
71.76800, 72.28200, 71.69500, 72.05000
72.05000, 72.11600, 71.54500, 71.90700
71.90500, 72.16600, 71.62300, 71.77900
71.77900, 71.93900, 71.50600, 71.69800
71.83700, 72.12800, 71.75200, 71.89100
71.90400, 72.07200, 71.58300, 71.88200
71.88000, 71.98200, 71.61000, 71.63200
71.64900, 71.68100, 71.28900, 71.45100
71.45100, 71.81700, 71.33600, 71.59100
71.58000, 71.85300, 71.57200, 71.65400
71.65300, 71.83200, 71.51700, 71.53700
71.53600, 71.64800, 71.09100, 71.32800
71.32800, 71.64500, 71.22200, 71.34800
71.34800, 71.35600, 70.68100, 70.75800
70.79800, 71.33000, 70.63900, 71.29100
71.29100, 71.52700, 70.99100, 71.46100
71.46000, 72.01300, 71.41800, 71.73200
71.73200, 71.93100, 71.58400, 71.76400
71.73600, 72.14700, 71.70200, 72.08000
72.18800, 72.25300, 71.63200, 71.65300
71.65300, 71.79100, 71.36800, 71.42700
71.41600, 71.48500, 71.19200, 71.29500
71.29400, 71.42600, 71.10400, 71.15200
71.15200, 71.22000, 70.42300, 70.45200
70.42700, 70.75600, 70.42700, 70.46800
70.46400, 70.90600, 70.26200, 70.79800
70.79500, 70.98700, 70.58500, 70.65600
70.65600, 71.10400, 70.58600, 70.65100
70.64100, 70.77700, 70.44600, 70.72200
70.65900, 71.10500, 70.65000, 71.00800
70.92000, 71.29600, 70.92000, 71.14400
71.14300, 72.05900, 70.78500, 71.96400
71.97300, 72.25400, 71.85000, 72.21100
72.20400, 72.49500, 71.98700, 72.48400
72.66100, 72.92900, 72.28900, 72.36700
72.27000, 72.42900, 71.91000, 71.99000
71.98900, 72.36700, 71.77400, 72.28600
72.28600, 72.39100, 71.97600, 72.07100
72.08800, 72.19600, 71.69800, 71.86400
71.82000, 72.16700, 71.76400, 72.03000
71.97900, 72.16300, 71.81600, 71.90900
71.90900, 72.21900, 71.54500, 72.02700
72.02500, 72.32700, 71.83300, 72.28800
72.28800, 72.48100, 72.07600, 72.22600
72.10500, 72.64400, 72.08000, 72.48100
72.48100, 72.76100, 72.36800, 72.48600
72.48600, 72.91000, 72.46100, 72.66500
72.66500, 72.86700, 72.43600, 72.77200
72.77000, 73.01000, 72.72400, 72.81900
72.80400, 73.24100, 72.80300, 72.91700
72.88300, 72.93800, 72.45500, 72.54000
72.53600, 72.59200, 72.31000, 72.52300
72.52300, 72.56000, 72.24200, 72.38800
72.38700, 72.40900, 72.02000, 72.08200
72.03400, 72.18400, 71.89200, 72.13000
72.11100, 72.22800, 71.69300, 71.81500
71.81500, 71.85700, 71.25700, 71.36300
71.36300, 71.64300, 70.31800, 70.36100
70.36100, 70.47100, 69.46100, 69.66500
69.48300, 69.64100, 68.65700, 69.18300
69.13100, 70.07800, 68.72000, 69.47000
69.39700, 69.61800, 67.56900, 68.46100
68.45200, 68.86100, 68.22200, 68.71200
68.71000, 68.87600, 68.06800, 68.30100
68.24000, 68.31900, 67.74600, 67.83600
67.86800, 69.15800, 67.55100, 68.91500
68.91400, 68.94500, 67.91300, 68.16400
68.13500, 68.81800, 67.98600, 68.39100
68.39100, 68.50900, 68.19500, 68.34000
68.29900, 68.46600, 68.13400, 68.30300
68.32600, 68.50800, 68.02400, 68.16200
68.16000, 68.39400, 68.09200, 68.26000
68.26900, 68.30000, 67.71000, 67.76000
67.75700, 68.15700, 67.27600, 67.39700
66.95300, 67.93100, 66.31600, 67.78800
67.78600, 67.86800, 67.18300, 67.28300
67.27400, 67.38600, 66.96200, 67.14600
67.14600, 67.47400, 66.77100, 67.22600
67.22300, 67.29100, 66.83300, 67.05100
66.76700, 67.14900, 66.73200, 66.97900
66.96500, 67.15700, 66.66000, 67.13700
67.13700, 67.70600, 67.01400, 67.68000
67.60800, 68.38300, 67.57500, 68.16300
68.12500, 68.81900, 68.05200, 68.70500
68.50500, 68.95500, 68.50500, 68.91900
68.90000, 69.24100, 68.70700, 69.04900
69.04800, 69.39800, 68.92400, 69.14600
69.14500, 69.68400, 69.08800, 69.28000
69.27900, 69.34600, 68.89000, 68.90100
68.54700, 68.95600, 68.48600, 68.62900
68.61700, 68.75600, 68.37500, 68.72000
68.71300, 68.78700, 68.29800, 68.48600
68.48500, 68.64500, 68.01100, 68.05400
68.06800, 68.09100, 67.28100, 67.31400
67.45600, 67.67500, 67.20600, 67.66900
67.66400, 68.09500, 67.63200, 67.72800
67.72500, 68.19000, 67.50100, 67.53700
67.53700, 68.09100, 67.50200, 67.85100
67.86800, 68.25800, 67.65600, 67.94800
67.85800, 67.96500, 67.38700, 67.68900
67.68600, 67.91900, 67.08400, 67.24300
67.24200, 67.46200, 66.93000, 67.19200
67.18300, 67.50200, 67.02900, 67.31900
67.32700, 67.75700, 67.26100, 67.49600
67.24200, 67.63200, 67.13100, 67.42800
67.42800, 67.88700, 67.32700, 67.42200
67.40900, 67.89300, 67.33700, 67.59400
67.60100, 68.28800, 67.20900, 68.19900
68.23800, 68.99600, 68.14900, 68.71600
68.59100, 68.72000, 67.96900, 68.26500
68.24600, 68.52400, 67.83200, 68.51000
68.48300, 68.77900, 67.83600, 68.39800
68.38700, 69.00200, 68.29600, 68.93700
68.96600, 69.29400, 68.89600, 69.20200
69.17000, 69.66200, 69.00600, 69.54800
69.54400, 69.95300, 69.43900, 69.48200
69.45800, 69.81400, 69.16100, 69.79600
69.72700, 69.79500, 69.19600, 69.30300
69.29700, 69.34800, 68.97200, 68.99400
69.05000, 69.24400, 68.94600, 69.17500
69.18200, 69.46700, 69.03300, 69.20700
69.18200, 69.68700, 69.05100, 69.68700
69.66500, 69.89600, 69.11000, 69.29100
69.29300, 69.74300, 69.19700, 69.53400
69.62300, 70.02800, 69.39700, 69.49500
69.49200, 69.99600, 69.38700, 69.56000
69.59200, 69.68000, 69.25600, 69.39800
69.36100, 69.74100, 68.96800, 69.58800
69.57200, 69.80700, 69.01500, 69.11800
69.17100, 69.46200, 69.08600, 69.36000
69.33700, 69.49600, 68.94800, 68.99400
68.99600, 69.94500, 68.91800, 69.75300
69.74200, 69.82900, 68.87600, 69.17900
69.17100, 69.73200, 69.11200, 69.62700
69.63700, 69.86600, 69.41100, 69.52000
69.49000, 69.87300, 69.23500, 69.79600
69.79400, 69.90400, 69.42000, 69.68600
69.65100, 69.93300, 69.27700, 69.51500
69.54400, 69.81100, 69.46900, 69.55500
69.62300, 69.97200, 69.62000, 69.87900
69.88500, 70.13600, 69.80500, 70.10600
70.04300, 70.39500, 70.04000, 70.30800
70.31500, 70.37000, 70.01500, 70.26500
70.24800, 70.52300, 70.15600, 70.30300
70.46100, 71.09700, 70.36600, 70.85600
70.83800, 71.25200, 70.68200, 70.81600
70.78000, 71.14000, 70.53600, 71.06900
71.02100, 71.42200, 70.94800, 71.18200
71.17900, 71.50100, 71.08900, 71.30200
71.21400, 71.30600, 71.04200, 71.08600
71.09500, 71.35500, 70.87000, 71.17100
71.10800, 71.63800, 70.91100, 71.47400
71.44100, 72.17400, 71.38300, 72.11200
72.23600, 72.66400, 71.88600, 72.06600
72.14800, 72.43800, 72.04300, 72.26800
72.24500, 72.35300, 71.88200, 71.97300
71.93700, 72.44700, 71.72700, 72.18200
72.16800, 72.28100, 71.92400, 72.22800
72.22800, 72.37200, 72.01600, 72.25500
72.15200, 72.57100, 72.15200, 72.54100
72.53300, 72.64700, 72.40600, 72.61400
72.82500, 73.11700, 72.77500, 73.04200
73.03000, 73.53500, 73.00900, 73.33000
73.24300, 73.50200, 73.15900, 73.24300
73.20800, 73.36500, 72.99400, 73.20800
73.11500, 73.16500, 72.53700, 72.70800
72.66100, 72.78500, 71.80900, 72.00900
71.82300, 72.34600, 71.70200, 72.27700
72.26400, 72.44300, 71.80800, 72.01400
71.99400, 72.67700, 71.24300, 72.56000
72.45200, 72.72100, 72.29500, 72.41900
72.37900, 72.75900, 72.29700, 72.61200
72.68000, 72.98900, 72.63100, 72.87900
72.87700, 73.03100, 72.63200, 72.74700
72.70600, 72.77200, 72.35100, 72.71900
72.70700, 73.34300, 72.68000, 73.07500
73.04800, 73.30000, 72.68500, 72.79400
72.76100, 72.98400, 72.62500, 72.82300
72.77300, 72.85200, 72.35300, 72.45000
72.45100, 72.70200, 72.32400, 72.42500
72.35100, 72.50100, 71.91200, 72.44800
72.39800, 72.67100, 72.09000, 72.16000
71.79800, 71.86700, 71.21800, 71.26000
71.17900, 71.46200, 70.92400, 71.44800
71.41300, 71.51100, 71.01900, 71.15500
71.12000, 71.19300, 70.39400, 70.71500
70.67800, 70.87700, 69.98400, 70.02600
70.13100, 70.41600, 69.94300, 70.23800
70.16900, 71.20800, 70.00400, 71.12100
71.00000, 71.30600, 70.81600, 71.10100
71.03100, 71.25500, 70.92800, 71.01900
71.00000, 71.10000, 70.18800, 70.25200
70.18800, 70.48800, 69.99800, 70.07200
70.04700, 70.53700, 70.00200, 70.29900
70.23600, 71.34400, 70.23600, 71.14700
71.13100, 71.18200, 70.66100, 70.69800
70.65800, 70.78500, 70.52800, 70.61100
70.75800, 70.81700, 70.54000, 70.73000
70.69900, 70.75200, 70.09500, 70.16400
70.13300, 71.12800, 70.13300, 71.08900
71.00400, 71.18400, 70.66900, 70.98200
70.91500, 71.15500, 70.27900, 70.83600
70.26600, 70.67400, 70.06800, 70.18700
70.12100, 70.53000, 69.54700, 69.64900
69.59800, 69.85500, 69.37800, 69.42100
69.39200, 69.74100, 69.14100, 69.14100
69.08100, 69.29700, 66.75900, 67.49000
66.72500, 67.97500, 66.61500, 67.82700
67.71800, 68.06400, 67.18900, 67.21400
67.18800, 67.80100, 66.94800, 67.72300
67.66000, 67.88800, 66.77300, 66.96400
66.80400, 67.34200, 66.63100, 66.91100
65.97300, 66.13000, 61.13100, 64.75800
64.77200, 66.37200, 64.69100, 65.87200
65.95900, 66.62700, 65.31300, 65.50300
65.48900, 65.72100, 63.61200, 64.22900
64.11100, 66.18200, 63.89500, 65.49100
65.27200, 65.35000, 63.05600, 63.92800
63.90500, 65.26200, 63.39400, 64.02400
64.11500, 64.23400, 61.60800, 61.92800
61.96100, 65.00400, 59.49000, 62.85300
62.85300, 64.48600, 62.14500, 63.19700
62.90200, 63.70700, 61.77500, 63.31900
63.32800, 65.10700, 63.22600, 64.92300
64.88200, 65.90700, 64.34800, 64.93700
64.98700, 65.46000, 63.85800, 64.97300
64.96600, 65.50800, 64.25900, 65.22100
65.06900, 65.20900, 64.48100, 64.88000
64.71400, 65.49900, 63.67700, 64.12100
64.04700, 64.30900, 63.22200, 63.43100
63.30600, 64.09000, 63.07700, 63.84700
63.70000, 64.01500, 63.34400, 63.54000
63.61100, 65.04000, 63.44000, 64.72600
64.71200, 65.53200, 64.64900, 64.99600
64.90400, 65.60300, 64.49900, 65.39700
65.29400, 66.01300, 65.20800, 65.95500
65.88800, 66.15800, 65.69100, 65.77100
65.86500, 66.07600, 65.39700, 65.61200
65.57400, 66.00400, 65.00500, 65.46600
65.38800, 65.46700, 64.09100, 64.42900
64.28100, 64.58900, 63.82600, 64.27000
64.32800, 65.02800, 64.29900, 64.82600
64.84900, 65.60600, 64.73300, 64.99400
64.88400, 65.12600, 63.85000, 64.30900
64.17900, 64.65700, 64.03300, 64.12600
64.07700, 65.05300, 63.73200, 64.65400
64.57900, 64.72700, 64.31900, 64.67500
64.56400, 65.14100, 64.50500, 64.85500
64.79200, 64.86300, 64.27500, 64.73700
64.68500, 65.38800, 64.63800, 65.35100
65.24800, 66.10400, 65.15200, 65.65800
65.57000, 65.70900, 64.57500, 64.78300
64.60600, 64.70600, 64.11400, 64.57200
64.48400, 64.78700, 64.41700, 64.49200
64.38400, 64.62600, 63.68600, 63.76800
63.67200, 64.75100, 63.55700, 64.68100
64.63000, 65.52400, 64.63000, 65.44400
65.33900, 65.79600, 65.06900, 65.37500
65.35300, 65.72500, 65.01100, 65.09400
65.02200, 65.37800, 63.98200, 64.14700
64.06200, 64.40800, 63.76400, 64.28700
64.30900, 64.59300, 63.49600, 63.57800
63.49700, 64.87400, 63.46600, 64.79200
64.80700, 65.93300, 64.72900, 65.45000
65.33000, 66.13600, 65.28200, 66.10800
65.93200, 66.25300, 65.72100, 65.88600
65.81600, 65.96900, 65.38400, 65.57000
65.48000, 65.81000, 65.46200, 65.72900
65.65700, 66.98600, 65.58800, 66.67200
66.63900, 67.12700, 66.30300, 66.66000
66.54400, 67.04700, 66.50100, 66.84400
66.77000, 67.00700, 66.46400, 66.89500
66.61400, 67.77500, 66.61000, 67.73600
67.69000, 69.24000, 67.51300, 69.21000
69.14800, 70.17500, 69.07700, 69.98800
69.88500, 70.64900, 69.56800, 70.54400
70.54900, 71.57200, 70.39400, 71.26700
71.19500, 71.66600, 70.69500, 71.12200
71.04600, 71.28400, 69.82500, 70.18000
70.12100, 70.49500, 69.89000, 70.03500
69.92700, 70.06200, 68.49500, 68.70900
68.65000, 69.59300, 68.19600, 69.23600
69.06000, 69.60400, 68.39000, 69.48000
69.36900, 70.00500, 68.79200, 69.22800
69.20200, 69.49000, 68.92000, 69.09200
68.97300, 69.33300, 68.54200, 68.75100
68.70200, 68.97500, 68.40100, 68.47000
68.13400, 69.41500, 68.13400, 69.26000
69.23000, 69.66100, 68.69600, 69.14700
69.04400, 69.38500, 68.40400, 68.60200
68.61000, 69.06500, 68.47300, 68.91200
68.84400, 69.09300, 68.63100, 68.83600
68.53100, 69.22000, 68.53100, 69.05700
68.94500, 69.72600, 68.77700, 69.66900
69.62600, 69.79300, 69.24000, 69.60100
69.51000, 70.25900, 69.51000, 69.96700
69.91800, 70.27500, 69.88300, 70.17000
70.03200, 70.66100, 70.02600, 70.38000
70.28300, 70.70700, 70.21000, 70.38500
70.45400, 70.61200, 70.22400, 70.52700
70.44800, 70.70600, 70.28900, 70.41000
70.40900, 70.45200, 69.96900, 70.23900
70.16200, 70.70400, 70.11700, 70.14200
70.12600, 70.20400, 69.81100, 70.03400
69.99600, 70.39900, 69.99400, 70.26300
70.21100, 70.34700, 70.02000, 70.10300
70.04000, 70.28300, 70.02300, 70.14300
70.12600, 70.57300, 70.03800, 70.52800
70.40000, 71.01100, 70.36500, 70.86800
70.84100, 71.58800, 70.83800, 71.38400
71.30500, 71.66800, 70.76400, 70.88700
70.86100, 70.91200, 70.03100, 70.48700
70.26300, 70.54200, 70.18200, 70.42900
70.44600, 70.57100, 69.81900, 69.96800
69.89900, 70.08500, 69.78200, 69.96300
69.96400, 70.19400, 69.54400, 70.17300
70.03400, 70.48500, 69.65700, 70.19300
70.04700, 70.42200, 69.84900, 70.06200
69.98400, 70.28800, 69.84800, 70.02500
69.94500, 70.47900, 69.88200, 70.18100
70.19300, 70.59400, 69.94300, 70.55400
70.51400, 70.60900, 69.83400, 69.88700
69.92700, 69.98100, 69.69400, 69.84500
69.71800, 70.29500, 69.71800, 70.03200
69.99500, 70.52200, 69.58500, 70.32900
70.19600, 70.43000, 69.89900, 70.03300
69.97400, 70.08200, 69.64900, 69.71500
69.67500, 69.84000, 69.28700, 69.51600
69.49600, 69.67200, 69.00000, 69.56000
69.52400, 70.04500, 69.42600, 69.57100
69.59200, 69.68300, 68.74900, 69.14400
69.08100, 69.26500, 68.81600, 69.21500
69.01400, 69.39400, 68.99800, 69.14800
69.12200, 69.72900, 69.06200, 69.67000
69.53600, 70.18500, 69.53600, 70.16500
70.05600, 70.81800, 70.01700, 70.74100
70.59300, 71.24800, 70.50200, 70.98600
70.82300, 71.70400, 70.78600, 71.31200
71.27300, 71.86000, 71.20200, 71.60800
71.60100, 71.97100, 71.56200, 71.85800
71.81500, 71.94800, 70.99700, 71.26800
71.19100, 71.51800, 70.88100, 71.37600
71.29800, 71.43500, 71.08000, 71.11400
71.05100, 71.23800, 70.10200, 70.16900
70.12900, 71.02100, 69.85900, 70.97300
70.87100, 71.17100, 70.45600, 70.56300
70.43200, 71.08900, 70.43200, 70.74500
70.57100, 71.07200, 70.57100, 70.83000
70.74600, 71.21100, 70.63100, 70.77200
70.73200, 71.00400, 70.48400, 70.64500
70.56900, 70.75600, 70.02800, 70.73100
70.64900, 71.19400, 70.50000, 70.64500
70.66200, 70.77500, 69.55200, 69.78700
69.68200, 69.97300, 69.46300, 69.60900
69.48800, 69.88200, 68.89500, 69.00300
68.99700, 69.14700, 68.62400, 68.99700
68.92900, 69.41100, 68.92900, 69.08000
69.01500, 69.23900, 68.88900, 69.12800
69.05600, 69.76400, 69.05600, 69.64400
69.56100, 69.92200, 69.31900, 69.77900
69.74800, 70.24200, 69.68300, 70.17100
70.10900, 70.24400, 69.53800, 69.89100
69.83000, 70.26600, 69.82500, 70.23000
70.21200, 70.34700, 69.53000, 69.54300
69.53100, 69.94300, 69.45600, 69.70500
69.67200, 69.91800, 69.40200, 69.78300
69.73200, 70.50400, 69.60500, 70.44900
70.31700, 70.44800, 69.94700, 70.00500
70.01800, 70.34700, 69.79700, 70.12100
70.07800, 70.34800, 69.91400, 69.98300
69.95400, 70.13600, 69.20600, 69.53200
69.48700, 69.71000, 69.30400, 69.60000
69.55200, 70.01400, 69.53300, 69.65700
69.57500, 69.66400, 69.24400, 69.39700
69.33900, 69.75600, 69.31600, 69.58800
69.54400, 70.09800, 69.39100, 70.01600
69.96100, 70.15000, 69.69500, 70.03000
69.98600, 70.27100, 69.88100, 69.93400
69.94000, 70.22300, 69.90900, 70.06700
70.05400, 70.06600, 69.14400, 69.27600
69.28300, 69.51400, 68.96100, 69.32900
69.32900, 69.68800, 68.86200, 69.19900
69.00700, 69.52000, 68.93100, 69.48700
69.42100, 70.24000, 69.34400, 70.02700
69.83900, 70.46900, 69.42400, 70.00100
69.90800, 70.25100, 69.69300, 70.09500
69.99900, 70.38300, 69.88300, 69.98100
70.11700, 72.07700, 70.00500, 71.85100
71.74700, 72.06000, 71.54900, 71.87000
71.80500, 72.71600, 71.60200, 72.55400
72.52500, 72.78100, 71.82900, 71.87400
71.92900, 71.94700, 71.47200, 71.60700
71.60800, 72.29900, 71.48400, 72.20500
72.17200, 72.26600, 71.59500, 71.79600
71.79300, 72.10800, 71.56500, 71.84000
71.82800, 71.90800, 71.51300, 71.78800
71.71500, 72.16000, 71.66700, 71.95400
71.88800, 72.40900, 71.85100, 72.36700
72.29000, 73.07600, 72.25000, 72.88200
72.83500, 73.23600, 72.72700, 73.16300
73.10700, 73.25500, 72.89900, 72.98800
73.02600, 73.22700, 72.88100, 73.03600
73.04400, 73.45600, 72.95000, 73.14300
73.08800, 73.82300, 73.08700, 73.68500
73.67800, 74.03000, 73.52800, 73.76400
73.79000, 73.88500, 73.37300, 73.47900
73.40500, 73.52500, 73.13500, 73.33600
73.26100, 73.45800, 73.06700, 73.25800
73.21100, 73.41600, 73.09800, 73.36900
73.31800, 73.83900, 73.11500, 73.19300
73.13800, 73.98300, 73.00500, 73.97700
73.94100, 73.99800, 73.51900, 73.69200
73.74100, 73.88600, 73.62400, 73.63700
73.62900, 73.76900, 73.32100, 73.45500
73.45700, 73.62400, 73.20600, 73.56800
73.55000, 73.89400, 73.45400, 73.71000
73.69700, 73.87100, 73.53000, 73.69800
73.56600, 73.65000, 72.71200, 73.28800
73.31700, 73.43000, 72.80000, 72.96700
72.92000, 73.55800, 72.83300, 73.44600
73.40900, 73.78000, 73.35700, 73.67600
73.57000, 73.85100, 73.51900, 73.68300
73.57600, 74.23500, 73.54900, 74.01300
73.98100, 74.46400, 73.91200, 74.35900
74.20200, 74.62200, 74.17600, 74.20200
74.17100, 74.34500, 73.79300, 73.99700
73.86800, 74.51900, 73.86100, 74.47400
74.37000, 75.28200, 74.35500, 75.17600
75.12500, 75.41100, 74.96800, 75.33400
75.22800, 75.57100, 74.92600, 75.21000
75.04600, 75.15500, 74.59300, 74.62900
74.55200, 75.01800, 74.55200, 74.98400
74.94700, 75.00300, 74.48300, 74.55700
74.40700, 75.03800, 74.40700, 74.97200
74.83200, 74.98800, 73.87000, 74.04600
74.05500, 74.14300, 73.64200, 73.68200
73.64000, 74.28500, 73.64000, 73.93900
73.94000, 74.26200, 73.85900, 74.23700
74.19800, 74.72700, 74.19800, 74.66000
74.58700, 74.78500, 74.34300, 74.47800
74.42400, 74.90000, 74.41400, 74.67500
74.62300, 75.11500, 74.36800, 75.00100
74.98800, 75.08200, 74.43700, 74.50100
74.47400, 74.97200, 74.11700, 74.78900
74.66900, 75.64100, 74.65500, 75.17400
75.01900, 75.39300, 74.91000, 75.09900
75.01900, 75.54300, 74.98600, 75.52800
75.40800, 75.85500, 75.39700, 75.70300
75.59600, 75.84800, 75.38000, 75.52600
75.39700, 75.94000, 75.31500, 75.87200
75.68200, 76.11900, 75.67700, 75.93400
75.88400, 76.13100, 75.52800, 75.68300
75.68700, 75.74400, 75.36100, 75.40400
75.41700, 75.90300, 75.34700, 75.68400
75.72200, 75.85900, 75.40500, 75.72200
75.57600, 76.28600, 75.56900, 76.12200
76.11200, 76.71600, 76.03800, 76.40100
76.41900, 76.43700, 75.78800, 76.09800
76.04400, 76.33800, 75.97800, 76.29900
76.22800, 77.21600, 76.12700, 76.89400
76.82700, 77.41200, 76.81300, 76.98300
76.89800, 77.34800, 76.78100, 77.29300
77.10700, 78.90000, 77.06200, 78.79100
78.72800, 79.20600, 78.15100, 78.26600
78.20700, 78.48400, 76.88700, 77.01800
77.00300, 77.71400, 77.00000, 77.55600
77.58300, 77.96400, 77.05500, 77.79500
77.62100, 78.06000, 77.48900, 77.53200
77.59100, 78.20800, 77.36200, 77.59000
77.60600, 77.74200, 77.10600, 77.62300
77.62000, 77.98300, 77.13700, 77.55600
77.50200, 78.04400, 77.35800, 77.83100
77.69000, 78.01800, 77.64200, 77.98900
77.96300, 78.60200, 77.63100, 78.39900
78.32800, 78.59900, 78.02000, 78.20800
78.24000, 78.66300, 78.18900, 78.54800
78.54900, 78.66400, 78.16300, 78.34000
78.34300, 79.03700, 78.09700, 78.68300
78.68200, 79.13300, 77.91500, 78.02400
78.03700, 78.18200, 77.82400, 77.98500
77.52700, 78.10700, 77.52700, 77.87600
77.88300, 77.88900, 75.89800, 76.07800
76.07400, 76.11000, 75.61300, 75.73400
75.72100, 76.21300, 75.71100, 75.90900
75.90000, 76.79400, 75.87300, 76.75300
76.64900, 76.99800, 76.32200, 76.83100
76.76000, 77.34500, 76.75800, 77.05600
76.96000, 77.71200, 76.93800, 77.28200
77.27200, 77.70300, 76.89900, 77.68100
77.51300, 77.92700, 77.48300, 77.72900
77.68700, 77.94800, 77.62200, 77.78400
77.74500, 77.93200, 77.14100, 77.43800
77.43700, 77.57800, 76.85000, 77.02700
77.00100, 77.15800, 76.80800, 77.13800
77.03600, 77.40200, 76.69500, 77.12800
77.11300, 77.25900, 76.78600, 76.88400
76.82300, 76.98500, 76.65300, 76.93500
76.92000, 77.89500, 76.71300, 77.76500
77.72100, 78.12000, 77.69500, 77.98700
77.92800, 78.03000, 77.59300, 77.72700
77.49600, 77.83600, 77.39500, 77.64800
77.64300, 78.37000, 77.45400, 77.48700
77.50700, 78.03800, 77.35300, 77.87400
77.91500, 77.91500, 77.23800, 77.34400
77.31300, 77.72200, 77.16800, 77.61300
77.56200, 78.30500, 77.53300, 78.21900
78.17100, 78.39600, 77.96300, 78.38300
78.28900, 78.94600, 78.23800, 78.86700
78.76800, 79.15700, 78.64400, 78.86500
78.89200, 79.02800, 78.16300, 78.27300
78.20900, 78.68200, 78.20400, 78.53400
78.47800, 78.56400, 77.69800, 78.13100
78.06800, 78.81300, 78.03000, 78.79200
78.75700, 79.03400, 78.55000, 78.90600
78.83700, 79.19100, 78.58200, 79.06800
79.05400, 79.41700, 78.98300, 79.02600
79.00000, 79.30900, 78.67900, 78.94100
78.97300, 79.01800, 78.35700, 78.52500
78.44800, 78.80600, 78.21600, 78.64800
78.49500, 79.33400, 78.40100, 79.17400
79.01400, 79.27100, 78.44800, 78.79500
78.62000, 79.18900, 78.56900, 78.83000
78.81400, 78.95800, 77.91800, 78.28200
78.27800, 78.50000, 78.10500, 78.35800
78.23100, 78.49100, 77.96800, 78.05800
78.16500, 78.51500, 77.96500, 78.49200
78.28500, 78.95000, 78.27400, 78.59000
78.52900, 79.62700, 78.51300, 79.42000
79.37200, 80.17400, 79.30500, 80.10700
79.98700, 80.11200, 79.44300, 79.59200
79.62700, 79.74200, 79.41300, 79.62400
79.58100, 79.78200, 79.28400, 79.38300
79.34900, 79.69800, 79.19400, 79.26200
79.23500, 79.38100, 78.56000, 78.80700
78.72600, 79.00700, 78.54100, 78.96300
78.88400, 79.12700, 78.70900, 78.95000
78.91600, 79.09300, 78.66900, 78.74500
78.73800, 78.87000, 78.57000, 78.68200
78.62400, 78.97700, 78.50400, 78.62500
78.58800, 78.87400, 78.07600, 78.15100
78.15800, 78.63400, 78.15400, 78.58600
78.53900, 78.80400, 78.25100, 78.35800
78.29600, 78.66900, 77.84400, 78.01400
78.00200, 78.59400, 77.04900, 77.21500
77.08900, 77.39700, 76.33200, 76.37400
76.43000, 77.17600, 76.21100, 77.08600
77.03200, 77.80700, 76.84900, 77.67600
77.61500, 78.29400, 77.52000, 78.17800
78.16900, 78.34800, 77.97900, 78.22100
78.17300, 78.47000, 78.13600, 78.25400
78.29100, 78.40500, 77.81200, 77.85800
77.85900, 77.97900, 77.14300, 77.29000
77.16300, 77.65000, 77.06000, 77.62600
77.58900, 78.07100, 77.52100, 77.69400
77.60100, 78.12000, 77.48800, 78.05400
77.95700, 78.12200, 77.73800, 77.90800
77.85900, 78.76000, 77.31500, 77.51800
77.44900, 78.10400, 77.37500, 77.59400
77.56000, 77.70400, 75.96300, 76.23000
76.20400, 77.16000, 75.97900, 77.05600
77.05600, 77.24400, 76.50000, 77.05700
77.02100, 77.36700, 76.43100, 76.83900
76.79500, 77.65100, 76.71200, 77.35500
77.31900, 77.45300, 76.53000, 76.66300
76.60700, 77.39400, 76.56100, 77.07200
77.00000, 77.06900, 75.63800, 75.96600
75.92600, 76.17500, 75.26100, 75.99300
75.95800, 76.93400, 75.73300, 76.85800
76.85400, 76.92900, 76.50200, 76.83200
76.64200, 77.28000, 76.61200, 77.12500
76.95300, 77.30100, 76.54400, 77.21300
77.21000, 77.28200, 76.20200, 76.37800
76.20600, 76.56000, 75.96200, 76.45700
76.40100, 76.88100, 76.23600, 76.73800
76.67800, 76.87000, 76.37200, 76.48400
76.35000, 76.61700, 76.04700, 76.20100
76.17000, 76.63400, 76.02800, 76.50400
76.50200, 77.29600, 76.50000, 77.09100
77.08600, 77.55500, 77.05500, 77.41600
77.41500, 77.70500, 77.21200, 77.26700
77.17400, 77.39400, 76.96400, 77.12700
77.12300, 77.50900, 76.88200, 77.49000
77.47200, 77.92600, 77.34700, 77.74600
77.73200, 77.77600, 77.21600, 77.30500
77.27900, 77.39100, 77.09800, 77.13400
77.15200, 77.27200, 76.52500, 76.68600
76.66600, 76.83400, 75.37100, 75.80500
75.79900, 76.16200, 75.20300, 75.51300
75.51200, 75.62800, 74.55600, 74.92400
74.91800, 75.15000, 74.58100, 75.04700
74.82400, 75.73100, 74.82100, 75.56100
75.55500, 76.35800, 75.48100, 76.24200
76.20600, 76.81800, 76.06200, 76.70100
76.68800, 76.78000, 76.36100, 76.43800
76.42200, 77.06500, 76.24300, 77.00500
76.84100, 77.05500, 76.70200, 76.92100
76.89200, 77.67200, 76.79300, 77.50500
77.49200, 78.00400, 77.43200, 77.78100
77.74900, 78.30900, 77.58700, 78.20800
78.17700, 78.64400, 78.04200, 78.43800
78.43100, 78.56900, 78.26400, 78.32100
78.31900, 78.51600, 78.07100, 78.30400
78.29200, 78.44500, 77.98200, 78.27700
78.25600, 78.32600, 77.92200, 77.99800
77.98400, 78.63300, 77.78500, 78.15000
78.12900, 78.38700, 78.05000, 78.28900
78.28600, 78.60900, 77.62300, 77.82300
77.80700, 77.86600, 77.37800, 77.74500
77.72600, 78.03500, 77.38300, 77.60200
77.58500, 77.91600, 77.24300, 77.33900
77.26400, 77.46700, 76.68600, 76.87800
76.85300, 77.31800, 76.35600, 76.51100
76.49700, 77.27900, 76.33000, 76.87600
76.85900, 78.09600, 76.68800, 77.96800
77.94000, 78.15000, 77.45300, 77.64800
77.50300, 77.92500, 77.45600, 77.84400
77.82100, 78.14200, 77.37400, 77.60600
77.58100, 77.64500, 76.76100, 76.86100
76.86100, 77.21800, 76.55700, 76.74000
76.72500, 77.19200, 76.42800, 77.04700
76.94600, 77.60600, 76.82700, 77.23200
77.21600, 77.70600, 76.97400, 77.55200
77.53900, 77.89600, 76.65400, 77.03600
77.02100, 77.43300, 76.92500, 77.35100
77.32800, 77.82500, 77.24200, 77.75100
77.54900, 78.90700, 77.54900, 78.58800
78.57100, 79.07000, 78.36100, 78.73400
78.71400, 79.00200, 78.52500, 78.88000
78.86500, 80.02000, 78.80500, 79.97300
79.94900, 80.85600, 79.83900, 80.71600
80.69700, 81.21400, 80.54500, 81.00800
80.98300, 81.95200, 80.88100, 81.81000
81.79100, 82.37900, 81.71600, 82.31300
82.29200, 82.49800, 81.25600, 81.58800
81.57000, 81.91900, 80.98700, 81.13100
81.09400, 81.58500, 80.99400, 81.48500
81.44700, 82.09700, 81.30700, 81.74700
81.73800, 81.88500, 80.99600, 81.60800
81.58600, 81.80200, 81.32000, 81.77700
81.76500, 81.80900, 81.24100, 81.65400
81.69400, 82.20100, 81.69400, 81.85900
81.86000, 81.94700, 80.77900, 81.12200
81.13400, 81.76000, 80.95500, 81.56700
81.48400, 81.87600, 80.62700, 80.78700
80.78600, 80.93000, 80.42100, 80.72100
80.59400, 81.33000, 80.59300, 81.13400
81.12100, 81.13700, 80.28200, 80.49000
80.47100, 80.85300, 80.11100, 80.38200
80.37800, 80.58000, 79.95700, 80.06900
80.06300, 80.29500, 79.93100, 80.17600
80.17700, 80.66300, 80.06900, 80.36300
80.36100, 80.65800, 80.08200, 80.25100
80.23800, 80.61800, 79.64200, 79.84600
79.82100, 81.55900, 79.73500, 80.50200
80.41700, 80.56200, 79.51300, 79.71200
79.71700, 80.16500, 79.66200, 79.89900
79.84300, 80.08200, 79.38000, 79.99500
79.92000, 80.10400, 79.13000, 79.28500
79.29400, 79.52900, 78.87200, 79.05100
79.02900, 79.07900, 76.95900, 77.12100
77.44900, 77.77200, 77.12300, 77.46100
77.43900, 77.76700, 76.65400, 77.19500
77.11700, 77.91000, 76.73100, 76.74800
76.68100, 77.24600, 76.64900, 77.17100
76.97700, 77.22100, 75.95500, 76.06400
76.19400, 76.68300, 76.13800, 76.63300
76.57300, 77.11600, 76.40900, 77.06800
77.02300, 77.55600, 76.69500, 77.40000
77.30900, 77.50000, 76.88600, 77.07700
77.03600, 77.28700, 76.82400, 77.02100
77.01100, 77.20900, 76.54900, 76.68300
76.61800, 76.89000, 76.42900, 76.67600
76.57300, 77.40500, 76.49200, 77.38600
77.26500, 77.96600, 77.04100, 77.27000
77.18300, 77.37500, 76.46800, 76.53100
76.56200, 76.61300, 76.01800, 76.26700
76.21900, 77.26800, 76.11900, 77.14400
77.11800, 77.89400, 76.90100, 77.70300
77.61500, 78.23000, 77.55300, 78.07100
78.02600, 78.11500, 77.76000, 77.91500
77.99100, 78.35000, 77.79600, 78.28600
78.20800, 78.43500, 77.87300, 78.09600
78.01200, 78.60100, 77.91800, 78.45600
78.43800, 78.92700, 78.42400, 78.56800
78.50400, 78.87100, 78.47000, 78.75100
78.62300, 79.00500, 78.10900, 78.22900
78.15900, 79.21300, 78.13100, 79.03600
78.99800, 79.23300, 78.73200, 78.87200
78.80600, 78.90700, 77.90400, 78.13700
78.07000, 78.35400, 78.02700, 78.23900
78.24900, 78.51500, 77.57300, 77.85200
77.79300, 78.34000, 77.79300, 78.22300
78.18700, 78.69200, 78.11900, 78.47300
78.44500, 78.82900, 78.23500, 78.31600
78.26500, 78.39700, 77.46000, 77.70900
77.66100, 78.01100, 77.65900, 77.86900
77.82800, 78.12300, 77.35700, 77.56300
77.51200, 77.90000, 77.49000, 77.51300
77.48700, 77.61500, 77.06400, 77.06700
77.02400, 77.14500, 76.23100, 76.28900
76.24600, 76.57500, 75.73600, 76.34400
76.24500, 76.47700, 75.78300, 76.08400
76.06400, 76.65500, 75.97300, 76.25500
76.17400, 76.41800, 75.64100, 75.90700
75.87400, 76.05700, 75.22400, 75.30100
75.38000, 76.11000, 75.36300, 75.68200
75.63500, 76.22700, 75.51100, 76.10700
76.05200, 76.27500, 75.72000, 75.86700
75.78600, 76.68400, 75.57500, 76.57700
76.46800, 76.77000, 75.96100, 76.18200
76.14100, 76.50100, 75.94800, 76.33200
76.27400, 76.81600, 76.27400, 76.79500
76.73100, 77.30400, 76.65500, 77.15700
77.09500, 77.99000, 77.07800, 77.39600
77.29600, 77.52600, 76.35900, 76.70300
76.51400, 76.85100, 75.85700, 76.43000
76.36600, 76.85400, 76.18600, 76.69000
76.67500, 77.23500, 76.58800, 77.08900
77.04700, 77.39800, 76.67300, 76.86000
76.80300, 77.56800, 76.76700, 76.92100
76.94800, 77.33800, 76.77300, 76.83000
76.79700, 77.65000, 76.48000, 77.44300
77.42300, 78.36700, 77.41500, 77.87100
77.77900, 77.87100, 76.55700, 77.30500
77.26000, 78.01000, 77.09400, 77.86800
77.26000, 78.07400, 77.06400, 77.88400
77.77400, 78.08400, 77.37500, 77.60700
77.57900, 78.55800, 77.50300, 78.39000
78.36900, 78.68800, 78.16000, 78.48500
78.45800, 78.95500, 78.05200, 78.75500
78.72800, 79.56400, 78.60800, 78.67100
78.61300, 79.19800, 78.52000, 78.68000
78.63600, 79.38700, 78.61700, 79.24900
79.11900, 79.80000, 79.03500, 79.68200
79.62200, 80.14100, 79.59100, 79.74600
79.79700, 80.25400, 79.62400, 79.72700
79.72400, 80.20700, 79.39300, 80.04900
80.04700, 81.22200, 79.77700, 81.12300
81.06300, 81.72200, 81.02500, 81.59500
81.59900, 82.36000, 81.54100, 82.20200
82.14800, 82.52000, 81.90900, 82.25100
82.24300, 84.13900, 82.20300, 84.10100
84.09300, 84.64500, 83.69700, 84.43000
84.43500, 85.22000, 84.19700, 85.15300
85.15600, 85.22400, 84.43500, 84.87700
84.73300, 86.94100, 84.73300, 85.41400
85.27000, 85.72000, 84.27000, 85.20700
85.12100, 85.55500, 84.41800, 84.95600
84.93300, 85.39400, 84.23200, 84.37000
84.29500, 85.23200, 84.29500, 84.78100
84.79100, 85.50300, 84.49200, 85.29000
85.23400, 86.37500, 85.01100, 85.80100
85.79400, 86.30200, 85.40100, 85.58400
85.54500, 85.75500, 85.17700, 85.39500
85.33000, 85.56100, 84.96300, 85.03900
84.90700, 86.02900, 84.90700, 85.56800
85.48200, 86.24100, 85.36600, 85.88600
85.80200, 86.65300, 85.01000, 85.35800
85.24700, 85.62800, 85.18200, 85.41200
85.35200, 85.81500, 85.35200, 85.51800
85.60500, 85.77400, 85.11100, 85.45500
85.35300, 86.82600, 85.35300, 86.75100
86.73900, 87.33500, 86.57600, 87.02600
86.91700, 87.22800, 86.27000, 86.40300
86.36000, 86.52100, 85.04800, 85.24600
85.22200, 85.42900, 84.10900, 84.80200
84.66600, 85.12800, 83.42100, 83.44500
83.43400, 84.27000, 83.23400, 83.97300
83.95000, 85.41000, 83.87100, 84.83700
84.75800, 85.15900, 83.63500, 83.77500
83.78700, 84.19600, 83.38900, 83.74300
83.65600, 84.17900, 83.35800, 83.72400
83.65000, 84.64900, 83.53200, 84.42600
84.42000, 84.79100, 83.37800, 83.59700
83.52900, 84.10200, 83.42200, 83.58900
83.52800, 83.64600, 82.32400, 82.35000
82.29300, 82.82300, 81.61400, 82.02000
81.99300, 82.98800, 81.47200, 81.73400
81.68700, 81.83400, 79.44200, 79.92400
79.85100, 81.28500, 79.85100, 81.24700
81.05600, 81.59200, 80.15700, 81.44200
81.40700, 82.47400, 81.27500, 82.24800
82.18000, 82.40400, 80.62200, 80.69800
80.67200, 81.87500, 80.47200, 81.55600
81.47300, 82.21900, 81.20400, 81.92100
81.73200, 82.76600, 81.54700, 82.68100
82.66700, 82.70100, 81.27000, 81.91500
81.86200, 82.82100, 81.51300, 82.40900
82.35400, 82.85000, 81.86800, 82.33300
82.23900, 83.10800, 82.15200, 83.05600
82.98200, 83.68600, 82.86400, 83.66100
83.51000, 84.04100, 83.28500, 83.83300
83.74700, 84.62400, 83.64600, 84.36100
84.24000, 85.20500, 83.98000, 85.16500
85.09600, 85.38300, 84.96300, 85.08300
85.07000, 85.65800, 84.75600, 85.55700
85.54300, 86.18100, 85.25300, 86.04900
85.98100, 86.80100, 85.87500, 86.51100
86.42300, 86.72100, 85.70400, 85.74000
85.69500, 86.08000, 85.09400, 85.38000
85.21600, 85.71200, 83.72700, 84.10800
84.05800, 84.70700, 83.59700, 84.16800
84.14500, 84.40800, 83.69200, 84.06600
84.01800, 84.70900, 82.96100, 84.07900
84.00800, 85.48600, 83.93100, 85.13800
84.95500, 85.83900, 84.95500, 85.49600
85.41400, 86.54900, 85.36000, 86.51000
86.36400, 86.52600, 84.85100, 85.61800
85.56600, 85.59700, 84.36600, 84.66000
84.56500, 85.49100, 84.55400, 85.31300
85.17400, 85.50100, 84.75100, 85.33100
85.25100, 85.67600, 84.90300, 84.90800
84.85400, 85.19300, 84.65600, 84.92700
84.88300, 85.04900, 84.38000, 84.70500
84.61800, 84.84100, 83.13500, 83.89100
83.71700, 84.68000, 83.51900, 84.21300
84.14500, 84.86100, 83.13700, 83.79400
83.72900, 83.84100, 83.00200, 83.51700
83.48300, 84.24500, 83.38800, 83.97400
83.92400, 84.39700, 83.42000, 84.17000
84.08100, 84.68400, 83.82100, 83.95600
83.91300, 84.11100, 83.58800, 83.83500
83.79300, 84.69000, 83.67700, 84.20800
84.12700, 85.18400, 83.97100, 85.06100
85.06000, 85.48600, 84.70500, 85.23200
85.16600, 85.63800, 84.89200, 84.97000
84.93200, 86.08900, 84.84600, 85.96000
85.92800, 86.58100, 85.92100, 86.07300
85.99800, 86.27300, 85.56100, 85.85400
85.79500, 85.95300, 84.88200, 85.03800
85.14700, 85.75000, 84.75300, 85.55000
85.52400, 85.62800, 84.97600, 85.28200
85.21400, 85.64400, 84.96900, 85.53600
85.42600, 85.53700, 84.23000, 84.40600
84.35200, 84.78300, 83.48500, 83.77300
83.58600, 83.89500, 83.10300, 83.30500
83.24700, 83.41200, 82.11500, 83.22800
83.17900, 84.15200, 82.72900, 83.92700
83.86800, 84.74100, 83.63000, 83.68400
83.63800, 84.60800, 83.44200, 84.24200
84.32100, 84.95200, 84.16900, 84.84800
84.75500, 85.01600, 84.50200, 84.91500
84.81100, 85.34800, 84.12900, 85.05500
85.00600, 85.61700, 84.95800, 85.47300
85.46100, 86.20900, 85.46100, 86.07700
85.95500, 86.13100, 84.36300, 84.81100
84.77100, 85.29400, 84.40500, 85.12800
85.09200, 85.49400, 84.67200, 84.79900
84.69200, 85.10200, 84.51000, 85.01500
84.98100, 85.15700, 84.36400, 84.47800
84.51600, 85.15800, 84.39900, 84.80000
84.71100, 85.14300, 84.51600, 84.94200
84.87600, 84.99600, 84.39500, 84.83200
84.72600, 85.29800, 84.66200, 84.92000
84.89500, 85.13100, 84.23900, 84.34000
84.28400, 85.50600, 84.24200, 85.33600
85.25500, 85.64800, 84.97700, 85.04800
84.98700, 85.17600, 84.81800, 85.01200
84.96300, 85.22800, 84.75200, 85.22000
85.17700, 86.01900, 84.87000, 85.60700
85.13300, 85.74700, 85.13200, 85.61900
85.57200, 86.52800, 85.33300, 86.21700
86.16200, 87.36700, 85.99300, 87.29100
87.25700, 87.49200, 86.74300, 87.21700
87.18400, 87.61300, 86.76900, 87.00200
86.42400, 87.85900, 86.41300, 87.61200
87.60300, 87.71800, 86.41400, 86.68500
86.58500, 86.88600, 85.58500, 85.91200
85.79500, 86.34300, 85.56100, 85.58800
85.52800, 85.76800, 85.13500, 85.58900
85.54000, 85.71600, 85.03500, 85.30500
85.27600, 85.46100, 84.52400, 84.67100
84.60000, 84.87500, 84.21300, 84.29200
84.22800, 85.04800, 82.47100, 83.18000
83.11700, 83.33200, 82.14400, 82.26100
82.49300, 82.66900, 81.37700, 81.50500
81.49500, 82.54900, 81.43800, 81.55600
81.46200, 82.57100, 80.56300, 82.52600
82.49200, 82.69400, 81.73600, 82.66000
82.62200, 83.02100, 80.91700, 80.94000
80.95800, 82.80300, 80.91600, 82.62600
82.63100, 83.27800, 82.27400, 82.56700
82.48900, 83.46800, 81.96600, 82.95100
82.87900, 84.00100, 81.76900, 82.06500
82.02200, 82.26800, 81.29300, 81.45000
81.37500, 81.83900, 80.83100, 81.08600
81.00400, 82.27400, 80.67900, 81.39400
81.34900, 82.60000, 81.31700, 82.36700
82.31100, 83.10500, 81.14800, 82.99800
82.90300, 83.72700, 82.53900, 82.69200
82.69700, 83.99700, 82.45400, 83.95000
83.82700, 85.23300, 83.82500, 84.79700
84.76700, 85.22300, 84.65800, 84.96500
84.87400, 85.94100, 84.28000, 85.20700
85.19200, 86.46000, 83.95100, 84.95300
85.09700, 86.15500, 84.06200, 84.80800
84.72200, 85.26500, 84.39400, 85.11700
84.98700, 85.57000, 84.82200, 85.40400
85.25800, 85.57800, 84.81000, 85.20700
85.15500, 86.11900, 85.07200, 85.63600
85.74400, 86.48800, 85.59000, 86.33200
86.34500, 86.92000, 86.28700, 86.64300
86.63300, 86.65600, 85.92100, 86.00600
86.00300, 86.17100, 85.09700, 85.49800
85.49900, 87.13200, 85.33100, 86.89400
86.23900, 87.12400, 86.10700, 87.03700
86.99800, 87.21000, 86.54400, 86.74300
86.66800, 86.74200, 85.87800, 86.12200
86.06600, 86.23200, 84.60500, 84.89600
84.85000, 85.55400, 83.83000, 84.85600
84.80400, 85.76300, 84.57500, 85.25000
85.19000, 86.09500, 85.19000, 85.73200
85.62800, 86.25500, 85.46600, 85.76100
85.65700, 85.94000, 85.14500, 85.87900
85.80000, 86.73200, 85.60900, 86.31500
86.30600, 86.89400, 86.01600, 86.67200
86.59300, 87.02600, 86.56200, 86.87200
86.78900, 87.44700, 86.26700, 87.08200
87.06500, 87.10700, 86.41900, 86.80600
86.73700, 86.98900, 86.40400, 86.82700
86.66500, 86.71600, 85.49000, 85.60400
85.54000, 86.28600, 85.41400, 85.98500
85.89300, 87.00800, 85.82400, 86.86000
86.81100, 87.07900, 86.09600, 86.19400
86.09000, 86.41800, 85.45900, 86.03500
85.89000, 86.80900, 85.70900, 86.35000
86.26100, 86.96900, 86.17300, 86.53900
86.47500, 87.17900, 86.38500, 86.74200
86.69800, 87.21000, 86.50700, 87.12900
87.08100, 87.70200, 86.61600, 87.52900
87.44300, 87.92400, 87.27700, 87.82800
87.77300, 88.15400, 87.24900, 87.61000
87.55500, 87.64300, 86.76100, 87.39400
87.34000, 87.59900, 86.86200, 87.33900
87.28900, 87.45600, 86.91800, 87.14900
86.58900, 87.34500, 86.53600, 87.08900
87.05000, 87.18500, 82.65200, 83.55900
83.49600, 83.75500, 82.76100, 83.30800
83.24300, 83.52500, 82.51400, 82.66400
82.56100, 83.64100, 82.42700, 83.38300
83.35800, 83.70100, 83.08100, 83.48600
83.45600, 84.19400, 82.89200, 83.72800
83.68400, 84.97600, 83.62400, 84.76200
84.67300, 84.87300, 84.19100, 84.36600
84.31200, 84.42700, 82.90500, 83.22100
82.66700, 82.89300, 82.48600, 82.58500
82.46400, 83.01100, 81.02400, 81.83200
81.80000, 83.67700, 81.73300, 83.43100
83.36400, 83.84100, 82.75100, 83.04200
83.00500, 83.96400, 82.94000, 83.79800
83.46300, 84.66100, 83.45300, 83.98500
83.91500, 84.27600, 83.77200, 84.21000
84.16800, 84.48500, 83.79600, 84.29600
84.23500, 84.36300, 82.56700, 82.67300
82.62600, 82.65400, 80.94300, 81.60900
81.45700, 82.21100, 81.33700, 81.97600
81.93000, 82.70200, 81.86400, 82.37100
82.31800, 84.80000, 82.24900, 83.02300
82.93100, 83.03400, 81.78700, 82.09800
82.08300, 83.91500, 82.04700, 83.80600
83.75000, 84.84600, 83.62700, 84.79300
84.74500, 84.90700, 84.30500, 84.66400
84.58200, 84.77700, 83.56500, 83.91100
83.90200, 84.60700, 83.56600, 84.49400
84.44100, 84.47500, 83.99800, 84.24700
84.01800, 84.69600, 83.87700, 84.35500
84.30500, 84.44800, 83.61100, 83.76300
83.72900, 84.06300, 83.06000, 83.84400
83.74900, 84.16100, 83.19000, 83.31400
83.19300, 83.66400, 82.89500, 82.95800
83.39800, 83.70500, 83.07300, 83.60100
83.55900, 83.87000, 82.60700, 82.90600
82.80500, 83.03300, 82.65600, 82.84600
82.81800, 83.54900, 82.80100, 83.19200
83.19000, 83.30100, 82.31200, 82.90200
82.89800, 84.46400, 82.87700, 84.17000
84.09900, 84.40800, 83.56700, 84.31100
84.32100, 84.35000, 83.64400, 84.22200
84.20800, 84.47600, 83.70500, 83.80000
83.77200, 84.01100, 83.54800, 83.74000
83.66800, 83.95700, 83.45300, 83.92100
83.85400, 84.14100, 83.58300, 83.85100
83.79200, 84.18100, 83.63900, 83.89400
83.70000, 84.25400, 83.60200, 83.85100
83.84600, 84.19100, 83.54200, 84.10200
84.13700, 84.14300, 83.60500, 83.98800
83.93400, 84.48700, 83.75400, 84.24000
84.12100, 85.19800, 84.07900, 85.18200
85.11000, 85.19000, 84.85600, 85.02900
84.96900, 85.17200, 84.40600, 84.48800
84.47000, 84.54600, 83.96900, 84.20500
84.16500, 84.48100, 83.63900, 83.73500
83.71700, 84.27600, 83.63200, 83.84200
83.82300, 83.90900, 82.98100, 83.04200
82.95500, 83.79000, 82.54400, 82.82000
82.20500, 83.32200, 82.00500, 82.83700
82.81800, 84.05000, 82.68000, 83.69100
83.68100, 83.97500, 81.81600, 82.18600
82.16400, 82.86100, 81.12200, 82.68000
82.68500, 83.31000, 82.39600, 82.49300
82.71700, 83.25800, 81.46100, 82.03900
82.03200, 82.15800, 81.39400, 82.04900
82.03100, 82.65600, 81.53000, 81.72100
81.70600, 82.47200, 81.35500, 81.76900
81.77000, 81.79900, 80.42800, 80.98500
80.90900, 81.54100, 80.90900, 81.50700
81.48900, 81.88100, 81.18400, 81.83100
81.79000, 82.66500, 81.63900, 82.65400
82.61400, 83.10100, 82.27900, 83.08800
83.06300, 83.81400, 82.90600, 83.00700
83.37700, 83.70700, 82.63500, 83.35500
83.33200, 83.80800, 82.83800, 83.06000
83.05700, 83.87600, 82.51300, 82.90700
82.79400, 82.94200, 82.13900, 82.24900
82.17400, 82.73900, 82.11300, 82.51200
82.51900, 83.09900, 82.39400, 83.07300
82.98300, 83.17400, 82.52300, 82.76800
82.64900, 82.99000, 82.56900, 82.70800
82.56900, 83.75900, 82.56000, 83.45900
83.41800, 83.69000, 82.88000, 83.02600
82.79300, 83.21100, 82.79200, 83.10000
83.06200, 83.41300, 83.00000, 83.22800
83.19200, 83.68300, 83.16000, 83.46800
83.45300, 83.56000, 82.76900, 82.87700
82.74900, 82.91200, 81.93700, 82.27800
82.23700, 82.82200, 82.14500, 82.77000
82.71000, 83.06100, 81.83600, 82.04500
82.02300, 82.24000, 81.55000, 81.69700
81.68900, 82.37100, 81.62600, 82.36000
82.23100, 84.31400, 82.06500, 84.24500
83.95900, 84.83900, 83.95900, 84.74100
84.71300, 85.40600, 84.55800, 84.75700
84.64600, 85.03900, 83.90800, 83.96300
83.84900, 84.46000, 83.41800, 84.32000
84.26600, 84.97100, 84.24400, 84.84300
84.80700, 85.85100, 84.80700, 85.70000
85.63700, 85.76900, 85.29700, 85.64900
85.58700, 85.90100, 85.05500, 85.49100
85.41300, 85.61600, 84.48000, 84.72600
84.66800, 84.74700, 83.71700, 84.00300
83.90700, 84.93700, 83.90700, 84.89200
84.88200, 85.21600, 84.62000, 84.95300
84.92600, 86.16600, 84.89100, 85.98900
85.94400, 86.33700, 85.67200, 86.32400
86.31700, 87.08000, 86.21000, 86.53700
86.41000, 87.13000, 86.27000, 87.11300
87.04100, 87.30100, 86.39400, 86.55500
86.50600, 86.67700, 84.68700, 85.17600
85.12300, 85.20100, 84.43900, 84.87900
84.84400, 85.20200, 84.63200, 84.96800
85.01600, 85.33100, 84.82000, 85.00600
84.96700, 85.06800, 84.30900, 84.45200
84.40700, 84.57400, 83.61500, 83.82600
83.74100, 84.28300, 83.51400, 84.22800
84.19800, 84.88500, 83.97300, 84.75700
84.77900, 85.02800, 84.54400, 84.71000
84.63300, 85.08700, 84.47800, 84.85300
84.81200, 84.91400, 84.40900, 84.58500
84.49300, 84.90600, 84.40000, 84.64200
84.60800, 85.54400, 84.26600, 85.39000
85.11700, 85.65300, 85.10100, 85.44500
85.40100, 86.22800, 85.14800, 86.20900
86.16800, 86.98000, 85.99800, 86.87700
86.85700, 87.58500, 86.62100, 87.44800
87.37400, 88.54900, 87.26800, 88.43800
88.17900, 88.48100, 87.80500, 88.00800
87.95500, 88.19100, 86.84600, 87.20600
87.14400, 88.10400, 87.02500, 87.97100
87.91500, 88.49700, 87.69800, 88.38200
88.34300, 88.57500, 87.46700, 88.23900
88.07500, 88.61000, 87.97200, 88.42200
88.40800, 88.96800, 88.29700, 88.75500
88.73800, 88.79200, 87.59500, 87.70300
87.68300, 88.01300, 87.59400, 87.84900
87.77200, 88.62600, 87.73200, 88.50900
88.39800, 89.05100, 88.38000, 88.97400
88.95000, 89.58500, 88.81700, 89.40600
89.36100, 89.68800, 89.12600, 89.33600
89.29700, 89.39200, 88.52300, 88.67400
88.63000, 88.83000, 88.16300, 88.18800
88.17000, 88.61700, 87.65100, 87.73000
87.70900, 87.93400, 86.69800, 86.90400
86.85800, 87.23400, 86.18600, 87.16000
87.09000, 88.33400, 87.01000, 88.22700
88.13300, 88.67200, 87.80200, 88.35500
88.18900, 88.35100, 87.44400, 87.70800
87.66300, 87.97800, 86.44700, 87.05000
87.04600, 87.66900, 86.88600, 87.42400
87.33700, 87.86600, 87.17000, 87.28300
87.23900, 87.89700, 86.99700, 87.42400
87.31400, 87.75600, 87.03200, 87.74800
87.71500, 87.97200, 87.49500, 87.62900
87.55300, 87.76400, 86.99200, 87.03000
86.99500, 87.78100, 85.68700, 86.18400
86.11700, 86.93400, 84.92600, 86.84500
86.54700, 88.48900, 86.51100, 88.29400
88.27600, 88.58500, 87.81400, 88.11300
88.07100, 88.20900, 86.86900, 87.09000
87.01100, 87.45100, 86.39400, 86.58600
86.55100, 87.03400, 86.33000, 86.40700
86.26700, 87.01000, 86.26700, 86.96100
86.93800, 87.30300, 86.31300, 86.90900
86.83900, 87.22400, 86.67800, 86.94500
86.92800, 87.78600, 86.78500, 87.13800
87.09400, 87.20800, 86.59400, 86.69600
86.59400, 86.97800, 86.26100, 86.94400
86.84700, 87.23000, 86.57600, 86.60000
86.53300, 87.14900, 86.37000, 86.84200
86.78400, 86.94000, 86.28800, 86.37900
86.20200, 86.20200, 86.20200, 86.20200