0.72317, 0.72474, 0.72199, 0.72359
0.72291, 0.72405, 0.72104, 0.72145
0.72119, 0.72705, 0.71950, 0.72548
0.72553, 0.73108, 0.72536, 0.73057
0.73072, 0.73219, 0.72620, 0.72703
0.72710, 0.72819, 0.72428, 0.72714
0.72645, 0.73239, 0.72636, 0.73063
0.73057, 0.73756, 0.73030, 0.73633
0.73633, 0.73784, 0.73443, 0.73584
0.73610, 0.73892, 0.73480, 0.73746
0.73742, 0.73950, 0.73451, 0.73520
0.73483, 0.73706, 0.73333, 0.73618
0.73637, 0.73722, 0.73263, 0.73407
0.73410, 0.73440, 0.73033, 0.73217
0.73218, 0.73422, 0.72597, 0.72714
0.72671, 0.72714, 0.72004, 0.72073
0.72017, 0.72182, 0.71456, 0.71475
0.71475, 0.71573, 0.71052, 0.71183
0.71169, 0.71188, 0.70576, 0.70688
0.70666, 0.70950, 0.70559, 0.70614
0.70617, 0.70956, 0.70394, 0.70849
0.70800, 0.70890, 0.70332, 0.70346
0.70327, 0.70409, 0.69902, 0.70023
0.70027, 0.70313, 0.69846, 0.69931
0.69928, 0.70470, 0.69865, 0.70412
0.70398, 0.70526, 0.69938, 0.70179
0.70194, 0.70411, 0.69946, 0.70153
0.70097, 0.70304, 0.69531, 0.69685
0.69693, 0.69965, 0.69487, 0.69809
0.69804, 0.69804, 0.69023, 0.69622
0.69607, 0.69869, 0.69540, 0.69614
0.69564, 0.69741, 0.69108, 0.69117
0.69117, 0.69244, 0.68539, 0.68612
0.68600, 0.69168, 0.68508, 0.68970
0.68949, 0.69376, 0.68718, 0.68722
0.68747, 0.69218, 0.68727, 0.69183
0.69159, 0.69494, 0.68837, 0.69453
0.69452, 0.69742, 0.69202, 0.69342
0.69299, 0.69445, 0.68839, 0.69157
0.69131, 0.69371, 0.69058, 0.69287
0.69232, 0.69382, 0.69054, 0.69167
0.69177, 0.69595, 0.69148, 0.69419
0.69423, 0.69490, 0.68894, 0.69017
0.68980, 0.69980, 0.68824, 0.69888
0.69880, 0.70237, 0.69684, 0.69994
0.69978, 0.70201, 0.69601, 0.69869
0.69734, 0.70483, 0.69734, 0.70314
0.70314, 0.70445, 0.69974, 0.70240
0.70240, 0.70598, 0.70213, 0.70341
0.70341, 0.70563, 0.70219, 0.70291
0.70291, 0.70422, 0.70080, 0.70287
0.70158, 0.70534, 0.70153, 0.70233
0.70229, 0.70458, 0.69965, 0.70067
0.70068, 0.70526, 0.69739, 0.70246
0.70246, 0.70443, 0.69714, 0.69753
0.69760, 0.69761, 0.69274, 0.69407
0.69290, 0.69557, 0.69199, 0.69335
0.69335, 0.69435, 0.68847, 0.69029
0.69028, 0.69167, 0.68595, 0.68645
0.68643, 0.68828, 0.68256, 0.68687
0.68685, 0.69205, 0.68501, 0.69060
0.69125, 0.69215, 0.68849, 0.68960
0.68960, 0.69015, 0.68470, 0.68521
0.68521, 0.68594, 0.67780, 0.67929
0.67825, 0.68102, 0.67459, 0.67566
0.67567, 0.67844, 0.67358, 0.67753
0.67799, 0.67903, 0.66894, 0.67144
0.67144, 0.67588, 0.66876, 0.67518
0.67508, 0.67832, 0.67412, 0.67631
0.67621, 0.67975, 0.67503, 0.67892
0.67878, 0.68443, 0.67814, 0.68405
0.68321, 0.68583, 0.68291, 0.68373
0.68373, 0.68570, 0.68059, 0.68354
0.68336, 0.68336, 0.67539, 0.67568
0.67576, 0.67860, 0.67478, 0.67767
0.67773, 0.67864, 0.67251, 0.67665
0.67589, 0.67930, 0.67576, 0.67777
0.67777, 0.68404, 0.67550, 0.67836
0.67843, 0.68049, 0.67423, 0.67943
0.67944, 0.68053, 0.67137, 0.67407
0.67413, 0.68173, 0.67194, 0.68068
0.67911, 0.68243, 0.67762, 0.67833
0.67833, 0.68183, 0.67687, 0.67985
0.67984, 0.68420, 0.67853, 0.68368
0.68367, 0.68504, 0.67807, 0.67823
0.67822, 0.68002, 0.67621, 0.67920
0.67905, 0.68344, 0.67905, 0.68229
0.68226, 0.68318, 0.68007, 0.68178
0.68178, 0.68195, 0.67815, 0.67909
0.67913, 0.67979, 0.67388, 0.67404
0.67365, 0.67659, 0.67201, 0.67442
0.67443, 0.67553, 0.67241, 0.67320
0.67320, 0.67551, 0.67247, 0.67342
0.67346, 0.67622, 0.67222, 0.67474
0.67194, 0.67235, 0.66115, 0.66131
0.66136, 0.66214, 0.65701, 0.65728
0.65701, 0.65945, 0.65618, 0.65788
0.65788, 0.66096, 0.65679, 0.65729
0.65727, 0.65766, 0.65442, 0.65643
0.65643, 0.66082, 0.65554, 0.65852
0.65862, 0.66362, 0.65792, 0.66348
0.66263, 0.66487, 0.66104, 0.66435
0.66401, 0.67008, 0.66360, 0.66956
0.66847, 0.67210, 0.66812, 0.66967
0.66912, 0.67020, 0.66302, 0.66364
0.66352, 0.66962, 0.66197, 0.66877
0.66776, 0.67021, 0.66698, 0.66985
0.66975, 0.67266, 0.66766, 0.67084
0.67084, 0.67194, 0.66848, 0.67128
0.67127, 0.67167, 0.66340, 0.66582
0.66577, 0.66615, 0.66068, 0.66206
0.66109, 0.66213, 0.65931, 0.65998
0.65996, 0.66067, 0.65399, 0.65525
0.65525, 0.65989, 0.65299, 0.65901
0.65904, 0.66159, 0.65719, 0.65879
0.65879, 0.65934, 0.65277, 0.65320
0.65264, 0.65469, 0.65122, 0.65239
0.65239, 0.65407, 0.65007, 0.65255
0.65263, 0.65652, 0.65022, 0.65580
0.65580, 0.65895, 0.65400, 0.65695
0.65693, 0.65953, 0.65429, 0.65455
0.65420, 0.65899, 0.65383, 0.65779
0.65757, 0.66075, 0.65613, 0.65860
0.65820, 0.66224, 0.65724, 0.66133
0.66138, 0.66928, 0.66011, 0.66852
0.66852, 0.66989, 0.66670, 0.66792
0.66681, 0.66884, 0.66405, 0.66414
0.66429, 0.66585, 0.66297, 0.66480
0.66486, 0.66957, 0.66343, 0.66568
0.66583, 0.66751, 0.66102, 0.66136
0.66135, 0.66393, 0.65982, 0.66139
0.66096, 0.66282, 0.65994, 0.66142
0.66155, 0.66155, 0.65749, 0.65926
0.65886, 0.65932, 0.65104, 0.65137
0.65137, 0.65193, 0.64738, 0.64769
0.64768, 0.64857, 0.64321, 0.64352
0.64382, 0.64544, 0.64241, 0.64534
0.64520, 0.64729, 0.64271, 0.64709
0.64708, 0.64967, 0.64419, 0.64437
0.64438, 0.65315, 0.64438, 0.65272
0.65272, 0.65331, 0.64997, 0.65057
0.64990, 0.65563, 0.64942, 0.65533
0.65521, 0.65966, 0.65401, 0.65872
0.65839, 0.66011, 0.65456, 0.65486
0.65486, 0.65775, 0.65340, 0.65422
0.65421, 0.66071, 0.65233, 0.65893
0.66072, 0.66103, 0.65435, 0.65522
0.65505, 0.65687, 0.65347, 0.65527
0.65524, 0.65672, 0.65179, 0.65209
0.65204, 0.65444, 0.65021, 0.65220
0.65219, 0.65327, 0.64647, 0.65223
0.65217, 0.65552, 0.65143, 0.65228
0.65226, 0.65727, 0.65209, 0.65531
0.65533, 0.65705, 0.65129, 0.65183
0.65183, 0.66625, 0.65183, 0.66404
0.66401, 0.66895, 0.66337, 0.66541
0.66328, 0.66757, 0.66315, 0.66636
0.66515, 0.67404, 0.66457, 0.67364
0.67368, 0.68202, 0.67120, 0.67835
0.67807, 0.67966, 0.67410, 0.67553
0.67502, 0.67652, 0.67273, 0.67354
0.67260, 0.67571, 0.67054, 0.67088
0.67078, 0.67676, 0.67072, 0.67643
0.67566, 0.68088, 0.67519, 0.67941
0.67918, 0.68396, 0.67869, 0.68289
0.68226, 0.68837, 0.67984, 0.68731
0.68612, 0.68735, 0.68162, 0.68367
0.68357, 0.68692, 0.67877, 0.67916
0.67835, 0.68535, 0.67813, 0.68325
0.68316, 0.68336, 0.67887, 0.68136
0.68125, 0.68202, 0.67647, 0.67746
0.67574, 0.68157, 0.67548, 0.67696
0.67696, 0.68101, 0.67534, 0.67915
0.67816, 0.68868, 0.67816, 0.68698
0.68653, 0.68840, 0.68378, 0.68568
0.68571, 0.68859, 0.68514, 0.68782
0.69149, 0.69400, 0.68887, 0.69261
0.69247, 0.69693, 0.69174, 0.69279
0.69286, 0.69440, 0.68891, 0.68977
0.68966, 0.69005, 0.68563, 0.68787
0.68757, 0.68981, 0.68461, 0.68585
0.68662, 0.69045, 0.68404, 0.68705
0.68672, 0.69113, 0.68603, 0.68734
0.68710, 0.69001, 0.68243, 0.68574
0.68523, 0.68792, 0.68418, 0.68562
0.68529, 0.68623, 0.67775, 0.67929
0.67944, 0.68175, 0.67844, 0.68038
0.67941, 0.68797, 0.67936, 0.68481
0.68441, 0.68701, 0.67626, 0.67669
0.67649, 0.67904, 0.67245, 0.67737
0.67729, 0.67899, 0.67043, 0.67056
0.67223, 0.67440, 0.67100, 0.67290
0.67382, 0.67459, 0.67156, 0.67297
0.67264, 0.67406, 0.66927, 0.66986
0.66966, 0.67199, 0.66923, 0.67057
0.67075, 0.67219, 0.66911, 0.67111
0.67151, 0.67166, 0.66520, 0.66533
0.66513, 0.67314, 0.65703, 0.66918
0.66910, 0.67515, 0.66698, 0.67347
0.67395, 0.67669, 0.67257, 0.67520
0.67512, 0.67572, 0.67071, 0.67210
0.67192, 0.68157, 0.67188, 0.67892
0.67853, 0.67941, 0.67708, 0.67797
0.67759, 0.68436, 0.67759, 0.68324
0.68247, 0.68323, 0.67962, 0.68212
0.68210, 0.68485, 0.67997, 0.68164
0.68117, 0.68301, 0.67549, 0.67763
0.67739, 0.67863, 0.67275, 0.67622
0.67601, 0.67840, 0.67367, 0.67417
0.67443, 0.67476, 0.67130, 0.67298
0.67289, 0.67498, 0.67065, 0.67479
0.67467, 0.67978, 0.67421, 0.67883
0.67849, 0.68062, 0.67558, 0.67605
0.67603, 0.68504, 0.67467, 0.68396
0.68228, 0.68721, 0.68227, 0.68294
0.68249, 0.68618, 0.68153, 0.68327
0.68309, 0.69113, 0.68206, 0.68955
0.68851, 0.69386, 0.68851, 0.69183
0.69131, 0.69416, 0.68902, 0.68909
0.68941, 0.69056, 0.68698, 0.68833
0.68988, 0.69057, 0.68708, 0.68923
0.68953, 0.69048, 0.67658, 0.67768
0.67735, 0.67777, 0.67441, 0.67492
0.67449, 0.67662, 0.67293, 0.67419
0.67386, 0.67731, 0.67267, 0.67323
0.67319, 0.67437, 0.67193, 0.67368
0.67348, 0.68517, 0.67244, 0.67968
0.67959, 0.68557, 0.67919, 0.68363
0.68355, 0.68741, 0.68091, 0.68632
0.68573, 0.68932, 0.68391, 0.68488
0.68478, 0.68871, 0.68145, 0.68839
0.68812, 0.68846, 0.68497, 0.68554
0.68547, 0.68766, 0.67968, 0.68013
0.67979, 0.68535, 0.67570, 0.68397
0.68602, 0.69017, 0.68523, 0.68832
0.68815, 0.69028, 0.68707, 0.68921
0.68880, 0.69016, 0.68345, 0.68468
0.68449, 0.68530, 0.67958, 0.68080
0.68042, 0.68389, 0.67939, 0.67972
0.68244, 0.68274, 0.67959, 0.68257
0.68134, 0.68268, 0.67684, 0.67974
0.67963, 0.68011, 0.67527, 0.67678
0.67660, 0.67926, 0.67445, 0.67527
0.67510, 0.68102, 0.67429, 0.68008
0.67912, 0.68356, 0.67899, 0.68325
0.68321, 0.68726, 0.68261, 0.68601
0.68610, 0.68612, 0.68288, 0.68541
0.68549, 0.68649, 0.68083, 0.68330
0.68334, 0.68585, 0.68307, 0.68422
0.68448, 0.68740, 0.68393, 0.68496
0.68500, 0.68712, 0.68404, 0.68505
0.68507, 0.69174, 0.68275, 0.69141
0.69171, 0.69381, 0.68568, 0.68784
0.68786, 0.68972, 0.68650, 0.68738
0.68842, 0.69186, 0.68719, 0.69118
0.69076, 0.69244, 0.68942, 0.69025
0.69013, 0.69140, 0.67866, 0.67997
0.67979, 0.68279, 0.67743, 0.67749
0.67760, 0.68231, 0.67737, 0.68045
0.68187, 0.68371, 0.68035, 0.68053
0.67874, 0.67985, 0.67384, 0.67567
0.67565, 0.67998, 0.67431, 0.67783
0.67775, 0.67994, 0.67479, 0.67530
0.67519, 0.67651, 0.67182, 0.67305
0.67252, 0.67533, 0.67218, 0.67409
0.67405, 0.67582, 0.67363, 0.67425
0.67418, 0.67736, 0.67377, 0.67625
0.67625, 0.67710, 0.67225, 0.67280
0.67269, 0.67815, 0.67133, 0.67609
0.67595, 0.67825, 0.67502, 0.67624
0.67612, 0.67692, 0.67409, 0.67631
0.67614, 0.67759, 0.66652, 0.67264
0.67260, 0.67297, 0.66724, 0.66817
0.66816, 0.66938, 0.66758, 0.66839
0.66767, 0.66894, 0.66725, 0.66784
0.66782, 0.66840, 0.66291, 0.66570
0.66570, 0.66570, 0.65814, 0.65908
0.66013, 0.66296, 0.65801, 0.66254
0.66253, 0.66817, 0.66161, 0.66583
0.66564, 0.66805, 0.66503, 0.66682
0.66625, 0.66848, 0.66545, 0.66765
0.66763, 0.66777, 0.66159, 0.66224
0.66219, 0.66391, 0.66078, 0.66154
0.66153, 0.66528, 0.66051, 0.66433
0.66016, 0.66290, 0.66001, 0.66074
0.66013, 0.66284, 0.65879, 0.65991
0.65990, 0.66038, 0.65250, 0.65756
0.65756, 0.65975, 0.65690, 0.65883
0.65883, 0.66142, 0.65827, 0.65983
0.65884, 0.66027, 0.65637, 0.65664
0.65664, 0.65912, 0.65640, 0.65741
0.65741, 0.65775, 0.65504, 0.65630
0.65628, 0.65823, 0.65318, 0.65350
0.65350, 0.65468, 0.65135, 0.65147
0.65232, 0.65462, 0.65202, 0.65333
0.65322, 0.65429, 0.65001, 0.65067
0.65066, 0.65102, 0.64917, 0.64931
0.64933, 0.65259, 0.64814, 0.65196
0.65195, 0.65555, 0.65120, 0.65504
0.65499, 0.65590, 0.65399, 0.65423
0.65408, 0.65582, 0.65396, 0.65422
0.65421, 0.65521, 0.65040, 0.65105
0.65105, 0.65273, 0.64946, 0.65089
0.65089, 0.65475, 0.64973, 0.65336
0.65323, 0.66041, 0.65233, 0.65972
0.65963, 0.66192, 0.65751, 0.66089
0.66088, 0.66662, 0.66030, 0.66155
0.66155, 0.66439, 0.66118, 0.66216
0.66215, 0.66813, 0.66139, 0.66615
0.66568, 0.66614, 0.66041, 0.66078
0.66019, 0.66112, 0.65682, 0.65822
0.65821, 0.65924, 0.65658, 0.65718
0.65707, 0.65875, 0.65556, 0.65646
0.65644, 0.65731, 0.64878, 0.64904
0.64914, 0.65145, 0.64906, 0.64935
0.64933, 0.65375, 0.64901, 0.65296
0.65291, 0.65627, 0.65135, 0.65383
0.65380, 0.65956, 0.65338, 0.65841
0.65839, 0.66039, 0.65539, 0.65888
0.65853, 0.66262, 0.65853, 0.66183
0.66134, 0.66611, 0.66134, 0.66392
0.66392, 0.66926, 0.65918, 0.66793
0.66791, 0.67015, 0.66710, 0.67011
0.67006, 0.67208, 0.66897, 0.67162
0.67175, 0.67266, 0.66644, 0.66753
0.66651, 0.66810, 0.66561, 0.66709
0.66709, 0.67194, 0.66665, 0.67053
0.67049, 0.67199, 0.66769, 0.66863
0.66862, 0.66942, 0.66019, 0.66227
0.66244, 0.66528, 0.66192, 0.66251
0.66192, 0.66314, 0.66002, 0.66068
0.66068, 0.66570, 0.65662, 0.66425
0.66443, 0.66887, 0.66407, 0.66634
0.66632, 0.66983, 0.66538, 0.66949
0.66944, 0.67343, 0.66812, 0.67177
0.67178, 0.67378, 0.66953, 0.66971
0.66970, 0.67465, 0.66958, 0.67318
0.67257, 0.67866, 0.67257, 0.67829
0.67823, 0.67903, 0.67580, 0.67609
0.67594, 0.67870, 0.67565, 0.67601
0.67577, 0.67593, 0.67024, 0.67035
0.67029, 0.67233, 0.66916, 0.67057
0.67041, 0.67073, 0.66536, 0.66641
0.66641, 0.66641, 0.66259, 0.66329
0.66297, 0.66415, 0.66158, 0.66313
0.66299, 0.66341, 0.66020, 0.66133
0.66133, 0.66187, 0.65427, 0.65623
0.65623, 0.65772, 0.65341, 0.65537
0.65537, 0.65605, 0.65050, 0.65347
0.65206, 0.65445, 0.64883, 0.65297
0.65259, 0.65875, 0.65078, 0.65256
0.65157, 0.65572, 0.63774, 0.64443
0.64443, 0.64916, 0.64332, 0.64789
0.64789, 0.64985, 0.64547, 0.64627
0.64647, 0.64749, 0.64381, 0.64434
0.64421, 0.64713, 0.64213, 0.64566
0.64564, 0.64686, 0.64207, 0.64368
0.64332, 0.64590, 0.64271, 0.64460
0.64460, 0.64471, 0.64226, 0.64244
0.64237, 0.64415, 0.64029, 0.64060
0.64059, 0.64294, 0.64030, 0.64167
0.64165, 0.64225, 0.63948, 0.64043
0.64043, 0.64075, 0.63611, 0.63665
0.63665, 0.64095, 0.63616, 0.63919
0.63793, 0.64032, 0.63417, 0.63880
0.63878, 0.63975, 0.63573, 0.63617
0.63611, 0.63664, 0.63258, 0.63343
0.63342, 0.63472, 0.63041, 0.63117
0.63115, 0.63202, 0.62829, 0.63096
0.62978, 0.63182, 0.62893, 0.63071
0.63068, 0.63391, 0.62689, 0.63370
0.63368, 0.63642, 0.63253, 0.63612
0.63559, 0.63954, 0.63527, 0.63743
0.63707, 0.64437, 0.63634, 0.64268
0.64137, 0.64445, 0.64127, 0.64275
0.64256, 0.64416, 0.64091, 0.64219
0.64208, 0.64393, 0.64069, 0.64136
0.64088, 0.64505, 0.63990, 0.64090
0.64088, 0.64095, 0.63719, 0.63759
0.63668, 0.63914, 0.63410, 0.63461
0.63460, 0.63587, 0.63217, 0.63568
0.63566, 0.63621, 0.62994, 0.63167
0.63166, 0.63323, 0.62980, 0.62995
0.62995, 0.63058, 0.62548, 0.62579
0.62627, 0.62988, 0.62577, 0.62928
0.62927, 0.63311, 0.62871, 0.63240
0.63238, 0.63485, 0.62658, 0.62687
0.62686, 0.63267, 0.62666, 0.62931
0.62931, 0.63096, 0.62786, 0.62950
0.62854, 0.62944, 0.62491, 0.62641
0.62641, 0.62717, 0.62036, 0.62414
0.62413, 0.62720, 0.62188, 0.62704
0.62677, 0.63159, 0.62548, 0.62975
0.63003, 0.63352, 0.62954, 0.63135
0.63037, 0.63216, 0.62831, 0.62873
0.62858, 0.63269, 0.62849, 0.62969
0.62964, 0.63250, 0.62892, 0.62904
0.62904, 0.63350, 0.62767, 0.63191
0.63194, 0.63539, 0.63160, 0.63368
0.63296, 0.63349, 0.62807, 0.62982
0.62949, 0.63146, 0.62583, 0.62938
0.62912, 0.63208, 0.62403, 0.62904
0.62872, 0.63549, 0.62820, 0.63464
0.63478, 0.63902, 0.63426, 0.63847
0.63790, 0.64161, 0.63702, 0.64041
0.64034, 0.64356, 0.63981, 0.64050
0.64027, 0.64263, 0.63857, 0.64232
0.64168, 0.64245, 0.63741, 0.63802
0.63802, 0.63828, 0.63475, 0.63491
0.63517, 0.63598, 0.63337, 0.63483
0.63481, 0.63752, 0.63386, 0.63560
0.63545, 0.64018, 0.63329, 0.64018
0.64002, 0.64329, 0.63918, 0.64143
0.64149, 0.64566, 0.64065, 0.64271
0.64332, 0.64655, 0.63900, 0.64011
0.64007, 0.64309, 0.63683, 0.63723
0.63751, 0.63889, 0.63598, 0.63694
0.63664, 0.63860, 0.63416, 0.63682
0.63648, 0.63817, 0.63217, 0.63293
0.63341, 0.63722, 0.63263, 0.63608
0.63590, 0.63677, 0.63248, 0.63286
0.63283, 0.64201, 0.63283, 0.64116
0.64104, 0.64185, 0.63587, 0.63814
0.63808, 0.64099, 0.63716, 0.64009
0.64010, 0.64116, 0.63898, 0.63975
0.63938, 0.64313, 0.63816, 0.64313
0.64300, 0.64358, 0.64037, 0.64167
0.64152, 0.64371, 0.63969, 0.64012
0.64020, 0.64250, 0.63985, 0.64027
0.64084, 0.64275, 0.63943, 0.64164
0.64163, 0.64311, 0.64054, 0.64280
0.64245, 0.64330, 0.64129, 0.64199
0.64182, 0.64302, 0.64019, 0.64169
0.64156, 0.64380, 0.64088, 0.64150
0.64324, 0.65108, 0.64239, 0.65031
0.65004, 0.65333, 0.64932, 0.65194
0.65170, 0.65402, 0.65030, 0.65287
0.65231, 0.65618, 0.65194, 0.65461
0.65451, 0.65758, 0.65407, 0.65650
0.65552, 0.65672, 0.65486, 0.65486
0.65458, 0.65677, 0.65283, 0.65453
0.65397, 0.66030, 0.65224, 0.65851
0.65841, 0.66003, 0.65739, 0.65982
0.66046, 0.66333, 0.65814, 0.65889
0.66007, 0.66140, 0.65878, 0.65962
0.65956, 0.66050, 0.65644, 0.65734
0.65688, 0.66130, 0.65540, 0.65885
0.65856, 0.66087, 0.65725, 0.66050
0.66040, 0.66136, 0.65884, 0.66029
0.65967, 0.66388, 0.65967, 0.66362
0.66310, 0.66458, 0.66210, 0.66409
0.66477, 0.66765, 0.66436, 0.66704
0.66684, 0.67102, 0.66654, 0.67018
0.66936, 0.67363, 0.66935, 0.67271
0.67267, 0.67554, 0.67070, 0.67404
0.67213, 0.67251, 0.66843, 0.66987
0.66950, 0.67004, 0.66438, 0.66613
0.66558, 0.66798, 0.66439, 0.66692
0.66694, 0.66790, 0.66248, 0.66385
0.66360, 0.66720, 0.66171, 0.66497
0.66419, 0.66581, 0.65998, 0.66126
0.66092, 0.66451, 0.66014, 0.66329
0.66351, 0.66526, 0.66200, 0.66296
0.66277, 0.66337, 0.66030, 0.66134
0.66070, 0.66204, 0.65836, 0.66176
0.66141, 0.66650, 0.66141, 0.66333
0.66311, 0.66504, 0.66068, 0.66090
0.66083, 0.66241, 0.65918, 0.66097
0.66051, 0.66147, 0.65874, 0.65950
0.65940, 0.66104, 0.65810, 0.65943
0.65881, 0.66235, 0.65807, 0.66183
0.66124, 0.66290, 0.65988, 0.66048
0.65787, 0.65961, 0.65419, 0.65442
0.65423, 0.65503, 0.65205, 0.65461
0.65437, 0.65473, 0.65054, 0.65267
0.65246, 0.65302, 0.64797, 0.64904
0.64904, 0.64948, 0.64537, 0.64624
0.64674, 0.64769, 0.64523, 0.64629
0.64572, 0.65010, 0.64492, 0.64952
0.64906, 0.65027, 0.64688, 0.64745
0.64710, 0.64838, 0.64537, 0.64576
0.64562, 0.64640, 0.63978, 0.64011
0.64029, 0.64171, 0.63816, 0.63833
0.63816, 0.64211, 0.63780, 0.64034
0.63986, 0.64874, 0.63986, 0.64627
0.64610, 0.64664, 0.64284, 0.64372
0.64337, 0.64442, 0.64229, 0.64337
0.64447, 0.64474, 0.64204, 0.64367
0.64345, 0.64414, 0.63813, 0.63859
0.63828, 0.64108, 0.63709, 0.63851
0.63761, 0.63946, 0.63247, 0.63319
0.63282, 0.63567, 0.63028, 0.63500
0.63150, 0.63561, 0.63033, 0.63394
0.63356, 0.63583, 0.63109, 0.63211
0.63179, 0.63216, 0.62870, 0.62883
0.62851, 0.63345, 0.62832, 0.63062
0.63041, 0.63184, 0.61912, 0.62460
0.61992, 0.62789, 0.61992, 0.62606
0.62517, 0.63253, 0.62462, 0.62756
0.62691, 0.63053, 0.62638, 0.62976
0.62926, 0.63341, 0.62800, 0.63094
0.62961, 0.63724, 0.62940, 0.63531
0.63174, 0.64477, 0.59929, 0.63317
0.63327, 0.63591, 0.62422, 0.62595
0.62607, 0.63437, 0.62581, 0.62713
0.62711, 0.62759, 0.60804, 0.61290
0.61224, 0.61601, 0.60174, 0.60628
0.60956, 0.61304, 0.59821, 0.60350
0.60363, 0.60956, 0.59149, 0.59504
0.59576, 0.59677, 0.56949, 0.57375
0.57372, 0.59174, 0.54686, 0.56676
0.56672, 0.58811, 0.56066, 0.57016
0.56771, 0.57370, 0.55875, 0.56935
0.56935, 0.58397, 0.56842, 0.58328
0.58175, 0.59122, 0.57869, 0.58428
0.58484, 0.59881, 0.57771, 0.59354
0.59346, 0.60688, 0.59092, 0.60400
0.60270, 0.60630, 0.59832, 0.60125
0.60080, 0.60384, 0.59089, 0.59641
0.59632, 0.59779, 0.58787, 0.59186
0.59122, 0.59731, 0.58800, 0.59193
0.59098, 0.59221, 0.58430, 0.58562
0.58704, 0.59630, 0.58494, 0.59272
0.59282, 0.60156, 0.59189, 0.59749
0.59656, 0.60306, 0.59397, 0.60083
0.60028, 0.60963, 0.59853, 0.60800
0.60743, 0.61028, 0.60558, 0.60715
0.60755, 0.61112, 0.60591, 0.60895
0.60881, 0.61304, 0.60648, 0.61063
0.61001, 0.61084, 0.59549, 0.59970
0.59858, 0.59986, 0.59210, 0.59587
0.59609, 0.60508, 0.59592, 0.60283
0.60341, 0.60918, 0.60085, 0.60381
0.60297, 0.60445, 0.59334, 0.59679
0.59562, 0.60036, 0.59394, 0.59529
0.59471, 0.60415, 0.59102, 0.60075
0.60016, 0.60175, 0.59754, 0.60172
0.60004, 0.60751, 0.60004, 0.60469
0.60436, 0.60730, 0.59919, 0.60578
0.60484, 0.61336, 0.60484, 0.61316
0.61308, 0.61757, 0.61068, 0.61271
0.61191, 0.61236, 0.60468, 0.60593
0.60496, 0.60600, 0.60082, 0.60504
0.60421, 0.60769, 0.60327, 0.60534
0.60514, 0.60730, 0.60034, 0.60109
0.60018, 0.60923, 0.59943, 0.60865
0.60813, 0.61478, 0.60813, 0.61352
0.61345, 0.61559, 0.60535, 0.60741
0.60716, 0.61236, 0.60408, 0.60745
0.60675, 0.60981, 0.59799, 0.59928
0.59872, 0.60046, 0.59569, 0.59950
0.59918, 0.60160, 0.59207, 0.59325
0.59314, 0.60434, 0.59237, 0.60383
0.60336, 0.61194, 0.60324, 0.60763
0.60713, 0.61578, 0.60625, 0.61470
0.61327, 0.61496, 0.61056, 0.61232
0.61140, 0.61296, 0.60807, 0.60929
0.60879, 0.61083, 0.60834, 0.61017
0.60986, 0.62283, 0.60899, 0.61993
0.61954, 0.62325, 0.61489, 0.61885
0.61783, 0.62282, 0.61694, 0.62114
0.62034, 0.62397, 0.61681, 0.62053
0.61877, 0.62989, 0.61839, 0.62962
0.62920, 0.63703, 0.62627, 0.63685
0.63583, 0.64438, 0.63551, 0.64250
0.64114, 0.64779, 0.64032, 0.64621
0.64579, 0.65279, 0.64546, 0.65028
0.64986, 0.65670, 0.64925, 0.65588
0.65540, 0.65803, 0.64682, 0.65136
0.65090, 0.65845, 0.64947, 0.65369
0.65295, 0.65417, 0.64107, 0.64293
0.64235, 0.64769, 0.63936, 0.64504
0.64396, 0.64837, 0.63799, 0.64722
0.64640, 0.65062, 0.64112, 0.64524
0.64594, 0.64753, 0.64284, 0.64572
0.64462, 0.64769, 0.64176, 0.64267
0.64227, 0.64570, 0.63997, 0.64069
0.63860, 0.64939, 0.63792, 0.64813
0.64741, 0.65325, 0.64356, 0.64908
0.64863, 0.65136, 0.64039, 0.64082
0.64087, 0.64417, 0.63981, 0.64300
0.64219, 0.64499, 0.64015, 0.64210
0.64033, 0.64423, 0.64009, 0.64193
0.64092, 0.64606, 0.63844, 0.64548
0.64475, 0.64887, 0.64395, 0.64775
0.64693, 0.65360, 0.64693, 0.65085
0.65002, 0.65386, 0.65001, 0.65288
0.65173, 0.65655, 0.65158, 0.65536
0.65474, 0.65796, 0.65187, 0.65453
0.65391, 0.65786, 0.65287, 0.65758
0.65700, 0.65997, 0.65503, 0.65683
0.65683, 0.65876, 0.65454, 0.65693
0.65655, 0.65926, 0.65367, 0.65374
0.65339, 0.65429, 0.65020, 0.65303
0.65299, 0.65832, 0.65285, 0.65704
0.65655, 0.65773, 0.65270, 0.65351
0.65298, 0.65651, 0.65266, 0.65536
0.65475, 0.65757, 0.65376, 0.65745
0.65667, 0.66491, 0.65584, 0.66353
0.66372, 0.66887, 0.66318, 0.66615
0.66539, 0.66890, 0.66249, 0.66329
0.66274, 0.66532, 0.66137, 0.66415
0.66271, 0.66925, 0.66238, 0.66836
0.66808, 0.67019, 0.66323, 0.66576
0.66546, 0.66787, 0.66403, 0.66671
0.66641, 0.67009, 0.66193, 0.67000
0.66914, 0.67148, 0.66221, 0.66258
0.66237, 0.66419, 0.65742, 0.66124
0.66041, 0.66254, 0.65885, 0.66226
0.66211, 0.66729, 0.66132, 0.66471
0.66458, 0.66885, 0.66274, 0.66854
0.66803, 0.66897, 0.65882, 0.65976
0.66028, 0.66109, 0.65768, 0.65915
0.65814, 0.66260, 0.65705, 0.65758
0.65699, 0.65995, 0.65228, 0.65805
0.65698, 0.65977, 0.65358, 0.65499
0.65469, 0.65587, 0.65255, 0.65419
0.65400, 0.65728, 0.65185, 0.65580
0.65578, 0.66085, 0.65334, 0.65993
0.65977, 0.66504, 0.65534, 0.65561
0.65579, 0.65704, 0.64880, 0.65358
0.65303, 0.65487, 0.65160, 0.65408
0.65260, 0.65641, 0.65209, 0.65242
0.65226, 0.65576, 0.65143, 0.65478
0.65433, 0.66220, 0.65426, 0.66201
0.66107, 0.66742, 0.65994, 0.66377
0.66232, 0.67429, 0.66232, 0.67373
0.67264, 0.67626, 0.67181, 0.67336
0.67191, 0.67786, 0.67172, 0.67582
0.67521, 0.67883, 0.67408, 0.67669
0.67680, 0.67721, 0.66927, 0.67119
0.67057, 0.67342, 0.66667, 0.67183
0.67136, 0.67212, 0.66895, 0.66912
0.66888, 0.67061, 0.66114, 0.66178
0.66128, 0.66865, 0.66000, 0.66838
0.66756, 0.67080, 0.66382, 0.66488
0.66415, 0.66941, 0.66375, 0.66644
0.66556, 0.67171, 0.66552, 0.66984
0.66942, 0.67355, 0.66829, 0.67117
0.67026, 0.67582, 0.67017, 0.67301
0.67272, 0.67580, 0.66741, 0.67535
0.67484, 0.67969, 0.67431, 0.67566
0.67620, 0.67774, 0.66507, 0.66674
0.66586, 0.66872, 0.66216, 0.66326
0.66222, 0.66464, 0.65346, 0.65497
0.65474, 0.65609, 0.65106, 0.65451
0.65421, 0.65915, 0.65268, 0.65440
0.65398, 0.65670, 0.65385, 0.65534
0.65510, 0.66019, 0.65479, 0.65904
0.66048, 0.66255, 0.65685, 0.66184
0.66183, 0.66565, 0.66097, 0.66478
0.66447, 0.66541, 0.66126, 0.66350
0.66341, 0.66536, 0.66286, 0.66422
0.66415, 0.66571, 0.65824, 0.65839
0.65840, 0.65997, 0.65702, 0.65776
0.65761, 0.65958, 0.65457, 0.65811
0.65769, 0.66718, 0.65663, 0.66701
0.66504, 0.66698, 0.66413, 0.66462
0.66395, 0.66701, 0.66274, 0.66480
0.66471, 0.66815, 0.66432, 0.66561
0.66544, 0.66618, 0.65753, 0.65960
0.65923, 0.66183, 0.65860, 0.66035
0.66015, 0.66454, 0.65986, 0.66070
0.66013, 0.66057, 0.65521, 0.65780
0.65772, 0.66769, 0.65719, 0.66537
0.66508, 0.66879, 0.66314, 0.66751
0.66686, 0.67041, 0.66554, 0.66874
0.66847, 0.66966, 0.66663, 0.66704
0.66717, 0.67234, 0.66717, 0.67060
0.67062, 0.67189, 0.66277, 0.66420
0.66420, 0.66590, 0.65960, 0.66276
0.66283, 0.66704, 0.65972, 0.66112
0.66034, 0.66339, 0.65883, 0.66328
0.66288, 0.67170, 0.66206, 0.66994
0.66881, 0.67429, 0.66132, 0.66988
0.66900, 0.67772, 0.66781, 0.67710
0.67638, 0.68013, 0.67500, 0.67711
0.67865, 0.68542, 0.67820, 0.68178
0.68137, 0.68392, 0.68029, 0.68299
0.68215, 0.69034, 0.68078, 0.68817
0.68753, 0.69137, 0.68341, 0.68383
0.68380, 0.68480, 0.68098, 0.68453
0.68386, 0.69050, 0.68383, 0.69046
0.69008, 0.69180, 0.68745, 0.68916
0.68847, 0.69444, 0.68748, 0.69223
0.69156, 0.69276, 0.68780, 0.69198
0.69146, 0.69501, 0.69033, 0.69277
0.69238, 0.69669, 0.68960, 0.69224
0.69150, 0.70041, 0.69150, 0.69780
0.69704, 0.70142, 0.69594, 0.70053
0.69985, 0.70132, 0.69921, 0.70023
0.70004, 0.70418, 0.70000, 0.70227
0.70208, 0.70502, 0.70086, 0.70095
0.70094, 0.70670, 0.70089, 0.70643
0.70624, 0.70834, 0.70308, 0.70641
0.70667, 0.71035, 0.70499, 0.70754
0.70664, 0.70787, 0.70268, 0.70395
0.70374, 0.70633, 0.70047, 0.70409
0.70325, 0.70530, 0.70225, 0.70438
0.70385, 0.70938, 0.70101, 0.70223
0.70187, 0.70985, 0.70102, 0.70980
0.70933, 0.71130, 0.70732, 0.70837
0.70940, 0.71192, 0.70758, 0.70797
0.70769, 0.70975, 0.70585, 0.70885
0.70854, 0.71201, 0.70531, 0.71138
0.71087, 0.71706, 0.71010, 0.71510
0.71474, 0.71517, 0.71094, 0.71377
0.71071, 0.71223, 0.70016, 0.70946
0.70980, 0.71057, 0.70303, 0.70434
0.70350, 0.71037, 0.70292, 0.70939
0.70923, 0.71170, 0.70886, 0.71072
0.71057, 0.71384, 0.70826, 0.71017
0.70959, 0.71638, 0.70886, 0.71485
0.71458, 0.72108, 0.71390, 0.72047
0.71947, 0.72403, 0.71810, 0.71850
0.71886, 0.72299, 0.71522, 0.71739
0.71691, 0.72585, 0.71649, 0.72504
0.72412, 0.73145, 0.72346, 0.72935
0.72927, 0.73047, 0.72240, 0.72573
0.72497, 0.72805, 0.72033, 0.72349
0.72250, 0.72319, 0.71456, 0.71608
0.71567, 0.72315, 0.71562, 0.72277
0.72149, 0.72388, 0.71653, 0.71767
0.71719, 0.72396, 0.71702, 0.72235
0.72121, 0.72286, 0.71174, 0.71294
0.71367, 0.71388, 0.70956, 0.71074
0.71025, 0.71399, 0.71017, 0.71161
0.71190, 0.71737, 0.71139, 0.71698
0.71669, 0.72223, 0.71669, 0.72145
0.72146, 0.72244, 0.71659, 0.71789
0.71699, 0.72163, 0.71698, 0.71962
0.71927, 0.72468, 0.71665, 0.72389
0.72357, 0.72439, 0.71457, 0.71575
0.71535, 0.71948, 0.71047, 0.71740
0.71667, 0.72249, 0.71498, 0.71778
0.71622, 0.72024, 0.71496, 0.71563
0.71541, 0.71956, 0.71342, 0.71943
0.71849, 0.72250, 0.71829, 0.72077
0.71991, 0.72242, 0.71461, 0.71552
0.71456, 0.72057, 0.71353, 0.72008
0.71831, 0.72315, 0.71773, 0.72173
0.72130, 0.72537, 0.72130, 0.72387
0.72364, 0.72447, 0.71987, 0.72089
0.72047, 0.72502, 0.72035, 0.72261
0.72297, 0.72318, 0.71747, 0.72168
0.72035, 0.72484, 0.72032, 0.72248
0.72246, 0.72675, 0.71967, 0.72080
0.72100, 0.72129, 0.71568, 0.71879
0.71846, 0.72239, 0.71752, 0.72207
0.72140, 0.73137, 0.72026, 0.72938
0.72898, 0.73423, 0.72802, 0.73267
0.73205, 0.73460, 0.73061, 0.73427
0.73300, 0.74538, 0.73133, 0.74445
0.74383, 0.74638, 0.73587, 0.73671
0.73670, 0.73818, 0.72224, 0.72271
0.72309, 0.72918, 0.72242, 0.72646
0.72634, 0.73061, 0.72084, 0.72925
0.72740, 0.73036, 0.72363, 0.72455
0.72517, 0.72720, 0.71718, 0.71857
0.71900, 0.71917, 0.70984, 0.71617
0.71654, 0.71908, 0.71037, 0.71209
0.71196, 0.71809, 0.71020, 0.71732
0.71670, 0.71987, 0.71304, 0.71956
0.71935, 0.72398, 0.71617, 0.72261
0.72192, 0.72321, 0.71497, 0.71733
0.71750, 0.72157, 0.71666, 0.71974
0.71974, 0.72051, 0.71664, 0.71881
0.71887, 0.72630, 0.71525, 0.72287
0.72291, 0.72687, 0.71581, 0.71630
0.71638, 0.71870, 0.71416, 0.71609
0.71407, 0.71819, 0.71379, 0.71555
0.71559, 0.71576, 0.69895, 0.70044
0.70043, 0.70072, 0.69535, 0.69652
0.69645, 0.69854, 0.69423, 0.69531
0.69521, 0.70012, 0.69503, 0.69975
0.69882, 0.70173, 0.69708, 0.69952
0.69939, 0.70325, 0.69720, 0.69837
0.69771, 0.70248, 0.69625, 0.69813
0.69767, 0.70260, 0.69442, 0.70206
0.70100, 0.70468, 0.70088, 0.70258
0.70195, 0.70687, 0.70149, 0.70606
0.70515, 0.70687, 0.70071, 0.70559
0.70571, 0.70682, 0.69963, 0.70131
0.70118, 0.70610, 0.70028, 0.70596
0.70537, 0.70646, 0.70087, 0.70335
0.70265, 0.70485, 0.70130, 0.70284
0.70280, 0.70587, 0.70030, 0.70544
0.70528, 0.71494, 0.70425, 0.71385
0.71349, 0.71795, 0.71340, 0.71699
0.71677, 0.71780, 0.71312, 0.71441
0.71276, 0.71971, 0.71211, 0.71803
0.71807, 0.72290, 0.71643, 0.71702
0.71705, 0.72175, 0.71616, 0.72073
0.72093, 0.72127, 0.71450, 0.71638
0.71621, 0.72025, 0.71485, 0.71941
0.71883, 0.72426, 0.71872, 0.72359
0.72331, 0.72361, 0.72005, 0.72081
0.72022, 0.72669, 0.71875, 0.72617
0.72547, 0.72859, 0.72216, 0.72405
0.72438, 0.72537, 0.71498, 0.71595
0.71610, 0.72118, 0.71548, 0.72003
0.71972, 0.72029, 0.71146, 0.71490
0.71409, 0.72169, 0.71399, 0.72156
0.72137, 0.72379, 0.71837, 0.72337
0.72297, 0.72986, 0.72044, 0.72810
0.72832, 0.73042, 0.72603, 0.72603
0.72629, 0.72889, 0.72509, 0.72680
0.72690, 0.72745, 0.71507, 0.71590
0.71546, 0.71933, 0.71340, 0.71861
0.71649, 0.72540, 0.71640, 0.72433
0.72315, 0.72494, 0.71805, 0.72128
0.72037, 0.72702, 0.71950, 0.72384
0.72385, 0.72465, 0.71503, 0.71694
0.71667, 0.72158, 0.71557, 0.72031
0.71941, 0.72217, 0.71534, 0.71634
0.71775, 0.72185, 0.71574, 0.72169
0.72066, 0.72494, 0.71975, 0.72243
0.72148, 0.73157, 0.72148, 0.72783
0.72755, 0.73108, 0.72653, 0.72934
0.72854, 0.72941, 0.72121, 0.72432
0.72522, 0.72828, 0.72308, 0.72645
0.72590, 0.72874, 0.72454, 0.72528
0.72438, 0.72715, 0.72079, 0.72347
0.72344, 0.72408, 0.71245, 0.71443
0.71400, 0.72151, 0.71317, 0.72098
0.72089, 0.72416, 0.71860, 0.72266
0.72254, 0.72320, 0.71865, 0.71931
0.71924, 0.72135, 0.71666, 0.71774
0.71692, 0.72120, 0.71644, 0.71925
0.71904, 0.72097, 0.71153, 0.71268
0.71294, 0.71519, 0.71254, 0.71393
0.71375, 0.71599, 0.71044, 0.71172
0.71168, 0.71539, 0.70416, 0.70476
0.70485, 0.71024, 0.69908, 0.70050
0.69944, 0.70173, 0.69224, 0.69301
0.69360, 0.69985, 0.69310, 0.69868
0.69825, 0.70355, 0.69626, 0.70153
0.70120, 0.70685, 0.69947, 0.70464
0.70348, 0.70727, 0.70291, 0.70562
0.70536, 0.70944, 0.70535, 0.70619
0.70691, 0.70855, 0.70319, 0.70401
0.70344, 0.70504, 0.69782, 0.69922
0.69855, 0.70057, 0.69644, 0.69868
0.69849, 0.70093, 0.69608, 0.69671
0.69619, 0.70364, 0.69462, 0.70269
0.70233, 0.70332, 0.70090, 0.70233
0.70230, 0.71044, 0.69873, 0.70083
0.70018, 0.70604, 0.69886, 0.70155
0.70116, 0.70186, 0.69338, 0.69453
0.69449, 0.70036, 0.69221, 0.69990
0.69888, 0.70079, 0.69474, 0.69833
0.69768, 0.70086, 0.69167, 0.69439
0.69394, 0.70430, 0.69378, 0.70376
0.70285, 0.70438, 0.69647, 0.69791
0.69745, 0.70376, 0.69705, 0.69969
0.69991, 0.70027, 0.69153, 0.69413
0.69371, 0.69532, 0.68803, 0.69157
0.69070, 0.69763, 0.68934, 0.69691
0.69662, 0.69849, 0.69459, 0.69738
0.69614, 0.69915, 0.69583, 0.69753
0.69753, 0.70092, 0.69470, 0.69971
0.69894, 0.70051, 0.69387, 0.69572
0.69484, 0.69685, 0.68996, 0.69524
0.69423, 0.70186, 0.69423, 0.70082
0.70053, 0.70203, 0.69584, 0.69738
0.69590, 0.69921, 0.69514, 0.69703
0.69677, 0.70177, 0.69610, 0.70163
0.70165, 0.70875, 0.70165, 0.70414
0.70406, 0.70726, 0.70358, 0.70519
0.70516, 0.70618, 0.70006, 0.70090
0.70013, 0.70252, 0.69796, 0.69891
0.69892, 0.70100, 0.69677, 0.70068
0.70055, 0.70609, 0.69904, 0.70393
0.70387, 0.70462, 0.69948, 0.69993
0.69987, 0.70468, 0.69937, 0.70367
0.70388, 0.70433, 0.70099, 0.70177
0.70162, 0.70283, 0.68992, 0.69165
0.69163, 0.69503, 0.68674, 0.68793
0.68781, 0.68871, 0.68078, 0.68243
0.68236, 0.68414, 0.68042, 0.68350
0.68207, 0.69035, 0.68207, 0.68885
0.68881, 0.69650, 0.68782, 0.69509
0.69489, 0.69823, 0.69290, 0.69735
0.69727, 0.69757, 0.69399, 0.69432
0.69429, 0.70178, 0.69321, 0.70093
0.69948, 0.70138, 0.69858, 0.69973
0.69957, 0.70678, 0.69919, 0.70462
0.70452, 0.70767, 0.70333, 0.70682
0.70670, 0.71187, 0.70562, 0.71134
0.71108, 0.71694, 0.71001, 0.71495
0.71539, 0.71569, 0.71246, 0.71336
0.71332, 0.71520, 0.70859, 0.70997
0.70986, 0.71141, 0.70751, 0.70991
0.70973, 0.71330, 0.70815, 0.71079
0.71068, 0.71555, 0.70889, 0.71070
0.71099, 0.71221, 0.70966, 0.71168
0.71169, 0.71501, 0.70816, 0.70956
0.70956, 0.71176, 0.70724, 0.71091
0.71076, 0.71362, 0.70585, 0.70719
0.70707, 0.70866, 0.70247, 0.70323
0.70312, 0.70416, 0.70046, 0.70292
0.70267, 0.70556, 0.69926, 0.70061
0.70047, 0.70549, 0.69902, 0.70007
0.69991, 0.70923, 0.69806, 0.70670
0.70651, 0.70796, 0.69961, 0.70118
0.70025, 0.70324, 0.69894, 0.70122
0.70101, 0.70262, 0.69420, 0.69597
0.69586, 0.69621, 0.68587, 0.68636
0.68640, 0.69206, 0.68591, 0.68963
0.68951, 0.69501, 0.68702, 0.69369
0.69361, 0.69811, 0.69257, 0.69630
0.69619, 0.69751, 0.69270, 0.69579
0.69560, 0.69781, 0.68756, 0.69136
0.69126, 0.69430, 0.69051, 0.69288
0.69267, 0.69591, 0.69076, 0.69272
0.69174, 0.69637, 0.69150, 0.69354
0.69341, 0.69689, 0.69229, 0.69305
0.69287, 0.69674, 0.69108, 0.69653
0.69640, 0.70408, 0.69596, 0.70353
0.70341, 0.70761, 0.70244, 0.70695
0.70649, 0.71040, 0.70486, 0.70864
0.70840, 0.71715, 0.70755, 0.71519
0.71513, 0.72076, 0.71458, 0.71992
0.71988, 0.72177, 0.71374, 0.71565
0.71555, 0.71883, 0.71308, 0.71485
0.71420, 0.71772, 0.71293, 0.71660
0.71626, 0.71931, 0.71497, 0.71618
0.71608, 0.71880, 0.71308, 0.71697
0.71677, 0.72159, 0.71507, 0.72021
0.72007, 0.72007, 0.71352, 0.71645
0.71592, 0.71970, 0.71592, 0.71815
0.71818, 0.71847, 0.70919, 0.71205
0.71207, 0.71724, 0.71123, 0.71562
0.71536, 0.71778, 0.70942, 0.71022
0.71021, 0.71264, 0.70717, 0.71150
0.71117, 0.71760, 0.71028, 0.71662
0.71650, 0.71733, 0.71087, 0.71308
0.71296, 0.71318, 0.70544, 0.70572
0.70568, 0.70705, 0.70116, 0.70199
0.70193, 0.70470, 0.69960, 0.70386
0.70371, 0.70796, 0.70312, 0.70414
0.70417, 0.70633, 0.69843, 0.69889
0.69890, 0.70197, 0.69792, 0.69983
0.69967, 0.70517, 0.69906, 0.70466
0.70371, 0.70460, 0.69895, 0.69908
0.69934, 0.70130, 0.69476, 0.69560
0.69471, 0.69732, 0.69151, 0.69486
0.69428, 0.69563, 0.68546, 0.68703
0.68653, 0.68929, 0.68395, 0.68511
0.68504, 0.68560, 0.67956, 0.68052
0.68134, 0.68382, 0.67870, 0.68224
0.68194, 0.68555, 0.67718, 0.68231
0.68126, 0.68671, 0.68025, 0.68065
0.67996, 0.68305, 0.67949, 0.68183
0.68088, 0.68180, 0.67405, 0.67418
0.67481, 0.67630, 0.67359, 0.67507
0.67437, 0.67922, 0.67359, 0.67869
0.67806, 0.68181, 0.67590, 0.68082
0.68019, 0.68224, 0.67790, 0.67931
0.67896, 0.68064, 0.67690, 0.67929
0.67920, 0.68006, 0.67444, 0.67505
0.67458, 0.67700, 0.67345, 0.67408
0.67319, 0.67873, 0.67004, 0.67854
0.67771, 0.68331, 0.67564, 0.67969
0.67927, 0.68000, 0.67290, 0.67296
0.67294, 0.67418, 0.67013, 0.67124
0.67120, 0.67726, 0.67026, 0.67659
0.67609, 0.68214, 0.67388, 0.68099
0.68065, 0.68413, 0.67859, 0.68246
0.68228, 0.68253, 0.67990, 0.68107
0.68184, 0.68252, 0.67881, 0.68149
0.68075, 0.68279, 0.67864, 0.68028
0.67940, 0.68419, 0.67879, 0.68240
0.68197, 0.68563, 0.68137, 0.68272
0.68251, 0.68511, 0.68198, 0.68465
0.68306, 0.68557, 0.67738, 0.67831
0.67790, 0.68238, 0.67642, 0.68071
0.68071, 0.68364, 0.67880, 0.67936
0.67866, 0.67956, 0.67324, 0.67449
0.67352, 0.67806, 0.67346, 0.67713
0.67687, 0.67826, 0.67351, 0.67588
0.67537, 0.67902, 0.67394, 0.67834
0.67798, 0.68568, 0.67729, 0.68460
0.68450, 0.68899, 0.68169, 0.68595
0.68521, 0.68731, 0.67895, 0.68018
0.67965, 0.68177, 0.67860, 0.67939
0.67873, 0.68072, 0.67504, 0.67690
0.67593, 0.68108, 0.67593, 0.67806
0.67734, 0.68052, 0.67488, 0.67547
0.67508, 0.67578, 0.67064, 0.67118
0.67033, 0.67270, 0.66597, 0.66963
0.66902, 0.67099, 0.66594, 0.66824
0.66775, 0.67010, 0.66376, 0.66498
0.66412, 0.66595, 0.65694, 0.65804
0.65765, 0.65883, 0.65287, 0.65390
0.65427, 0.65963, 0.65358, 0.65737
0.65669, 0.66464, 0.65643, 0.66343
0.66322, 0.66616, 0.66197, 0.66277
0.66210, 0.66805, 0.66080, 0.66596
0.66542, 0.66827, 0.65891, 0.66103
0.65953, 0.66409, 0.65953, 0.66317
0.66256, 0.66531, 0.66241, 0.66474
0.66388, 0.66972, 0.66388, 0.66792
0.66747, 0.67322, 0.66525, 0.66709
0.66642, 0.66929, 0.66263, 0.66395
0.66317, 0.66508, 0.65920, 0.66156
0.66064, 0.66477, 0.66014, 0.66358
0.66323, 0.66906, 0.66323, 0.66756
0.66750, 0.67169, 0.66582, 0.66902
0.66836, 0.67289, 0.66758, 0.66892
0.66899, 0.67331, 0.66823, 0.66979
0.66934, 0.67542, 0.66794, 0.67300
0.67302, 0.68089, 0.67285, 0.67707
0.67617, 0.67752, 0.66296, 0.66914
0.66887, 0.67506, 0.66772, 0.67411
0.66795, 0.67765, 0.66751, 0.67744
0.67638, 0.67902, 0.67398, 0.67539
0.67498, 0.67989, 0.67418, 0.67862
0.67803, 0.68089, 0.67610, 0.67977
0.67949, 0.68713, 0.67669, 0.68603
0.68499, 0.69248, 0.68134, 0.68218
0.68157, 0.68498, 0.67990, 0.68013
0.68004, 0.68519, 0.67952, 0.68403
0.68308, 0.68739, 0.68101, 0.68609
0.68578, 0.68739, 0.67976, 0.68000
0.68017, 0.68139, 0.67377, 0.67454
0.67451, 0.67914, 0.67279, 0.67662
0.67664, 0.68439, 0.67408, 0.68303
0.68255, 0.68985, 0.68228, 0.68787
0.68795, 0.69126, 0.68659, 0.69034
0.68975, 0.69226, 0.68675, 0.68844
0.68831, 0.69648, 0.68632, 0.69596
0.69587, 0.69882, 0.69344, 0.69701
0.69704, 0.69771, 0.69396, 0.69600
0.69597, 0.69864, 0.69434, 0.69559
0.69442, 0.69625, 0.68865, 0.68949
0.68875, 0.69451, 0.68754, 0.69343
0.69310, 0.69979, 0.69260, 0.69734
0.69698, 0.69773, 0.69276, 0.69299
0.69290, 0.69476, 0.68955, 0.69166
0.69129, 0.69674, 0.69040, 0.69465
0.69392, 0.70334, 0.69264, 0.69422
0.69396, 0.69664, 0.68956, 0.69151
0.69101, 0.69201, 0.68804, 0.68879
0.68857, 0.68918, 0.68215, 0.68422
0.68359, 0.68542, 0.68128, 0.68234
0.68153, 0.68888, 0.68054, 0.68499
0.68471, 0.69009, 0.67510, 0.67949
0.67885, 0.68339, 0.67668, 0.67841
0.67816, 0.67875, 0.67622, 0.67662
0.67646, 0.67759, 0.67107, 0.67282
0.67185, 0.67634, 0.67158, 0.67303
0.67272, 0.68127, 0.67119, 0.68067
0.67970, 0.68088, 0.67192, 0.67288
0.67287, 0.67357, 0.66251, 0.66320
0.66269, 0.66357, 0.65812, 0.66189
0.66105, 0.66445, 0.65602, 0.65603
0.65592, 0.65903, 0.65268, 0.65396
0.65377, 0.65428, 0.64511, 0.64856
0.64826, 0.65425, 0.64507, 0.64548
0.64585, 0.64731, 0.64011, 0.64336
0.64280, 0.64750, 0.64099, 0.64324
0.64318, 0.65555, 0.64167, 0.65417
0.65417, 0.65676, 0.63925, 0.64215
0.64207, 0.64571, 0.63937, 0.64036
0.63989, 0.64039, 0.63190, 0.63194
0.63172, 0.63472, 0.62754, 0.62887
0.62819, 0.63791, 0.62786, 0.62906
0.62831, 0.62967, 0.62133, 0.62293
0.62257, 0.62888, 0.62149, 0.62869
0.62656, 0.63198, 0.62278, 0.63089
0.63029, 0.63751, 0.62879, 0.63581
0.63501, 0.63693, 0.62900, 0.62923
0.62892, 0.64167, 0.62848, 0.63810
0.63761, 0.64136, 0.63630, 0.64027
0.63899, 0.64913, 0.63890, 0.64655
0.64626, 0.64682, 0.64223, 0.64585
0.64556, 0.65138, 0.64203, 0.64765
0.64715, 0.64994, 0.64459, 0.64793
0.64696, 0.65490, 0.64693, 0.65350
0.65344, 0.65598, 0.65197, 0.65567
0.65495, 0.65635, 0.64823, 0.65146
0.65102, 0.65395, 0.64645, 0.64825
0.64735, 0.65641, 0.64597, 0.65580
0.65536, 0.65755, 0.65004, 0.65034
0.65035, 0.65361, 0.64800, 0.64888
0.64856, 0.64984, 0.64221, 0.64882
0.64857, 0.64910, 0.64345, 0.64448
0.64392, 0.64605, 0.63790, 0.63816
0.63774, 0.64343, 0.63477, 0.63515
0.63442, 0.63494, 0.62454, 0.62585
0.62499, 0.62925, 0.61958, 0.62131
0.62112, 0.63124, 0.62044, 0.62828
0.62830, 0.63949, 0.62323, 0.63591
0.63546, 0.63696, 0.62687, 0.63102
0.62960, 0.63637, 0.62960, 0.63306
0.63240, 0.63630, 0.63040, 0.63317
0.63249, 0.63317, 0.62432, 0.62870
0.62782, 0.63098, 0.62469, 0.62737
0.62701, 0.63263, 0.62685, 0.63121
0.63050, 0.63259, 0.62809, 0.62995
0.62945, 0.63127, 0.62361, 0.62369
0.62360, 0.62592, 0.62001, 0.62190
0.62162, 0.62536, 0.61975, 0.62413
0.62365, 0.62459, 0.61470, 0.62038
0.61849, 0.62514, 0.61849, 0.62082
0.62008, 0.62258, 0.61236, 0.61670
0.61654, 0.61911, 0.61310, 0.61463
0.61395, 0.61942, 0.61351, 0.61734
0.61708, 0.62062, 0.61312, 0.61867
0.61755, 0.61916, 0.60964, 0.61098
0.61040, 0.61449, 0.60991, 0.61260
0.61216, 0.61709, 0.60801, 0.61280
0.61267, 0.61339, 0.60600, 0.61227
0.61210, 0.61764, 0.60919, 0.61538
0.61483, 0.61998, 0.61376, 0.61521
0.61466, 0.62396, 0.61405, 0.62192
0.62181, 0.62714, 0.62064, 0.62260
0.62186, 0.62533, 0.61839, 0.62511
0.62493, 0.63036, 0.62107, 0.62505
0.62450, 0.62790, 0.62134, 0.62616
0.62562, 0.62795, 0.62160, 0.62288
0.62237, 0.62769, 0.61903, 0.62630
0.62552, 0.62966, 0.62500, 0.62891
0.62854, 0.63282, 0.62169, 0.62876
0.62744, 0.63519, 0.62666, 0.63308
0.63249, 0.63427, 0.62487, 0.62523
0.62429, 0.62806, 0.62119, 0.62713
0.62693, 0.63146, 0.62539, 0.62960
0.62917, 0.63090, 0.62116, 0.62378
0.62432, 0.63038, 0.62296, 0.62846
0.62808, 0.63024, 0.62695, 0.62853
0.62769, 0.64335, 0.62744, 0.64020
0.63996, 0.64619, 0.63836, 0.64290
0.64212, 0.64677, 0.64080, 0.64480
0.64449, 0.64553, 0.63500, 0.63635
0.63606, 0.63696, 0.63158, 0.63423
0.63406, 0.63824, 0.62576, 0.62793
0.62726, 0.63121, 0.62452, 0.62571
0.62544, 0.62566, 0.61631, 0.61711
0.61738, 0.62142, 0.61560, 0.61669
0.61635, 0.62436, 0.61589, 0.62118
0.62063, 0.62180, 0.61622, 0.61877
0.61843, 0.62505, 0.61741, 0.62234
0.62207, 0.62313, 0.61311, 0.61333
0.61240, 0.61666, 0.61012, 0.61535
0.61481, 0.61934, 0.61226, 0.61280
0.61213, 0.61540, 0.61100, 0.61197
0.61156, 0.61210, 0.60558, 0.60784
0.60758, 0.61400, 0.60497, 0.61096
0.60775, 0.61045, 0.60768, 0.60924
0.60869, 0.61278, 0.60337, 0.60379
0.60336, 0.60762, 0.59959, 0.60733
0.60708, 0.60777, 0.60307, 0.60531
0.60504, 0.61517, 0.60426, 0.61029
0.60814, 0.61570, 0.60814, 0.61350
0.61329, 0.61606, 0.59836, 0.59982
0.59942, 0.60242, 0.59758, 0.60032
0.59994, 0.60246, 0.59629, 0.59657
0.59623, 0.59937, 0.59398, 0.59905
0.59856, 0.60013, 0.59285, 0.59583
0.59547, 0.59749, 0.58848, 0.58946
0.58928, 0.59102, 0.58413, 0.58515
0.58488, 0.58870, 0.58035, 0.58444
0.58396, 0.58557, 0.57294, 0.57396
0.57413, 0.57535, 0.56244, 0.56321
0.56330, 0.57211, 0.56238, 0.56331
0.56237, 0.57327, 0.55643, 0.57288
0.57236, 0.57329, 0.56472, 0.57246
0.57210, 0.57501, 0.55904, 0.55936
0.55928, 0.57303, 0.55928, 0.57182
0.57178, 0.57579, 0.56796, 0.57286
0.57260, 0.58050, 0.56598, 0.57365
0.57335, 0.58133, 0.56392, 0.56556
0.56513, 0.56730, 0.55974, 0.56039
0.55991, 0.56288, 0.55439, 0.55648
0.55628, 0.56563, 0.55352, 0.55817
0.55790, 0.56317, 0.55594, 0.56094
0.56040, 0.56543, 0.55113, 0.56393
0.56319, 0.56811, 0.55497, 0.55590
0.55602, 0.56485, 0.55505, 0.56342
0.56245, 0.57188, 0.56129, 0.56836
0.56826, 0.57068, 0.56492, 0.56706
0.56630, 0.57411, 0.56223, 0.56776
0.56743, 0.57695, 0.55988, 0.57564
0.57716, 0.57896, 0.56563, 0.56919
0.56854, 0.57793, 0.56715, 0.57545
0.57450, 0.58446, 0.57247, 0.58365
0.58259, 0.58697, 0.57872, 0.58266
0.58222, 0.58727, 0.57746, 0.58083
0.57975, 0.58347, 0.57739, 0.58073
0.58084, 0.59019, 0.58042, 0.58461
0.58454, 0.59410, 0.58122, 0.58201
0.58207, 0.58379, 0.57401, 0.57705
0.57707, 0.59362, 0.57555, 0.59227
0.58632, 0.59451, 0.58531, 0.59378
0.59304, 0.59992, 0.58982, 0.59578
0.59539, 0.59685, 0.58720, 0.58834
0.58786, 0.60400, 0.58400, 0.60246
0.60188, 0.61292, 0.59746, 0.61142
0.60897, 0.61211, 0.60610, 0.60944
0.60928, 0.62026, 0.60847, 0.61552
0.61534, 0.61933, 0.61280, 0.61492
0.61443, 0.61675, 0.60635, 0.61264
0.61191, 0.62056, 0.61089, 0.61512
0.61537, 0.61684, 0.60859, 0.60996
0.60930, 0.61624, 0.60930, 0.61521
0.61484, 0.62490, 0.61125, 0.62415
0.62411, 0.62888, 0.62358, 0.62631
0.62586, 0.62768, 0.62183, 0.62413
0.62177, 0.62441, 0.61555, 0.61639
0.61593, 0.62530, 0.61577, 0.62005
0.61956, 0.63125, 0.61884, 0.62940
0.62934, 0.63991, 0.62864, 0.63702
0.63632, 0.64133, 0.63275, 0.64061
0.63827, 0.64420, 0.63018, 0.63156
0.63121, 0.63539, 0.63029, 0.63162
0.63129, 0.63837, 0.63091, 0.63534
0.63503, 0.63884, 0.63256, 0.63757
0.63709, 0.64266, 0.63548, 0.64093
0.64053, 0.64211, 0.63647, 0.63811
0.63774, 0.65132, 0.63729, 0.64632
0.64605, 0.64692, 0.64001, 0.64548
0.64505, 0.64632, 0.63178, 0.63402
0.63382, 0.63949, 0.63338, 0.63772
0.63704, 0.64086, 0.63419, 0.63626
0.63587, 0.63946, 0.62997, 0.63464
0.63434, 0.63498, 0.62764, 0.62941
0.62908, 0.63297, 0.62299, 0.62471
0.62411, 0.63039, 0.62326, 0.62818
0.62828, 0.62964, 0.62448, 0.62789
0.62798, 0.63173, 0.62423, 0.62735
0.62730, 0.63547, 0.62571, 0.63086
0.63031, 0.63572, 0.62949, 0.63447
0.63425, 0.63717, 0.63095, 0.63507
0.63185, 0.63370, 0.63083, 0.63121
0.63084, 0.63613, 0.61996, 0.62491
0.62456, 0.63522, 0.62389, 0.62941
0.62903, 0.63085, 0.62103, 0.62253
0.62237, 0.63594, 0.61909, 0.63449
0.63268, 0.64111, 0.63268, 0.63686
0.63658, 0.63888, 0.63419, 0.63672
0.63648, 0.63878, 0.63338, 0.63660
0.63607, 0.64167, 0.63113, 0.63931
0.63891, 0.64148, 0.63346, 0.63819
0.63749, 0.64261, 0.63606, 0.63799
0.63745, 0.64372, 0.63660, 0.64275
0.64212, 0.65297, 0.64196, 0.64427
0.64347, 0.64482, 0.63648, 0.63930
0.63904, 0.64760, 0.63897, 0.64689
0.64651, 0.64991, 0.64372, 0.64892
0.64832, 0.65245, 0.64629, 0.65033
0.64971, 0.65045, 0.64489, 0.64776
0.64761, 0.65137, 0.64561, 0.64897
0.64837, 0.65111, 0.64606, 0.64886
0.64804, 0.65077, 0.64618, 0.64665
0.64648, 0.64786, 0.64123, 0.64390
0.64359, 0.65060, 0.64160, 0.65044
0.64999, 0.65375, 0.64621, 0.64747
0.64698, 0.64808, 0.63226, 0.63231
0.63034, 0.63340, 0.62696, 0.63035
0.63010, 0.63584, 0.62723, 0.63248
0.63213, 0.63477, 0.62960, 0.63049
0.63029, 0.63887, 0.63015, 0.63255
0.63230, 0.63458, 0.62980, 0.63067
0.63082, 0.63651, 0.62889, 0.63570
0.63543, 0.63886, 0.62967, 0.63343
0.63328, 0.63374, 0.62517, 0.62802
0.62769, 0.63086, 0.62322, 0.62558
0.62526, 0.62541, 0.61934, 0.62405
0.62346, 0.62617, 0.62212, 0.62505
0.62484, 0.62609, 0.62024, 0.62120
0.62060, 0.62511, 0.62036, 0.62176
0.62141, 0.62504, 0.62022, 0.62269
0.62246, 0.62435, 0.61506, 0.61617
0.61649, 0.61792, 0.61305, 0.61657
0.61635, 0.62073, 0.61319, 0.61839
0.61813, 0.62750, 0.61653, 0.62560
0.62495, 0.62566, 0.61983, 0.62179
0.62127, 0.62409, 0.61920, 0.62185
0.62158, 0.62248, 0.61719, 0.61952
0.61914, 0.62213, 0.61028, 0.61059
0.61016, 0.61372, 0.60836, 0.61056
0.61039, 0.61504, 0.60955, 0.60990
0.60939, 0.61763, 0.60905, 0.61335
0.61400, 0.62636, 0.61395, 0.62181
0.62171, 0.62473, 0.61926, 0.62327
0.62324, 0.62640, 0.61581, 0.61615
0.61608, 0.61961, 0.61394, 0.61900
0.61904, 0.62765, 0.61850, 0.62619
0.62741, 0.62805, 0.62282, 0.62479
0.62476, 0.62481, 0.61666, 0.61934
0.61930, 0.62821, 0.61711, 0.62192
0.62208, 0.62937, 0.62158, 0.62506
0.62503, 0.62524, 0.61904, 0.61939
0.61955, 0.62111, 0.61801, 0.61955
0.61903, 0.62543, 0.61903, 0.62522
0.62480, 0.62702, 0.62136, 0.62243
0.62202, 0.62657, 0.62026, 0.62622
0.62606, 0.62969, 0.62366, 0.62530
0.62565, 0.62992, 0.62073, 0.62960
0.62916, 0.63142, 0.62731, 0.63097
0.63097, 0.63789, 0.62845, 0.63166
0.63085, 0.63238, 0.62386, 0.62436
0.62397, 0.62696, 0.62088, 0.62492
0.62455, 0.62556, 0.61932, 0.62188
0.62138, 0.62331, 0.61834, 0.61909
0.61793, 0.62412, 0.61789, 0.62139
0.62038, 0.63143, 0.62028, 0.62960
0.62942, 0.63142, 0.61946, 0.62073
0.61994, 0.62100, 0.61606, 0.61809
0.61769, 0.62238, 0.61728, 0.62077
0.62056, 0.62252, 0.61719, 0.61988
0.61978, 0.62054, 0.61486, 0.61758
0.61669, 0.61796, 0.61259, 0.61370
0.61393, 0.61675, 0.61245, 0.61663
0.61653, 0.61866, 0.61306, 0.61363
0.61309, 0.61481, 0.61081, 0.61160
0.61149, 0.61584, 0.61140, 0.61479
0.61433, 0.61867, 0.61234, 0.61795
0.61573, 0.61989, 0.61573, 0.61659
0.61644, 0.62175, 0.61624, 0.62070
0.62049, 0.62600, 0.62042, 0.62296
0.62269, 0.62977, 0.62066, 0.62798
0.62790, 0.63150, 0.62626, 0.62939
0.62904, 0.63588, 0.62839, 0.63441
0.63415, 0.63481, 0.63176, 0.63351
0.63326, 0.63803, 0.63214, 0.63657
0.63638, 0.63839, 0.62884, 0.62978
0.62957, 0.62995, 0.61817, 0.61880
0.61905, 0.62421, 0.61862, 0.62389
0.62384, 0.62590, 0.62229, 0.62301
0.62302, 0.62724, 0.62261, 0.62473
0.62455, 0.62684, 0.62031, 0.62247
0.62234, 0.63048, 0.62207, 0.62728
0.62634, 0.62917, 0.62611, 0.62865
0.62839, 0.63020, 0.62334, 0.62475
0.62433, 0.62559, 0.60907, 0.61110
0.61083, 0.61132, 0.60434, 0.60618
0.60614, 0.60957, 0.60325, 0.60445
0.60442, 0.60702, 0.60440, 0.60540
0.60527, 0.60659, 0.60245, 0.60428
0.60369, 0.60487, 0.59847, 0.60201
0.60135, 0.60764, 0.59900, 0.60704
0.60676, 0.61104, 0.60433, 0.60581
0.60550, 0.60845, 0.60407, 0.60696
0.60619, 0.60996, 0.60450, 0.60777
0.60749, 0.60962, 0.60302, 0.60367
0.60342, 0.60984, 0.60291, 0.60940
0.60929, 0.61384, 0.60773, 0.61296
0.61109, 0.61520, 0.61049, 0.61212
0.61173, 0.61773, 0.61061, 0.61491
0.61423, 0.62355, 0.61357, 0.62050
0.62032, 0.62421, 0.61499, 0.62342
0.62327, 0.62470, 0.62094, 0.62350
0.62254, 0.62360, 0.61909, 0.61987
0.61983, 0.62050, 0.61328, 0.61671
0.61622, 0.62171, 0.61553, 0.62022
0.62013, 0.62221, 0.61722, 0.61767
0.61730, 0.61899, 0.61163, 0.61404
0.61237, 0.61764, 0.61237, 0.61624
0.61605, 0.61998, 0.61347, 0.61614
0.61600, 0.61648, 0.60685, 0.60731
0.60685, 0.61013, 0.60496, 0.60697
0.60635, 0.61412, 0.60587, 0.61339
0.61257, 0.61699, 0.61253, 0.61510
0.61492, 0.62121, 0.61406, 0.61899
0.61866, 0.62061, 0.61747, 0.61783
0.61779, 0.62187, 0.61319, 0.61559
0.61537, 0.62190, 0.61514, 0.62076
0.62037, 0.62174, 0.61658, 0.62092
0.62073, 0.62240, 0.61664, 0.61974
0.61949, 0.63077, 0.61818, 0.62963
0.62930, 0.63947, 0.62880, 0.63922
0.63843, 0.64111, 0.63639, 0.63688
0.63543, 0.63682, 0.63078, 0.63238
0.63201, 0.63433, 0.62593, 0.62709
0.62710, 0.63144, 0.62245, 0.62625
0.62582, 0.63072, 0.62124, 0.62334
0.62298, 0.62395, 0.61634, 0.61652
0.61654, 0.62144, 0.61554, 0.62035
0.62015, 0.62293, 0.61857, 0.62203
0.62140, 0.62339, 0.61818, 0.62092
0.62066, 0.62728, 0.61737, 0.61817
0.61803, 0.61924, 0.61202, 0.61541
0.61339, 0.62249, 0.61339, 0.62075
0.62061, 0.62164, 0.61306, 0.61483
0.61468, 0.61683, 0.60678, 0.60795
0.60767, 0.60968, 0.60598, 0.60767
0.60751, 0.61325, 0.60681, 0.60963
0.60836, 0.61164, 0.60836, 0.61046
0.61036, 0.61093, 0.60340, 0.60656
0.60610, 0.60940, 0.60438, 0.60509
0.60487, 0.61174, 0.60195, 0.60202
0.60187, 0.60242, 0.59744, 0.59822
0.59815, 0.59911, 0.59431, 0.59748
0.59664, 0.59960, 0.59454, 0.59505
0.59488, 0.59925, 0.59262, 0.59373
0.59333, 0.59631, 0.59022, 0.59240
0.59316, 0.59316, 0.59316, 0.59316