1.28824, 1.29000, 1.28606, 1.28911
1.28908, 1.29435, 1.28626, 1.29126
1.29113, 1.29235, 1.27810, 1.28061
1.28046, 1.28477, 1.27571, 1.27647
1.27677, 1.28066, 1.27446, 1.27538
1.27477, 1.27956, 1.27331, 1.27809
1.27611, 1.28188, 1.26874, 1.26962
1.26959, 1.27078, 1.25882, 1.25985
1.25985, 1.26234, 1.25443, 1.25734
1.25710, 1.26224, 1.25616, 1.25896
1.25892, 1.26174, 1.25520, 1.26132
1.25934, 1.26231, 1.25642, 1.25645
1.25662, 1.25792, 1.25273, 1.25511
1.25505, 1.26594, 1.25477, 1.26270
1.26265, 1.26762, 1.25855, 1.26709
1.26683, 1.27594, 1.26310, 1.27592
1.27508, 1.28576, 1.27448, 1.28490
1.28458, 1.28610, 1.28123, 1.28323
1.28324, 1.28971, 1.28206, 1.28471
1.28415, 1.28851, 1.28210, 1.28735
1.28660, 1.29001, 1.28249, 1.28258
1.28349, 1.28743, 1.28052, 1.28414
1.28422, 1.29137, 1.28203, 1.28492
1.28478, 1.28874, 1.28030, 1.28826
1.28826, 1.29086, 1.28163, 1.28467
1.28454, 1.29173, 1.28359, 1.28454
1.28453, 1.28991, 1.28394, 1.28814
1.28796, 1.29971, 1.28761, 1.29519
1.29482, 1.29746, 1.28250, 1.28550
1.28518, 1.28612, 1.27424, 1.27677
1.27663, 1.27996, 1.27290, 1.27948
1.27762, 1.28114, 1.27500, 1.28112
1.28115, 1.29242, 1.27919, 1.28749
1.28753, 1.28769, 1.27776, 1.27916
1.27884, 1.28220, 1.27492, 1.28087
1.28065, 1.29107, 1.27909, 1.28825
1.28742, 1.28903, 1.27817, 1.27863
1.27831, 1.28223, 1.27424, 1.28178
1.28177, 1.29152, 1.28119, 1.28379
1.28285, 1.29202, 1.28236, 1.28795
1.28818, 1.29884, 1.28759, 1.29728
1.29609, 1.30217, 1.29602, 1.29939
1.29934, 1.30468, 1.29682, 1.30187
1.30158, 1.30402, 1.28358, 1.28766
1.28742, 1.29904, 1.28182, 1.29547
1.29567, 1.30077, 1.29310, 1.29565
1.29522, 1.29638, 1.28999, 1.29353
1.29336, 1.30668, 1.29140, 1.29648
1.29647, 1.29733, 1.28563, 1.29429
1.29445, 1.30013, 1.29353, 1.29717
1.29722, 1.30388, 1.29211, 1.29250
1.30000, 1.30274, 1.29551, 1.29835
1.29834, 1.30294, 1.29784, 1.30146
1.30146, 1.30515, 1.29551, 1.29804
1.29809, 1.31091, 1.29494, 1.31060
1.31056, 1.32025, 1.31001, 1.32021
1.31804, 1.32372, 1.31593, 1.32014
1.32012, 1.32912, 1.31960, 1.32834
1.32834, 1.33212, 1.32688, 1.33128
1.33128, 1.33353, 1.32826, 1.33212
1.33161, 1.33823, 1.32627, 1.32638
1.32671, 1.33246, 1.32661, 1.32954
1.32954, 1.33292, 1.32806, 1.33013
1.33013, 1.33860, 1.32772, 1.33431
1.33427, 1.33513, 1.32413, 1.32514
1.32514, 1.32692, 1.31299, 1.31315
1.31458, 1.32249, 1.31394, 1.31840
1.31840, 1.32080, 1.31322, 1.31377
1.31385, 1.31613, 1.31117, 1.31417
1.31414, 1.31603, 1.31152, 1.31352
1.31347, 1.31504, 1.30766, 1.30922
1.30841, 1.31228, 1.30659, 1.31089
1.31086, 1.31460, 1.31007, 1.31148
1.31144, 1.32150, 1.30641, 1.32069
1.32069, 1.32183, 1.31493, 1.31574
1.31569, 1.32087, 1.31499, 1.31520
1.31524, 1.31625, 1.31095, 1.31350
1.31402, 1.32191, 1.31107, 1.31947
1.31939, 1.32597, 1.31618, 1.31674
1.31674, 1.32896, 1.31600, 1.32673
1.32674, 1.32896, 1.31140, 1.31409
1.31292, 1.31796, 1.31145, 1.31750
1.31728, 1.31912, 1.31356, 1.31549
1.31544, 1.31659, 1.30243, 1.30452
1.30457, 1.30929, 1.30247, 1.30756
1.30756, 1.30790, 1.30408, 1.30627
1.30480, 1.30787, 1.29943, 1.30348
1.30344, 1.30962, 1.29813, 1.30116
1.30112, 1.30326, 1.29750, 1.29962
1.29962, 1.30395, 1.29937, 1.30248
1.30214, 1.30393, 1.29673, 1.29904
1.29916, 1.30403, 1.29874, 1.30019
1.30022, 1.30754, 1.29621, 1.30553
1.30552, 1.31201, 1.30066, 1.30230
1.30230, 1.30641, 1.30001, 1.30476
1.30482, 1.31533, 1.30396, 1.31355
1.31595, 1.31708, 1.31037, 1.31344
1.31344, 1.31361, 1.30580, 1.30582
1.30612, 1.31746, 1.30501, 1.31396
1.31396, 1.31742, 1.31136, 1.31603
1.31597, 1.31693, 1.30515, 1.30606
1.30532, 1.30924, 1.30396, 1.30401
1.30421, 1.30569, 1.30137, 1.30390
1.30328, 1.30439, 1.29864, 1.29986
1.29914, 1.30989, 1.29892, 1.30810
1.30807, 1.31033, 1.30111, 1.30258
1.30125, 1.30672, 1.29532, 1.29646
1.29680, 1.29823, 1.28873, 1.29282
1.29284, 1.29638, 1.29028, 1.29102
1.29100, 1.30001, 1.29030, 1.29805
1.29805, 1.30883, 1.29677, 1.30396
1.30725, 1.31027, 1.30445, 1.30970
1.30968, 1.32078, 1.30892, 1.31882
1.31879, 1.32062, 1.31576, 1.31796
1.31796, 1.32262, 1.31279, 1.31449
1.31443, 1.31905, 1.31098, 1.31632
1.31609, 1.31979, 1.31512, 1.31603
1.31598, 1.31747, 1.30419, 1.30659
1.30661, 1.30783, 1.29804, 1.30014
1.30014, 1.30256, 1.29759, 1.29957
1.29952, 1.30543, 1.29828, 1.30309
1.30272, 1.30486, 1.30031, 1.30405
1.30411, 1.30641, 1.29717, 1.29791
1.29746, 1.30049, 1.28998, 1.29191
1.29191, 1.29326, 1.28843, 1.29035
1.29035, 1.29429, 1.28856, 1.29121
1.29267, 1.29557, 1.29090, 1.29551
1.29551, 1.29725, 1.29359, 1.29515
1.29520, 1.30254, 1.29442, 1.30210
1.30210, 1.30820, 1.30095, 1.30425
1.30427, 1.30488, 1.29078, 1.29081
1.28494, 1.28877, 1.27822, 1.28158
1.28121, 1.28408, 1.27992, 1.28231
1.28211, 1.28826, 1.28070, 1.28739
1.28723, 1.29375, 1.28570, 1.29248
1.29248, 1.29551, 1.28870, 1.29414
1.29439, 1.30103, 1.29370, 1.29589
1.29586, 1.30036, 1.29356, 1.29471
1.29476, 1.30691, 1.29264, 1.30682
1.30634, 1.30716, 1.30148, 1.30341
1.30339, 1.30523, 1.30025, 1.30208
1.30189, 1.30512, 1.29550, 1.29937
1.29937, 1.29988, 1.29162, 1.29338
1.29335, 1.30256, 1.29320, 1.30241
1.30240, 1.30884, 1.30176, 1.30853
1.30851, 1.31322, 1.30276, 1.30989
1.30917, 1.31259, 1.30793, 1.31006
1.30992, 1.31223, 1.30759, 1.30816
1.30832, 1.31004, 1.29689, 1.30543
1.30540, 1.30984, 1.30152, 1.30690
1.30707, 1.31599, 1.30685, 1.31027
1.30970, 1.31493, 1.30823, 1.31303
1.31298, 1.31471, 1.31004, 1.31133
1.31126, 1.31699, 1.31071, 1.31589
1.31588, 1.31690, 1.30686, 1.30870
1.30846, 1.31190, 1.30484, 1.31065
1.30906, 1.31158, 1.30710, 1.31094
1.31084, 1.31444, 1.30988, 1.31251
1.31225, 1.31586, 1.30561, 1.31142
1.31089, 1.31833, 1.30869, 1.31524
1.31546, 1.32331, 1.31401, 1.32055
1.31986, 1.32491, 1.31825, 1.32479
1.32445, 1.32635, 1.32151, 1.32336
1.32314, 1.32639, 1.32073, 1.32417
1.32395, 1.32494, 1.31560, 1.31765
1.31763, 1.31863, 1.31269, 1.31454
1.31534, 1.32018, 1.31413, 1.31700
1.31691, 1.33180, 1.31553, 1.33077
1.33057, 1.33172, 1.32280, 1.32311
1.32293, 1.32452, 1.31813, 1.31882
1.31850, 1.32583, 1.31841, 1.32324
1.32239, 1.32610, 1.31869, 1.32528
1.32520, 1.33280, 1.32359, 1.32971
1.32905, 1.33596, 1.32419, 1.32757
1.32710, 1.33127, 1.32532, 1.32842
1.32751, 1.33331, 1.32712, 1.32824
1.32349, 1.32678, 1.31600, 1.31975
1.31956, 1.32664, 1.31638, 1.32646
1.32592, 1.33992, 1.32523, 1.33546
1.33523, 1.34446, 1.33505, 1.33819
1.33807, 1.34003, 1.32536, 1.33173
1.33317, 1.34165, 1.32926, 1.34003
1.33946, 1.34241, 1.33781, 1.33892
1.33882, 1.33970, 1.33222, 1.33505
1.33497, 1.33839, 1.33382, 1.33561
1.33529, 1.34012, 1.33455, 1.33818
1.33796, 1.34208, 1.33723, 1.34075
1.34047, 1.34966, 1.33905, 1.34657
1.34601, 1.35071, 1.34152, 1.34760
1.34816, 1.35304, 1.34462, 1.35055
1.35075, 1.36015, 1.34929, 1.36001
1.35928, 1.36016, 1.35647, 1.35937
1.35987, 1.36183, 1.35668, 1.35719
1.35678, 1.36608, 1.35659, 1.36177
1.36179, 1.36604, 1.35948, 1.36332
1.36371, 1.36647, 1.36089, 1.36271
1.35775, 1.36622, 1.35710, 1.35824
1.35780, 1.36544, 1.34688, 1.34867
1.34861, 1.34962, 1.33721, 1.33728
1.33755, 1.33896, 1.32784, 1.32995
1.32955, 1.33228, 1.32673, 1.32731
1.32714, 1.32788, 1.31799, 1.32097
1.32083, 1.32590, 1.32008, 1.32360
1.32349, 1.32785, 1.31833, 1.32652
1.32566, 1.32973, 1.32526, 1.32807
1.32827, 1.32942, 1.32260, 1.32661
1.32634, 1.32840, 1.32350, 1.32571
1.32521, 1.33189, 1.32460, 1.32789
1.32751, 1.32840, 1.32313, 1.32631
1.32596, 1.33183, 1.32512, 1.32950
1.32937, 1.33573, 1.32920, 1.33538
1.33519, 1.33715, 1.33049, 1.33443
1.33431, 1.33750, 1.33293, 1.33553
1.33449, 1.33619, 1.32139, 1.32157
1.32174, 1.32859, 1.32029, 1.32619
1.32549, 1.32847, 1.32414, 1.32685
1.32679, 1.32813, 1.31185, 1.31520
1.31489, 1.31651, 1.31202, 1.31235
1.31227, 1.31573, 1.30685, 1.31009
1.30896, 1.31474, 1.30853, 1.31111
1.31098, 1.31531, 1.31019, 1.31261
1.31243, 1.32149, 1.31239, 1.32110
1.32121, 1.33171, 1.32035, 1.33072
1.33067, 1.33289, 1.32321, 1.32747
1.32668, 1.33188, 1.32615, 1.32994
1.33019, 1.33146, 1.32330, 1.32348
1.32350, 1.32594, 1.31959, 1.32553
1.32527, 1.33405, 1.32287, 1.32948
1.32936, 1.33130, 1.32442, 1.32450
1.32452, 1.32547, 1.32250, 1.32373
1.32373, 1.32812, 1.32054, 1.32115
1.32095, 1.32159, 1.31500, 1.31763
1.31749, 1.32339, 1.31624, 1.32320
1.32299, 1.32420, 1.31307, 1.31333
1.31337, 1.31972, 1.31126, 1.31869
1.31858, 1.32356, 1.31549, 1.31682
1.31676, 1.31762, 1.31181, 1.31556
1.31532, 1.32071, 1.31400, 1.31752
1.31695, 1.33059, 1.31298, 1.32958
1.32779, 1.33376, 1.32748, 1.33046
1.33035, 1.33599, 1.33015, 1.33506
1.33491, 1.34573, 1.33479, 1.34388
1.34407, 1.34672, 1.34133, 1.34544
1.34533, 1.34661, 1.33902, 1.34176
1.34159, 1.34400, 1.33919, 1.33939
1.33943, 1.34171, 1.33509, 1.33543
1.33544, 1.33713, 1.32904, 1.33011
1.32993, 1.33471, 1.32869, 1.33314
1.33308, 1.33712, 1.32891, 1.33337
1.33361, 1.33653, 1.33014, 1.33343
1.33373, 1.33444, 1.32505, 1.33212
1.33222, 1.33475, 1.32576, 1.32986
1.32961, 1.33997, 1.32750, 1.33587
1.33618, 1.34293, 1.33519, 1.34279
1.34246, 1.34444, 1.33989, 1.34080
1.34051, 1.34118, 1.33718, 1.33847
1.33832, 1.34397, 1.33770, 1.34074
1.34110, 1.34506, 1.33960, 1.34303
1.34304, 1.34423, 1.33415, 1.33498
1.33462, 1.33707, 1.32976, 1.33078
1.33063, 1.33739, 1.33024, 1.33366
1.33362, 1.33533, 1.32961, 1.33457
1.33417, 1.33727, 1.33363, 1.33600
1.33580, 1.34028, 1.33488, 1.33800
1.33798, 1.33872, 1.33046, 1.33130
1.33119, 1.33317, 1.32839, 1.33299
1.33288, 1.33599, 1.33061, 1.33200
1.33169, 1.33959, 1.33089, 1.33835
1.33748, 1.33852, 1.33132, 1.33268
1.33239, 1.33903, 1.32972, 1.33660
1.33661, 1.34028, 1.33462, 1.33491
1.33484, 1.33724, 1.32744, 1.33378
1.33399, 1.33997, 1.33319, 1.33783
1.33699, 1.33935, 1.33650, 1.33865
1.33814, 1.33904, 1.33352, 1.33469
1.33429, 1.34428, 1.33429, 1.34223
1.34207, 1.35217, 1.34113, 1.34969
1.34932, 1.35167, 1.34816, 1.34840
1.34844, 1.34979, 1.34518, 1.34553
1.34547, 1.34792, 1.34398, 1.34568
1.34565, 1.34802, 1.33811, 1.33888
1.33875, 1.34614, 1.33768, 1.34349
1.34429, 1.34765, 1.34299, 1.34729
1.34726, 1.34891, 1.34061, 1.34196
1.34566, 1.34936, 1.34323, 1.34470
1.34457, 1.34887, 1.34095, 1.34716
1.34716, 1.34865, 1.34447, 1.34770
1.34734, 1.35051, 1.34589, 1.34758
1.34750, 1.34849, 1.33803, 1.34117
1.34194, 1.34840, 1.34153, 1.34835
1.34749, 1.34873, 1.34560, 1.34641
1.34618, 1.34933, 1.34270, 1.34369
1.34349, 1.34695, 1.34004, 1.34605
1.34583, 1.35133, 1.34346, 1.34651
1.34498, 1.34563, 1.34160, 1.34294
1.34260, 1.34334, 1.33955, 1.34040
1.34050, 1.34379, 1.33568, 1.34376
1.34357, 1.35023, 1.34305, 1.34720
1.34715, 1.34822, 1.34301, 1.34411
1.34355, 1.34528, 1.34293, 1.34427
1.34427, 1.34989, 1.34332, 1.34931
1.34929, 1.35464, 1.34774, 1.35194
1.35182, 1.35203, 1.34854, 1.35001
1.34981, 1.35647, 1.34931, 1.35136
1.35144, 1.35267, 1.34348, 1.34406
1.34366, 1.34493, 1.33811, 1.33921
1.33926, 1.34281, 1.33626, 1.34174
1.34141, 1.34302, 1.33601, 1.33621
1.33602, 1.33678, 1.32621, 1.32686
1.32452, 1.32809, 1.32397, 1.32681
1.32674, 1.33086, 1.32501, 1.32830
1.32809, 1.33445, 1.32733, 1.33425
1.33408, 1.33435, 1.33000, 1.33251
1.33245, 1.34225, 1.33232, 1.34088
1.34065, 1.34197, 1.33930, 1.34121
1.34118, 1.34324, 1.33750, 1.33769
1.33743, 1.33830, 1.32793, 1.32809
1.32791, 1.32854, 1.31511, 1.31920
1.31912, 1.32294, 1.31621, 1.32176
1.32187, 1.32187, 1.31781, 1.31803
1.31789, 1.32081, 1.31523, 1.31675
1.31652, 1.31955, 1.31068, 1.31272
1.31250, 1.31379, 1.30914, 1.30942
1.30932, 1.31022, 1.30595, 1.30869
1.30765, 1.31450, 1.30705, 1.31291
1.31319, 1.31383, 1.30965, 1.31047
1.31043, 1.31191, 1.30569, 1.30574
1.30574, 1.30795, 1.30375, 1.30454
1.30454, 1.31365, 1.30442, 1.30766
1.30679, 1.31029, 1.30490, 1.30966
1.30940, 1.31412, 1.30883, 1.31265
1.31246, 1.31441, 1.30621, 1.30808
1.30813, 1.30915, 1.30418, 1.30679
1.30699, 1.30708, 1.30178, 1.30258
1.30267, 1.30533, 1.30211, 1.30488
1.30472, 1.30918, 1.30227, 1.30876
1.30865, 1.30934, 1.30353, 1.30538
1.30508, 1.30956, 1.30254, 1.30264
1.30252, 1.31096, 1.30154, 1.30571
1.30568, 1.31195, 1.30405, 1.31191
1.31176, 1.31640, 1.31120, 1.31357
1.31304, 1.31507, 1.31188, 1.31401
1.31376, 1.31672, 1.31152, 1.31639
1.31629, 1.31989, 1.31510, 1.31641
1.31684, 1.31824, 1.31490, 1.31622
1.31609, 1.31921, 1.31437, 1.31515
1.31505, 1.32144, 1.31052, 1.31887
1.31889, 1.32473, 1.31824, 1.32110
1.32107, 1.32657, 1.31992, 1.32006
1.32098, 1.32474, 1.31773, 1.32135
1.32109, 1.32912, 1.31870, 1.32732
1.32733, 1.33445, 1.32621, 1.33023
1.33001, 1.33139, 1.32214, 1.32279
1.32213, 1.32741, 1.31960, 1.32157
1.31974, 1.32504, 1.31963, 1.32408
1.32283, 1.32932, 1.31844, 1.32230
1.32209, 1.33256, 1.32106, 1.33179
1.33169, 1.33389, 1.32854, 1.33125
1.33114, 1.33247, 1.32660, 1.32716
1.32682, 1.33371, 1.32508, 1.33235
1.33216, 1.33457, 1.33083, 1.33197
1.33144, 1.33247, 1.32531, 1.32920
1.32849, 1.33151, 1.32750, 1.33017
1.33011, 1.33390, 1.32766, 1.32826
1.32922, 1.33192, 1.32465, 1.32541
1.32529, 1.33006, 1.32248, 1.32840
1.32820, 1.33181, 1.32764, 1.33060
1.33054, 1.33189, 1.32726, 1.32893
1.32864, 1.33334, 1.32466, 1.33055
1.33167, 1.33611, 1.33119, 1.33205
1.33206, 1.33824, 1.33193, 1.33372
1.33296, 1.33442, 1.32186, 1.32225
1.32220, 1.32463, 1.31912, 1.32300
1.32281, 1.32352, 1.31577, 1.31643
1.31748, 1.31768, 1.31389, 1.31684
1.31678, 1.31916, 1.31336, 1.31505
1.31518, 1.32148, 1.31391, 1.31927
1.31915, 1.32207, 1.31765, 1.32091
1.32084, 1.32861, 1.32029, 1.32849
1.32182, 1.32712, 1.32090, 1.32399
1.32391, 1.32996, 1.32332, 1.32435
1.32472, 1.33100, 1.32378, 1.32906
1.32843, 1.33071, 1.32416, 1.32644
1.32616, 1.33007, 1.32539, 1.32641
1.32547, 1.33048, 1.32542, 1.32607
1.32590, 1.32746, 1.32318, 1.32424
1.32376, 1.32882, 1.32352, 1.32688
1.32621, 1.32762, 1.32316, 1.32652
1.32630, 1.32784, 1.32137, 1.32355
1.32395, 1.32597, 1.32240, 1.32400
1.32421, 1.32902, 1.32097, 1.32236
1.32219, 1.33257, 1.32057, 1.33245
1.33232, 1.33475, 1.33093, 1.33353
1.33346, 1.33386, 1.32982, 1.33052
1.33172, 1.33305, 1.32901, 1.33085
1.33071, 1.33365, 1.32877, 1.33246
1.33180, 1.33386, 1.32950, 1.33338
1.33284, 1.33457, 1.32686, 1.32897
1.32936, 1.33001, 1.31707, 1.31939
1.32008, 1.32393, 1.31914, 1.32337
1.32329, 1.32392, 1.31955, 1.31970
1.31989, 1.32339, 1.31843, 1.31993
1.32005, 1.32116, 1.31308, 1.31352
1.31342, 1.31455, 1.31193, 1.31247
1.31330, 1.31379, 1.30819, 1.30883
1.30877, 1.31229, 1.30709, 1.30918
1.30932, 1.31093, 1.30682, 1.30701
1.30711, 1.30929, 1.30528, 1.30707
1.30693, 1.30767, 1.30558, 1.30583
1.30593, 1.30782, 1.30491, 1.30547
1.30545, 1.31003, 1.30419, 1.30865
1.30864, 1.32080, 1.30742, 1.31598
1.31612, 1.31781, 1.31353, 1.31644
1.31642, 1.31961, 1.31383, 1.31389
1.31355, 1.31604, 1.31302, 1.31510
1.31492, 1.31781, 1.31151, 1.31543
1.31532, 1.31930, 1.31388, 1.31828
1.31829, 1.31971, 1.31597, 1.31735
1.31714, 1.32369, 1.31714, 1.32247
1.32181, 1.32348, 1.32124, 1.32318
1.32314, 1.32574, 1.32163, 1.32361
1.32309, 1.32681, 1.32293, 1.32534
1.32523, 1.32704, 1.32438, 1.32495
1.32470, 1.32519, 1.32163, 1.32219
1.32219, 1.32353, 1.32000, 1.32042
1.32026, 1.32722, 1.31899, 1.32665
1.32669, 1.33275, 1.32614, 1.33031
1.33016, 1.33249, 1.32695, 1.32840
1.32811, 1.33020, 1.32541, 1.32963
1.32956, 1.33188, 1.32848, 1.32993
1.32983, 1.33161, 1.32692, 1.32707
1.32693, 1.32897, 1.32601, 1.32795
1.32774, 1.32993, 1.32759, 1.32790
1.32793, 1.33135, 1.32689, 1.32710
1.32674, 1.33079, 1.32674, 1.33076
1.33047, 1.33208, 1.32831, 1.32943
1.32908, 1.32978, 1.31919, 1.32011
1.31958, 1.32023, 1.31582, 1.31750
1.31754, 1.32698, 1.31713, 1.32488
1.32502, 1.32652, 1.32224, 1.32372
1.32358, 1.32500, 1.32242, 1.32303
1.32300, 1.32397, 1.31620, 1.31714
1.31696, 1.31941, 1.31627, 1.31800
1.31725, 1.32047, 1.31505, 1.31656
1.31715, 1.31861, 1.31149, 1.31594
1.31543, 1.31849, 1.31453, 1.31567
1.31565, 1.31758, 1.31024, 1.31143
1.31135, 1.31379, 1.31075, 1.31239
1.31196, 1.31810, 1.31196, 1.31470
1.31427, 1.31765, 1.31402, 1.31479
1.31469, 1.31679, 1.31366, 1.31619
1.31521, 1.31576, 1.31035, 1.31096
1.31076, 1.31208, 1.30640, 1.30784
1.30688, 1.30845, 1.30503, 1.30677
1.30618, 1.30683, 1.29514, 1.29756
1.29865, 1.30083, 1.29686, 1.29865
1.29801, 1.30075, 1.29609, 1.29985
1.29846, 1.29900, 1.29600, 1.29640
1.29629, 1.30294, 1.29568, 1.30028
1.30015, 1.30436, 1.29760, 1.30383
1.30348, 1.31048, 1.30260, 1.30553
1.30538, 1.30756, 1.30288, 1.30519
1.30476, 1.30678, 1.30313, 1.30554
1.30515, 1.30794, 1.30468, 1.30619
1.30510, 1.30780, 1.30349, 1.30419
1.30426, 1.30561, 1.30320, 1.30409
1.30387, 1.30752, 1.30335, 1.30649
1.30548, 1.30723, 1.30435, 1.30456
1.30461, 1.30798, 1.30444, 1.30701
1.30680, 1.31525, 1.30358, 1.31327
1.31355, 1.31714, 1.31240, 1.31270
1.31247, 1.31528, 1.31177, 1.31468
1.31505, 1.31996, 1.31477, 1.31936
1.31891, 1.32056, 1.31542, 1.31554
1.31537, 1.32094, 1.31537, 1.31977
1.31953, 1.32265, 1.31881, 1.32078
1.31998, 1.32532, 1.31950, 1.32334
1.32312, 1.33037, 1.32312, 1.32857
1.32865, 1.33016, 1.32636, 1.32775
1.32735, 1.33029, 1.32629, 1.32806
1.32805, 1.33089, 1.32701, 1.32835
1.32807, 1.33208, 1.32779, 1.33045
1.32979, 1.33293, 1.32885, 1.33163
1.33150, 1.33200, 1.32764, 1.32867
1.32856, 1.32959, 1.32357, 1.32487
1.32506, 1.32711, 1.32402, 1.32667
1.32658, 1.32691, 1.32357, 1.32508
1.32457, 1.32510, 1.32250, 1.32328
1.32288, 1.32785, 1.32288, 1.32584
1.32547, 1.32596, 1.32151, 1.32195
1.32185, 1.32688, 1.32118, 1.32589
1.32527, 1.32685, 1.32021, 1.32238
1.32512, 1.33076, 1.32419, 1.32917
1.32905, 1.33057, 1.32672, 1.32791
1.32736, 1.33349, 1.32714, 1.33338
1.33269, 1.33944, 1.33165, 1.33937
1.33887, 1.34646, 1.33777, 1.33925
1.34352, 1.34394, 1.33147, 1.33221
1.33240, 1.33910, 1.33179, 1.33885
1.33811, 1.34314, 1.33287, 1.33853
1.33832, 1.34383, 1.33826, 1.34106
1.34043, 1.34395, 1.33794, 1.34220
1.35888, 1.37575, 1.35174, 1.36945
1.36892, 1.37962, 1.36089, 1.37242
1.37254, 1.37945, 1.36813, 1.37785
1.37785, 1.39613, 1.37073, 1.39150
1.39126, 1.39952, 1.37818, 1.38002
1.37425, 1.40189, 1.37287, 1.39979
1.40004, 1.42763, 1.39603, 1.42060
1.42047, 1.46505, 1.41663, 1.44906
1.45073, 1.46679, 1.44199, 1.45015
1.45014, 1.45353, 1.41490, 1.43338
1.43524, 1.45608, 1.43350, 1.44936
1.44955, 1.45316, 1.43745, 1.44615
1.44646, 1.44821, 1.41776, 1.41861
1.41864, 1.42753, 1.40085, 1.40398
1.40436, 1.41542, 1.39210, 1.39744
1.40182, 1.41836, 1.40090, 1.41586
1.41544, 1.43493, 1.40115, 1.40575
1.40608, 1.42716, 1.40591, 1.41913
1.41855, 1.42980, 1.40779, 1.41431
1.41310, 1.42238, 1.40941, 1.41914
1.42170, 1.42613, 1.40805, 1.41095
1.41084, 1.41429, 1.39447, 1.39891
1.39860, 1.40809, 1.39796, 1.40063
1.40147, 1.40775, 1.39308, 1.39702
1.39699, 1.40084, 1.39445, 1.39515
1.39245, 1.40006, 1.38553, 1.39024
1.38882, 1.39249, 1.38624, 1.38794
1.38785, 1.41322, 1.38762, 1.41098
1.41030, 1.41824, 1.40629, 1.40910
1.40811, 1.41178, 1.39939, 1.40005
1.40135, 1.41505, 1.40135, 1.41476
1.41359, 1.42650, 1.41132, 1.42084
1.42043, 1.42376, 1.41148, 1.41596
1.41563, 1.41979, 1.39999, 1.40739
1.40738, 1.41200, 1.40235, 1.40930
1.40912, 1.41170, 1.40291, 1.40361
1.40312, 1.40729, 1.39355, 1.39973
1.39929, 1.40033, 1.38740, 1.38746
1.38735, 1.39586, 1.38502, 1.39435
1.39433, 1.41093, 1.39246, 1.40860
1.40798, 1.41528, 1.40512, 1.40862
1.40800, 1.40948, 1.40079, 1.40430
1.40423, 1.41572, 1.40228, 1.41446
1.41430, 1.41727, 1.39526, 1.39733
1.39718, 1.39881, 1.39087, 1.39193
1.39290, 1.40427, 1.39000, 1.40158
1.40147, 1.40793, 1.39724, 1.40772
1.40750, 1.41150, 1.40064, 1.40987
1.40974, 1.41412, 1.40324, 1.40459
1.40400, 1.41170, 1.40183, 1.41069
1.41050, 1.41152, 1.39392, 1.39395
1.39404, 1.39695, 1.38665, 1.39422
1.39384, 1.39607, 1.38679, 1.38979
1.38972, 1.39704, 1.38910, 1.39548
1.39504, 1.40486, 1.39412, 1.40030
1.39900, 1.40078, 1.39686, 1.39750
1.39735, 1.39859, 1.37568, 1.37734
1.37700, 1.38228, 1.37277, 1.37493
1.37529, 1.37900, 1.37339, 1.37610
1.37605, 1.38326, 1.37144, 1.37670
1.37705, 1.38001, 1.35582, 1.35732
1.35739, 1.35851, 1.34840, 1.35209
1.35087, 1.35723, 1.34797, 1.34940
1.34902, 1.35412, 1.34677, 1.34970
1.34923, 1.35127, 1.33913, 1.34205
1.33943, 1.34368, 1.33566, 1.33811
1.33737, 1.34879, 1.33594, 1.34120
1.34133, 1.34378, 1.33155, 1.34100
1.34075, 1.36318, 1.33968, 1.36290
1.36201, 1.36664, 1.35272, 1.35830
1.35991, 1.36852, 1.35456, 1.35723
1.35646, 1.36220, 1.35040, 1.35382
1.35414, 1.35936, 1.35114, 1.35624
1.35652, 1.36155, 1.35204, 1.35973
1.35975, 1.36168, 1.35463, 1.36037
1.36081, 1.36291, 1.35177, 1.35213
1.35192, 1.35699, 1.34847, 1.35471
1.35480, 1.36397, 1.35267, 1.36360
1.36338, 1.36693, 1.36068, 1.36395
1.36322, 1.37146, 1.36271, 1.36849
1.36732, 1.37044, 1.36465, 1.36613
1.36549, 1.36988, 1.35692, 1.35741
1.35723, 1.36007, 1.35449, 1.35839
1.35832, 1.36235, 1.35595, 1.35615
1.35593, 1.35808, 1.35432, 1.35459
1.35577, 1.35609, 1.35190, 1.35386
1.35355, 1.36090, 1.35239, 1.36027
1.35978, 1.36231, 1.34918, 1.35103
1.35047, 1.35935, 1.34902, 1.35829
1.35806, 1.36308, 1.35744, 1.35933
1.35763, 1.36114, 1.35358, 1.36069
1.36021, 1.36454, 1.35900, 1.36131
1.36126, 1.36166, 1.35042, 1.35068
1.35048, 1.35805, 1.35007, 1.35728
1.35628, 1.35884, 1.35628, 1.35778
1.35661, 1.35997, 1.35249, 1.35325
1.35326, 1.35350, 1.34241, 1.34584
1.34548, 1.34823, 1.33987, 1.34167
1.34124, 1.34267, 1.33504, 1.34046
1.34002, 1.34444, 1.33762, 1.34197
1.34191, 1.34301, 1.33531, 1.33531
1.33522, 1.34064, 1.33302, 1.33778
1.33660, 1.33862, 1.33319, 1.33343
1.33322, 1.34589, 1.33312, 1.34197
1.34214, 1.34378, 1.33714, 1.34094
1.33988, 1.34503, 1.33793, 1.33897
1.33874, 1.34196, 1.33174, 1.33179
1.33235, 1.33290, 1.32327, 1.32615
1.32602, 1.33222, 1.32430, 1.33101
1.32985, 1.33976, 1.32932, 1.33809
1.33801, 1.33940, 1.33330, 1.33495
1.33472, 1.33600, 1.32696, 1.32978
1.33003, 1.33465, 1.32284, 1.32470
1.32346, 1.32560, 1.31912, 1.32219
1.32151, 1.32711, 1.32053, 1.32664
1.32484, 1.32614, 1.31911, 1.32112
1.32049, 1.32309, 1.31508, 1.31666
1.31681, 1.32262, 1.31324, 1.32179
1.32096, 1.32439, 1.31676, 1.31847
1.31856, 1.32333, 1.31580, 1.31732
1.31701, 1.32374, 1.31335, 1.32147
1.32125, 1.32385, 1.31669, 1.31692
1.31657, 1.32046, 1.31312, 1.31452
1.31373, 1.31657, 1.31009, 1.31251
1.31164, 1.31319, 1.30464, 1.30954
1.30954, 1.31036, 1.30194, 1.30455
1.30400, 1.30861, 1.29932, 1.30661
1.30606, 1.30947, 1.30365, 1.30462
1.30399, 1.31611, 1.30364, 1.31251
1.31225, 1.31396, 1.30435, 1.30599
1.30449, 1.31152, 1.30449, 1.30923
1.30923, 1.32382, 1.30855, 1.32362
1.32280, 1.32586, 1.31448, 1.31453
1.31419, 1.32015, 1.31180, 1.31900
1.31805, 1.32067, 1.31502, 1.31764
1.31766, 1.31961, 1.31522, 1.31735
1.31748, 1.32013, 1.31337, 1.31841
1.31802, 1.31999, 1.31267, 1.31777
1.31739, 1.32464, 1.31491, 1.31637
1.31564, 1.32081, 1.31361, 1.32021
1.32093, 1.33196, 1.31702, 1.33034
1.33036, 1.33450, 1.32829, 1.33000
1.32952, 1.33843, 1.32931, 1.33843
1.33767, 1.34176, 1.33245, 1.33587
1.33267, 1.34175, 1.33267, 1.33831
1.33844, 1.34028, 1.33535, 1.33687
1.33688, 1.34178, 1.33511, 1.33888
1.33835, 1.34197, 1.33009, 1.33196
1.33143, 1.33225, 1.32665, 1.32864
1.32827, 1.33304, 1.32728, 1.33044
1.32957, 1.33023, 1.32548, 1.32552
1.32560, 1.33163, 1.32413, 1.33131
1.33004, 1.33399, 1.32546, 1.32557
1.32579, 1.32652, 1.31941, 1.31956
1.31938, 1.32007, 1.31088, 1.31158
1.31243, 1.31423, 1.31005, 1.31088
1.31077, 1.31463, 1.30984, 1.31351
1.31311, 1.31623, 1.31152, 1.31502
1.31483, 1.32586, 1.31375, 1.32248
1.32200, 1.32368, 1.31762, 1.31876
1.31844, 1.31926, 1.31498, 1.31876
1.31811, 1.32031, 1.31036, 1.31268
1.31250, 1.31514, 1.30801, 1.31438
1.31332, 1.31765, 1.31232, 1.31376
1.31308, 1.31596, 1.31085, 1.31232
1.31296, 1.32245, 1.31217, 1.32051
1.32042, 1.32112, 1.31416, 1.31805
1.31842, 1.33329, 1.31786, 1.33183
1.33166, 1.33891, 1.32773, 1.33189
1.33192, 1.33483, 1.32791, 1.33138
1.33101, 1.33694, 1.32148, 1.32153
1.32156, 1.32333, 1.31032, 1.31381
1.31314, 1.32986, 1.30949, 1.31329
1.31260, 1.31773, 1.30275, 1.30416
1.30382, 1.30959, 1.30184, 1.30595
1.30448, 1.30513, 1.29275, 1.30069
1.30016, 1.30501, 1.29844, 1.30301
1.30168, 1.30766, 1.30077, 1.30619
1.30551, 1.31491, 1.30550, 1.31411
1.31350, 1.31717, 1.31154, 1.31297
1.31319, 1.31375, 1.30647, 1.30726
1.30684, 1.31158, 1.30628, 1.31034
1.30967, 1.31167, 1.30334, 1.30847
1.30760, 1.31224, 1.30516, 1.30722
1.30649, 1.30965, 1.30383, 1.30912
1.30794, 1.31118, 1.30447, 1.30853
1.30743, 1.30901, 1.29940, 1.29969
1.29914, 1.30284, 1.29856, 1.30057
1.29980, 1.30219, 1.29897, 1.30119
1.30129, 1.30243, 1.29712, 1.29921
1.29968, 1.30093, 1.29225, 1.30077
1.29999, 1.30072, 1.29271, 1.29324
1.29285, 1.29579, 1.29093, 1.29182
1.29153, 1.29404, 1.28514, 1.28616
1.28562, 1.28731, 1.27717, 1.27836
1.27722, 1.28322, 1.27722, 1.27985
1.27990, 1.28250, 1.27670, 1.28182
1.28119, 1.28326, 1.27686, 1.28177
1.28129, 1.28283, 1.27061, 1.27377
1.27339, 1.27918, 1.27186, 1.27620
1.27523, 1.27890, 1.27191, 1.27649
1.27563, 1.27707, 1.26872, 1.26978
1.26967, 1.27889, 1.26937, 1.27378
1.27344, 1.27495, 1.26878, 1.27208
1.27200, 1.27977, 1.27139, 1.27803
1.27944, 1.29566, 1.27852, 1.28574
1.28442, 1.29328, 1.28423, 1.29067
1.29012, 1.29142, 1.28333, 1.28427
1.28454, 1.28531, 1.28188, 1.28270
1.28520, 1.28752, 1.28127, 1.28448
1.28440, 1.28532, 1.27792, 1.28168
1.28126, 1.28263, 1.27486, 1.27511
1.27462, 1.27693, 1.27134, 1.27621
1.27237, 1.27971, 1.26643, 1.27752
1.27775, 1.27903, 1.26552, 1.26686
1.26635, 1.27229, 1.26292, 1.26766
1.26706, 1.27330, 1.26627, 1.26874
1.26850, 1.27424, 1.26577, 1.26864
1.26949, 1.28344, 1.26861, 1.27833
1.27654, 1.27907, 1.27076, 1.27124
1.27075, 1.27462, 1.26796, 1.26906
1.26936, 1.27068, 1.26240, 1.26425
1.26350, 1.27637, 1.26321, 1.27351
1.27321, 1.27986, 1.27254, 1.27416
1.27506, 1.27634, 1.27146, 1.27311
1.27247, 1.27365, 1.26053, 1.26319
1.26320, 1.26468, 1.25883, 1.26380
1.26354, 1.27397, 1.26315, 1.27315
1.27174, 1.27787, 1.26866, 1.27434
1.27333, 1.27816, 1.26893, 1.26949
1.26856, 1.28219, 1.26843, 1.28012
1.27922, 1.28804, 1.27787, 1.28298
1.28285, 1.28739, 1.27369, 1.27746
1.27858, 1.28638, 1.27606, 1.28543
1.28456, 1.28691, 1.27790, 1.27823
1.27781, 1.28107, 1.27626, 1.27848
1.27798, 1.28444, 1.27763, 1.28222
1.28197, 1.28321, 1.27545, 1.27602
1.27524, 1.27819, 1.27339, 1.27386
1.27350, 1.27655, 1.26903, 1.26903
1.26978, 1.27098, 1.26667, 1.26997
1.26963, 1.27103, 1.26596, 1.27029
1.26978, 1.27623, 1.26759, 1.26888
1.26798, 1.26904, 1.26300, 1.26365
1.26311, 1.27016, 1.26089, 1.26911
1.26832, 1.27455, 1.26813, 1.26986
1.26947, 1.27303, 1.26645, 1.26762
1.26705, 1.27129, 1.25936, 1.26155
1.26144, 1.26531, 1.25797, 1.26165
1.26038, 1.26464, 1.25782, 1.25875
1.25833, 1.25974, 1.25043, 1.25104
1.25085, 1.26138, 1.24672, 1.26039
1.26004, 1.27443, 1.25864, 1.27427
1.27265, 1.27369, 1.26398, 1.26437
1.26426, 1.26974, 1.25994, 1.26364
1.26321, 1.26575, 1.25921, 1.26539
1.26512, 1.26933, 1.25745, 1.26661
1.26575, 1.27364, 1.26400, 1.26541
1.26444, 1.26996, 1.26215, 1.26647
1.26605, 1.26847, 1.25897, 1.26400
1.26286, 1.26826, 1.26088, 1.26193
1.26134, 1.26245, 1.25198, 1.25346
1.25254, 1.25726, 1.24612, 1.24740
1.24747, 1.25124, 1.24400, 1.24766
1.24750, 1.24996, 1.24326, 1.24401
1.24414, 1.24924, 1.23996, 1.24041
1.24060, 1.25259, 1.23644, 1.24913
1.24884, 1.25471, 1.24612, 1.24919
1.25181, 1.25406, 1.24727, 1.25212
1.25205, 1.25939, 1.25177, 1.25803
1.25742, 1.26081, 1.25419, 1.25740
1.25743, 1.26284, 1.25456, 1.26052
1.26048, 1.26083, 1.25599, 1.25704
1.25696, 1.26262, 1.25672, 1.25896
1.25871, 1.26465, 1.25797, 1.26274
1.26220, 1.26292, 1.25386, 1.25609
1.25541, 1.26011, 1.25418, 1.25426
1.25396, 1.25785, 1.25271, 1.25699
1.25676, 1.25938, 1.25011, 1.25189
1.25205, 1.25823, 1.25153, 1.25675
1.25627, 1.26341, 1.25613, 1.26082
1.25998, 1.26263, 1.25574, 1.25591
1.25607, 1.26103, 1.25245, 1.25245
1.25348, 1.25733, 1.25242, 1.25565
1.25535, 1.26274, 1.25263, 1.25320
1.25321, 1.25755, 1.24991, 1.25181
1.25129, 1.25578, 1.24762, 1.25467
1.25408, 1.25587, 1.24935, 1.25051
1.25032, 1.25432, 1.24705, 1.25291
1.25285, 1.26227, 1.24780, 1.26086
1.26064, 1.26528, 1.24590, 1.24946
1.24945, 1.25344, 1.24722, 1.25029
1.25028, 1.25087, 1.24601, 1.24738
1.24777, 1.24898, 1.23836, 1.23911
1.23935, 1.24179, 1.23878, 1.24002
1.24014, 1.24174, 1.23096, 1.23114
1.23138, 1.23211, 1.22746, 1.22788
1.22786, 1.23219, 1.22651, 1.22854
1.22894, 1.23176, 1.22660, 1.22749
1.22756, 1.23509, 1.22725, 1.23027
1.23047, 1.23085, 1.22510, 1.22642
1.22656, 1.22875, 1.21413, 1.21477
1.21457, 1.21927, 1.21199, 1.21221
1.21193, 1.21327, 1.20781, 1.21039
1.20953, 1.21253, 1.20774, 1.21006
1.20997, 1.21373, 1.20453, 1.21360
1.21273, 1.22021, 1.21030, 1.21601
1.21595, 1.21783, 1.20799, 1.20988
1.21118, 1.21355, 1.20601, 1.20672
1.20637, 1.20807, 1.20123, 1.20595
1.20590, 1.21424, 1.20533, 1.21248
1.21200, 1.21436, 1.20485, 1.20568
1.20556, 1.20942, 1.20267, 1.20642
1.20658, 1.20848, 1.20400, 1.20444
1.20463, 1.20776, 1.20282, 1.20604
1.20590, 1.21269, 1.20425, 1.21242
1.21160, 1.21416, 1.20559, 1.20651
1.20637, 1.21193, 1.20605, 1.20706
1.20674, 1.20911, 1.20453, 1.20573
1.20578, 1.20768, 1.20062, 1.20677
1.20668, 1.20913, 1.20284, 1.20335
1.20311, 1.21194, 1.20294, 1.21082
1.21049, 1.21323, 1.20698, 1.20738
1.20739, 1.21059, 1.20563, 1.20810
1.20778, 1.21168, 1.20703, 1.21153
1.21076, 1.21168, 1.20566, 1.21074
1.21092, 1.21241, 1.20692, 1.20926
1.20914, 1.21766, 1.20793, 1.21558
1.21576, 1.21706, 1.21272, 1.21471
1.21369, 1.22033, 1.21289, 1.21861
1.21787, 1.22829, 1.21562, 1.22766
1.22751, 1.23774, 1.22569, 1.23510
1.23534, 1.24800, 1.23383, 1.24705
1.24639, 1.24862, 1.23525, 1.23620
1.23578, 1.24026, 1.23010, 1.23039
1.23043, 1.23280, 1.22517, 1.23031
1.23035, 1.23401, 1.22818, 1.23212
1.23172, 1.23288, 1.22713, 1.22905
1.22948, 1.23471, 1.22870, 1.23384
1.23281, 1.24021, 1.23271, 1.24001
1.23940, 1.24229, 1.23549, 1.23956
1.23960, 1.24447, 1.23640, 1.24366
1.24345, 1.24490, 1.23082, 1.23220
1.23164, 1.23709, 1.23143, 1.23348
1.23306, 1.24940, 1.23019, 1.24552
1.24540, 1.25187, 1.24221, 1.24828
1.24726, 1.25895, 1.24694, 1.25317
1.25254, 1.25558, 1.24397, 1.24410
1.24447, 1.25135, 1.24436, 1.24501
1.24473, 1.25387, 1.24416, 1.25130
1.25054, 1.25255, 1.24170, 1.25082
1.24999, 1.26130, 1.24999, 1.25916
1.25888, 1.26198, 1.25604, 1.26112
1.26027, 1.28067, 1.26027, 1.27454
1.27417, 1.27859, 1.26737, 1.26795
1.26744, 1.27292, 1.25245, 1.25609
1.25586, 1.25936, 1.25283, 1.25598
1.25604, 1.26064, 1.25532, 1.25581
1.25547, 1.25900, 1.25270, 1.25445
1.25380, 1.26033, 1.25369, 1.25990
1.25970, 1.26034, 1.25147, 1.25197
1.25185, 1.25297, 1.24313, 1.24461
1.24419, 1.24906, 1.24216, 1.24622
1.24777, 1.25140, 1.24521, 1.25033
1.25000, 1.25749, 1.24886, 1.25338
1.25340, 1.25618, 1.25146, 1.25413
1.25404, 1.25469, 1.24741, 1.24990
1.24954, 1.25800, 1.24831, 1.25541
1.25461, 1.25870, 1.25308, 1.25790
1.25790, 1.25886, 1.25199, 1.25217
1.25207, 1.25475, 1.24884, 1.25061
1.25040, 1.25326, 1.24981, 1.25221
1.25219, 1.25311, 1.25006, 1.25134
1.25113, 1.25834, 1.25111, 1.25747
1.25727, 1.26482, 1.25646, 1.26238
1.26231, 1.26610, 1.25974, 1.26591
1.26577, 1.28300, 1.26433, 1.28286
1.28266, 1.29480, 1.28136, 1.28216
1.28157, 1.28310, 1.26418, 1.26504
1.26488, 1.26570, 1.25779, 1.25879
1.25880, 1.26427, 1.25868, 1.25892
1.25890, 1.26945, 1.25852, 1.26821
1.26821, 1.27073, 1.26046, 1.26126
1.26145, 1.26332, 1.25728, 1.26066
1.26049, 1.26527, 1.25686, 1.26147
1.26132, 1.26364, 1.25794, 1.26190
1.26172, 1.26375, 1.25472, 1.25493
1.25494, 1.25584, 1.24926, 1.25279
1.25132, 1.25582, 1.25123, 1.25301
1.25299, 1.26550, 1.25190, 1.26453
1.26447, 1.27612, 1.26255, 1.26901
1.26888, 1.27267, 1.26218, 1.26599
1.26599, 1.26888, 1.25818, 1.26875
1.26803, 1.26945, 1.26373, 1.26427
1.26424, 1.26976, 1.26004, 1.26912
1.26913, 1.27077, 1.26240, 1.26254
1.26251, 1.26989, 1.26156, 1.26827
1.26801, 1.27704, 1.26357, 1.27692
1.27542, 1.28952, 1.27410, 1.28174
1.28183, 1.28474, 1.27419, 1.28095
1.28092, 1.28254, 1.26968, 1.27759
1.27739, 1.27950, 1.26324, 1.26550
1.26544, 1.27295, 1.26395, 1.26538
1.26427, 1.26713, 1.26092, 1.26274
1.26272, 1.27065, 1.25926, 1.26799
1.26808, 1.27737, 1.26676, 1.27562
1.27552, 1.27621, 1.26291, 1.26808
1.26801, 1.27379, 1.26270, 1.26384
1.26414, 1.26539, 1.25566, 1.25877
1.25873, 1.26288, 1.25442, 1.25762
1.25741, 1.26472, 1.25651, 1.25886
1.25885, 1.25984, 1.25394, 1.25482
1.25477, 1.25614, 1.24507, 1.24723
1.24703, 1.24907, 1.24454, 1.24791
1.24781, 1.24977, 1.24332, 1.24627
1.24606, 1.24778, 1.24297, 1.24420
1.24418, 1.24443, 1.23540, 1.23684
1.23672, 1.23965, 1.23357, 1.23607
1.23590, 1.24088, 1.23477, 1.23767
1.23750, 1.23816, 1.23102, 1.23621
1.23614, 1.23664, 1.23066, 1.23156
1.23143, 1.23828, 1.22872, 1.23682
1.23662, 1.23892, 1.23198, 1.23662
1.23643, 1.23992, 1.23373, 1.23818
1.23798, 1.23955, 1.23494, 1.23876
1.23864, 1.24306, 1.22990, 1.23598
1.23586, 1.23816, 1.23290, 1.23425
1.23420, 1.24069, 1.23269, 1.23819
1.23770, 1.24023, 1.23509, 1.23668
1.23653, 1.24237, 1.23652, 1.23983
1.23982, 1.24562, 1.23786, 1.23858
1.23861, 1.24708, 1.23765, 1.24527
1.24527, 1.24787, 1.24351, 1.24516
1.24439, 1.24647, 1.24347, 1.24397
1.24396, 1.24849, 1.24275, 1.24357
1.24360, 1.25025, 1.23863, 1.24961
1.24920, 1.25954, 1.24648, 1.25798
1.25776, 1.26033, 1.25402, 1.25448
1.25427, 1.25552, 1.25005, 1.25084
1.25083, 1.25671, 1.24918, 1.25609
1.25575, 1.26216, 1.25394, 1.26058
1.26058, 1.26459, 1.25921, 1.25977
1.25970, 1.26613, 1.25835, 1.26386
1.26390, 1.27043, 1.26269, 1.26997
1.26982, 1.27437, 1.26594, 1.26681
1.26674, 1.27092, 1.26497, 1.26632
1.26614, 1.26762, 1.26397, 1.26461
1.26457, 1.27984, 1.26452, 1.27855
1.27498, 1.27923, 1.27197, 1.27364
1.27375, 1.28358, 1.27295, 1.27801
1.27788, 1.28290, 1.27124, 1.28184
1.28170, 1.28366, 1.27774, 1.28032
1.28025, 1.28537, 1.27428, 1.28417
1.28203, 1.28421, 1.27525, 1.27561
1.27536, 1.27666, 1.26342, 1.26362
1.26347, 1.26657, 1.26023, 1.26510
1.26480, 1.27216, 1.26465, 1.27121
1.27091, 1.27389, 1.26782, 1.27225
1.27279, 1.28206, 1.27050, 1.28079
1.28012, 1.28642, 1.27965, 1.28617
1.28569, 1.29359, 1.28306, 1.28313
1.28312, 1.28566, 1.27624, 1.27725
1.27719, 1.29005, 1.27699, 1.28950
1.28853, 1.29627, 1.28789, 1.29435
1.29418, 1.29452, 1.29115, 1.29123
1.29117, 1.29233, 1.28316, 1.28345
1.28344, 1.28525, 1.27970, 1.28066
1.28049, 1.28334, 1.27846, 1.28057
1.28033, 1.28464, 1.27777, 1.27836
1.27827, 1.28309, 1.27746, 1.28142
1.28040, 1.28341, 1.27872, 1.27926
1.27905, 1.28117, 1.27331, 1.27371
1.27371, 1.27494, 1.26190, 1.26482
1.26272, 1.27777, 1.26272, 1.27437
1.27431, 1.27650, 1.26661, 1.27032
1.27010, 1.27654, 1.26844, 1.27588
1.27573, 1.28128, 1.27057, 1.27250
1.27231, 1.27296, 1.26310, 1.26420
1.26363, 1.26965, 1.26093, 1.26726
1.26707, 1.26750, 1.25663, 1.25710
1.25710, 1.25786, 1.24944, 1.25033
1.25020, 1.25187, 1.24524, 1.25168
1.25130, 1.25695, 1.24698, 1.25437
1.25350, 1.25560, 1.24992, 1.25154
1.25143, 1.25628, 1.24850, 1.25110
1.25108, 1.25235, 1.24492, 1.25130
1.25121, 1.25151, 1.24521, 1.25002
1.25000, 1.25862, 1.24974, 1.25840
1.25773, 1.27011, 1.25534, 1.26352
1.26345, 1.26682, 1.25966, 1.26272
1.26256, 1.26870, 1.25585, 1.26619
1.26613, 1.27466, 1.26493, 1.27398
1.27393, 1.27957, 1.27119, 1.27638
1.27614, 1.27754, 1.26809, 1.27038
1.27038, 1.27255, 1.26543, 1.26810
1.26809, 1.27048, 1.26490, 1.26696
1.26670, 1.27144, 1.26571, 1.26758
1.26754, 1.27866, 1.26620, 1.27608
1.27441, 1.27550, 1.26568, 1.26667
1.26664, 1.27199, 1.26610, 1.27023
1.27023, 1.27144, 1.26643, 1.26691
1.26687, 1.27267, 1.26351, 1.27206
1.27197, 1.27528, 1.26683, 1.27314
1.27303, 1.27830, 1.27189, 1.27241
1.27232, 1.27736, 1.27001, 1.27146
1.27153, 1.27246, 1.26621, 1.26880
1.26874, 1.27331, 1.26733, 1.27073
1.27058, 1.27596, 1.26726, 1.27531
1.27448, 1.27594, 1.27207, 1.27509
1.27491, 1.27823, 1.27178, 1.27691
1.27689, 1.27689, 1.26807, 1.27339
1.27334, 1.28765, 1.27255, 1.28162
1.28142, 1.28193, 1.26941, 1.26974
1.27650, 1.28086, 1.26588, 1.26708
1.26700, 1.27492, 1.26527, 1.27406
1.27388, 1.27436, 1.26272, 1.26308
1.26303, 1.26916, 1.25857, 1.26776
1.26760, 1.27910, 1.26651, 1.27353
1.27240, 1.28194, 1.26843, 1.28162
1.28166, 1.29001, 1.27950, 1.28876
1.28865, 1.28929, 1.28026, 1.28054
1.28044, 1.28406, 1.27496, 1.27686
1.27695, 1.27928, 1.26930, 1.27481
1.27276, 1.28257, 1.27276, 1.28161
1.28167, 1.28703, 1.27600, 1.27664
1.27661, 1.27765, 1.26732, 1.26761
1.26762, 1.26976, 1.26116, 1.26209
1.26201, 1.26454, 1.25880, 1.25981
1.26101, 1.26208, 1.25641, 1.25886
1.25887, 1.26229, 1.25632, 1.25697
1.25697, 1.26045, 1.25412, 1.25572
1.25575, 1.25851, 1.25087, 1.25224
1.25225, 1.25521, 1.24643, 1.24722
1.24791, 1.25918, 1.24723, 1.25198
1.25187, 1.25287, 1.24688, 1.25022
1.24985, 1.25075, 1.24287, 1.24807
1.24793, 1.25322, 1.24631, 1.25059
1.25035, 1.25385, 1.24796, 1.25143
1.25140, 1.25273, 1.24671, 1.24832
1.24820, 1.24969, 1.24019, 1.24889
1.24867, 1.25576, 1.24783, 1.25446
1.25412, 1.26104, 1.25296, 1.25876
1.25871, 1.26178, 1.25638, 1.25723
1.25603, 1.26392, 1.25603, 1.26332
1.26312, 1.26606, 1.25805, 1.26409
1.26413, 1.26751, 1.25540, 1.25605
1.25601, 1.26410, 1.25204, 1.26023
1.25979, 1.26190, 1.25837, 1.26053
1.26060, 1.26430, 1.26024, 1.26101
1.26089, 1.26456, 1.25672, 1.26151
1.26148, 1.26235, 1.24711, 1.24942
1.24926, 1.25893, 1.24574, 1.25823
1.25815, 1.27253, 1.25667, 1.27122
1.27098, 1.27764, 1.26974, 1.27361
1.27345, 1.28268, 1.26833, 1.28215
1.28230, 1.28531, 1.27770, 1.28164
1.28152, 1.28787, 1.27900, 1.28045
1.28026, 1.28595, 1.27177, 1.28543
1.28243, 1.29130, 1.28243, 1.28761
1.28750, 1.28926, 1.28242, 1.28367
1.28354, 1.28521, 1.27290, 1.27357
1.27342, 1.28671, 1.27125, 1.28359
1.28341, 1.29113, 1.28120, 1.29041
1.29037, 1.30142, 1.29011, 1.30128
1.30127, 1.30514, 1.29607, 1.30278
1.30259, 1.30382, 1.29199, 1.29921
1.29911, 1.30756, 1.29755, 1.30447
1.30434, 1.30473, 1.29057, 1.29069
1.29123, 1.29802, 1.28353, 1.28465
1.28458, 1.28572, 1.28055, 1.28079
1.28077, 1.28946, 1.27941, 1.28885
1.28885, 1.28908, 1.27819, 1.28185
1.28188, 1.28670, 1.27753, 1.28309
1.28293, 1.28397, 1.27659, 1.27689
1.27678, 1.28713, 1.27629, 1.28185
1.28174, 1.28832, 1.28015, 1.28155
1.28146, 1.28475, 1.27673, 1.27685
1.27687, 1.27823, 1.27167, 1.27189
1.27187, 1.27266, 1.26496, 1.26522
1.26525, 1.26854, 1.26282, 1.26496
1.26477, 1.26759, 1.26045, 1.26571
1.26562, 1.26853, 1.25632, 1.25671
1.25672, 1.25944, 1.25503, 1.25930
1.25903, 1.26000, 1.25339, 1.25797
1.25786, 1.26173, 1.25225, 1.25315
1.25304, 1.25645, 1.25168, 1.25551
1.25535, 1.27041, 1.25478, 1.26971
1.26968, 1.28114, 1.26801, 1.27798
1.27723, 1.28985, 1.27715, 1.28948
1.28940, 1.29738, 1.28650, 1.29550
1.29517, 1.29943, 1.28614, 1.28906
1.28895, 1.29693, 1.28596, 1.29456
1.29456, 1.30779, 1.29379, 1.30238
1.30123, 1.30347, 1.29777, 1.29811
1.29799, 1.29846, 1.29049, 1.29143
1.29147, 1.29955, 1.29112, 1.29464
1.29457, 1.30166, 1.29353, 1.29935
1.29911, 1.29983, 1.28889, 1.28922
1.28895, 1.29154, 1.28632, 1.28732
1.28727, 1.28937, 1.28182, 1.28728
1.28711, 1.28990, 1.28428, 1.28932
1.28912, 1.29325, 1.28602, 1.28739
1.28735, 1.29655, 1.28657, 1.28826
1.28683, 1.29017, 1.28363, 1.28575
1.28559, 1.30825, 1.28425, 1.30306
1.30274, 1.30772, 1.30109, 1.30368
1.30362, 1.30544, 1.29620, 1.29673
1.29665, 1.30339, 1.29349, 1.29350
1.29450, 1.30509, 1.29384, 1.30028
1.30012, 1.30495, 1.29832, 1.30226
1.30218, 1.30593, 1.29355, 1.29774
1.29752, 1.32225, 1.29649, 1.31110
1.31116, 1.31343, 1.30123, 1.30250
1.30194, 1.30243, 1.28976, 1.29806
1.29775, 1.29882, 1.28668, 1.28678
1.28677, 1.29063, 1.28537, 1.28836
1.28826, 1.29360, 1.28585, 1.28647
1.28647, 1.29268, 1.28214, 1.29128
1.29168, 1.29450, 1.28338, 1.28447
1.28435, 1.29002, 1.28148, 1.28849
1.28846, 1.29102, 1.28072, 1.28195
1.28203, 1.28683, 1.27940, 1.28027
1.28030, 1.28541, 1.27876, 1.27964
1.27943, 1.28551, 1.27664, 1.28368
1.28372, 1.28862, 1.28329, 1.28775
1.28761, 1.28908, 1.28316, 1.28382
1.28381, 1.28750, 1.28172, 1.28629
1.28609, 1.29839, 1.28574, 1.29348
1.29248, 1.29490, 1.28380, 1.28544
1.28536, 1.28995, 1.28422, 1.28848
1.28849, 1.28944, 1.27503, 1.27741
1.27725, 1.27908, 1.27268, 1.27596
1.27599, 1.28019, 1.27385, 1.27721
1.27603, 1.29331, 1.27603, 1.29025
1.29028, 1.29275, 1.28300, 1.28437
1.28423, 1.29356, 1.28264, 1.29112
1.29098, 1.29661, 1.28798, 1.29446
1.29440, 1.30083, 1.29406, 1.29921
1.29813, 1.30601, 1.29705, 1.30532
1.30524, 1.30624, 1.29326, 1.29529
1.29528, 1.30177, 1.29521, 1.29672
1.29657, 1.29748, 1.28943, 1.29246
1.29242, 1.30418, 1.29032, 1.30404
1.30292, 1.30750, 1.29898, 1.30104
1.30084, 1.31074, 1.29713, 1.30915
1.30914, 1.31400, 1.30623, 1.31347
1.31324, 1.32071, 1.31154, 1.31536
1.31535, 1.31688, 1.30738, 1.31240
1.31243, 1.31727, 1.31237, 1.31415
1.31399, 1.31694, 1.30955, 1.31496
1.31493, 1.32080, 1.31096, 1.31185
1.31182, 1.31586, 1.30763, 1.30890
1.30880, 1.30933, 1.29810, 1.30198
1.30387, 1.30405, 1.29628, 1.29812
1.29816, 1.31735, 1.29531, 1.31727
1.31711, 1.32053, 1.31385, 1.31667
1.31658, 1.32392, 1.31527, 1.32286
1.32279, 1.33070, 1.32252, 1.32653
1.32608, 1.33432, 1.32444, 1.32496
1.32491, 1.33741, 1.32263, 1.33658
1.33640, 1.34661, 1.33566, 1.34650
1.34623, 1.35435, 1.34082, 1.34871
1.34861, 1.36115, 1.34669, 1.35937
1.35991, 1.38074, 1.35582, 1.37373
1.37351, 1.37747, 1.36387, 1.37257
1.37245, 1.38320, 1.36022, 1.36027
1.36029, 1.37547, 1.36025, 1.36872
1.36842, 1.38339, 1.36575, 1.38335
1.38019, 1.38213, 1.36194, 1.36236
1.36229, 1.36634, 1.35021, 1.35075
1.35078, 1.36946, 1.35027, 1.36169
1.36159, 1.37542, 1.35636, 1.37468
1.37458, 1.37596, 1.36748, 1.37395
1.37268, 1.37812, 1.37019, 1.37771
1.37764, 1.38542, 1.37135, 1.37938
1.37939, 1.38294, 1.37594, 1.38185
1.38164, 1.39766, 1.37058, 1.37496
1.37485, 1.38973, 1.37028, 1.38783
1.38693, 1.38771, 1.36979, 1.37127
1.37127, 1.38098, 1.36564, 1.37345
1.37342, 1.38087, 1.37173, 1.37625
1.37618, 1.38058, 1.36499, 1.37661
1.37650, 1.38537, 1.36289, 1.36438
1.36289, 1.37737, 1.36054, 1.37054
1.37050, 1.37470, 1.36002, 1.36058
1.36061, 1.36500, 1.35069, 1.35522
1.35527, 1.36258, 1.34946, 1.35663
1.35642, 1.36337, 1.35242, 1.36049
1.36066, 1.36844, 1.36001, 1.36176
1.36170, 1.36679, 1.35292, 1.36282
1.36266, 1.37124, 1.35477, 1.37045
1.37043, 1.38072, 1.36816, 1.37415
1.37428, 1.37496, 1.34681, 1.34748
1.35243, 1.35519, 1.34643, 1.34899
1.34903, 1.35258, 1.33866, 1.34259
1.34259, 1.35409, 1.34098, 1.35237
1.35245, 1.35702, 1.33075, 1.33182
1.33182, 1.33602, 1.32352, 1.32515
1.32721, 1.33134, 1.32383, 1.33124
1.33118, 1.33352, 1.32250, 1.32767
1.32757, 1.33461, 1.32272, 1.33291
1.33273, 1.34001, 1.33038, 1.33242
1.33263, 1.34081, 1.32993, 1.33897
1.33626, 1.34940, 1.33614, 1.34512
1.34458, 1.34530, 1.33641, 1.33677
1.33680, 1.34392, 1.33438, 1.33533
1.33526, 1.33612, 1.33155, 1.33358
1.33354, 1.33976, 1.33163, 1.33768
1.33907, 1.35038, 1.33891, 1.34929
1.34922, 1.36447, 1.34078, 1.35791
1.35785, 1.35925, 1.34251, 1.34311
1.34278, 1.34700, 1.33943, 1.34283
1.34279, 1.35198, 1.34186, 1.34639
1.34583, 1.36043, 1.33843, 1.35870
1.35870, 1.36747, 1.35697, 1.36483
1.36473, 1.36991, 1.35875, 1.36521
1.36513, 1.36881, 1.35603, 1.35915
1.35909, 1.36905, 1.35682, 1.36472
1.36263, 1.36822, 1.36178, 1.36325
1.36325, 1.36430, 1.35205, 1.35433
1.35435, 1.36115, 1.35175, 1.35432
1.35432, 1.36733, 1.35380, 1.36641
1.36622, 1.37043, 1.36167, 1.36968
1.36757, 1.36937, 1.36225, 1.36500
1.36485, 1.37029, 1.35790, 1.36079
1.36065, 1.36368, 1.35883, 1.36096
1.36085, 1.36840, 1.35698, 1.36465
1.36469, 1.36574, 1.35618, 1.35916
1.35941, 1.35944, 1.35718, 1.35785
1.35780, 1.35781, 1.34834, 1.35219
1.35171, 1.36106, 1.34848, 1.36052
1.36039, 1.36074, 1.35373, 1.35452
1.35448, 1.35806, 1.35131, 1.35491
1.35303, 1.35826, 1.35160, 1.35670
1.35642, 1.36841, 1.35218, 1.36666
1.36656, 1.36792, 1.34749, 1.34755
1.34753, 1.35945, 1.34690, 1.35688
1.35685, 1.36638, 1.34325, 1.34432
1.34323, 1.34436, 1.33562, 1.33879
1.33867, 1.34443, 1.33752, 1.34230
1.34225, 1.34443, 1.34034, 1.34231
1.34221, 1.34570, 1.33444, 1.33653
1.33641, 1.34387, 1.33205, 1.33927
1.33828, 1.34173, 1.33517, 1.34072
1.34063, 1.34362, 1.33680, 1.33868
1.33868, 1.34993, 1.33496, 1.34883
1.34877, 1.35196, 1.34457, 1.34642
1.34633, 1.34965, 1.33723, 1.33799
1.33788, 1.34167, 1.33410, 1.33663
1.33665, 1.34127, 1.33456, 1.33646
1.33639, 1.34271, 1.33392, 1.33864
1.33867, 1.34068, 1.33021, 1.33191
1.33192, 1.33457, 1.32996, 1.33087
1.33113, 1.33881, 1.32988, 1.33858
1.33847, 1.34707, 1.32980, 1.33008
1.33015, 1.33792, 1.32657, 1.32881
1.32869, 1.33464, 1.32614, 1.33131
1.33135, 1.34252, 1.33105, 1.34031
1.34112, 1.34748, 1.33955, 1.34456
1.34454, 1.34680, 1.33788, 1.33958
1.33936, 1.34496, 1.33593, 1.34469
1.34444, 1.34622, 1.33715, 1.34533
1.34524, 1.34713, 1.33370, 1.33432
1.33438, 1.33786, 1.33241, 1.33315
1.33315, 1.33897, 1.32727, 1.33362
1.33356, 1.34394, 1.33306, 1.33925
1.33910, 1.34783, 1.33564, 1.34557
1.34535, 1.35367, 1.34447, 1.34738
1.34759, 1.34939, 1.34405, 1.34534
1.34517, 1.35483, 1.34394, 1.35378
1.35367, 1.35674, 1.35135, 1.35501
1.35482, 1.35804, 1.35154, 1.35467
1.35450, 1.36643, 1.35262, 1.36060
1.36081, 1.36233, 1.35332, 1.35734
1.35731, 1.36471, 1.35600, 1.36456
1.36439, 1.36581, 1.35834, 1.35903
1.35904, 1.36403, 1.35814, 1.35950
1.35941, 1.36432, 1.35543, 1.35947
1.35966, 1.36282, 1.35812, 1.36105
1.36106, 1.37603, 1.35989, 1.37527
1.37507, 1.38140, 1.37442, 1.38012
1.37998, 1.38362, 1.37517, 1.38271
1.38257, 1.38610, 1.37604, 1.38261
1.38033, 1.38137, 1.36763, 1.37287
1.37310, 1.37494, 1.36508, 1.36831
1.36821, 1.38133, 1.36590, 1.37620
1.37620, 1.37868, 1.37125, 1.37198
1.37191, 1.37723, 1.36769, 1.37261
1.37008, 1.37460, 1.36506, 1.36641
1.36641, 1.37364, 1.36433, 1.37080
1.37097, 1.37433, 1.36560, 1.37294
1.37224, 1.37324, 1.36297, 1.37074
1.37074, 1.38038, 1.37074, 1.37374
1.37299, 1.37442, 1.36487, 1.36588
1.36591, 1.36943, 1.35908, 1.35968
1.35970, 1.36158, 1.35554, 1.35556
1.35554, 1.35801, 1.35150, 1.35208
1.35202, 1.35637, 1.35067, 1.35118
1.34896, 1.35358, 1.34106, 1.34369
1.34335, 1.34666, 1.34053, 1.34438
1.34429, 1.34821, 1.34226, 1.34557
1.34550, 1.35049, 1.34460, 1.34892
1.34860, 1.35293, 1.34728, 1.35080
1.35146, 1.35528, 1.34840, 1.35059
1.35061, 1.35154, 1.34614, 1.34643
1.34641, 1.34884, 1.34273, 1.34401
1.34392, 1.34473, 1.33323, 1.33380
1.33370, 1.33946, 1.32994, 1.33569
1.33564, 1.34191, 1.33417, 1.33904
1.33906, 1.33985, 1.33587, 1.33875
1.33874, 1.34662, 1.33835, 1.34578
1.34569, 1.34886, 1.34476, 1.34756
1.34735, 1.35623, 1.34691, 1.35389
1.35264, 1.35663, 1.35218, 1.35410
1.35404, 1.36470, 1.35238, 1.36251
1.36249, 1.36500, 1.35984, 1.36351
1.36350, 1.36444, 1.35884, 1.35914
1.35915, 1.36670, 1.35351, 1.35420
1.35331, 1.35823, 1.35295, 1.35428
1.35423, 1.36368, 1.35274, 1.36240
1.36233, 1.36387, 1.35807, 1.36149
1.36146, 1.36318, 1.35184, 1.35365
1.35358, 1.35387, 1.33705, 1.33741
1.33763, 1.33866, 1.33141, 1.33722
1.33703, 1.34052, 1.33621, 1.33851
1.33847, 1.34139, 1.33339, 1.33702
1.33694, 1.34946, 1.33622, 1.34872
1.34873, 1.35645, 1.34769, 1.35548
1.35343, 1.35667, 1.34583, 1.34658
1.34651, 1.34928, 1.34034, 1.34784
1.34733, 1.35352, 1.34363, 1.34541
1.34536, 1.35237, 1.34442, 1.34995
1.34993, 1.35226, 1.34679, 1.34967
1.34983, 1.35180, 1.34844, 1.35046
1.35033, 1.35478, 1.34836, 1.35016
1.35013, 1.36046, 1.34926, 1.35925
1.35920, 1.36440, 1.35854, 1.36417
1.36398, 1.36537, 1.35999, 1.36148
1.36065, 1.36150, 1.35822, 1.35890
1.35881, 1.36125, 1.35662, 1.35974
1.35979, 1.36503, 1.35684, 1.35700
1.35693, 1.35843, 1.34358, 1.34482
1.34467, 1.34502, 1.34059, 1.34282
1.34133, 1.34608, 1.34133, 1.34431
1.34433, 1.34513, 1.33889, 1.34001
1.34000, 1.34257, 1.33201, 1.33703
1.33694, 1.33869, 1.33332, 1.33547
1.33539, 1.33702, 1.33122, 1.33380
1.33318, 1.33828, 1.33141, 1.33638
1.33646, 1.33775, 1.32852, 1.33118
1.33115, 1.33520, 1.32712, 1.33231
1.33222, 1.33536, 1.32090, 1.32190
1.32177, 1.32384, 1.31768, 1.31957
1.31813, 1.32278, 1.31784, 1.32073
1.32087, 1.32688, 1.32046, 1.32321
1.32323, 1.32448, 1.31563, 1.31623
1.31622, 1.31783, 1.31380, 1.31501
1.31493, 1.32251, 1.31421, 1.31790
1.31787, 1.31795, 1.31351, 1.31535
1.31518, 1.31903, 1.31157, 1.31893
1.31893, 1.32756, 1.31884, 1.32562
1.32557, 1.32845, 1.32383, 1.32533
1.32508, 1.32841, 1.32057, 1.32456
1.32363, 1.32724, 1.32291, 1.32490
1.32476, 1.32558, 1.32022, 1.32219
1.32217, 1.32922, 1.32179, 1.32811
1.32801, 1.33712, 1.32742, 1.33687
1.33666, 1.33858, 1.32651, 1.32760
1.32667, 1.33035, 1.32667, 1.32786
1.32781, 1.32887, 1.32297, 1.32300
1.32297, 1.32331, 1.31428, 1.31849
1.31829, 1.31939, 1.31029, 1.31090
1.31082, 1.32259, 1.30915, 1.32169
1.32063, 1.32314, 1.31600, 1.31981
1.31970, 1.32425, 1.31664, 1.31672
1.31670, 1.31925, 1.31545, 1.31638
1.31627, 1.31936, 1.31186, 1.31716
1.31708, 1.32257, 1.31523, 1.32214
1.32143, 1.32280, 1.31494, 1.31680
1.31662, 1.32086, 1.31461, 1.31722
1.31701, 1.32370, 1.31653, 1.32045
1.32048, 1.32425, 1.31572, 1.32242
1.32229, 1.32481, 1.31997, 1.32458
1.32305, 1.32607, 1.31503, 1.31865
1.31853, 1.32991, 1.31796, 1.32809
1.32800, 1.33518, 1.32634, 1.33504
1.33502, 1.33768, 1.33280, 1.33557
1.33545, 1.33932, 1.33184, 1.33813
1.33603, 1.33985, 1.33550, 1.33671
1.33667, 1.35013, 1.33592, 1.34175
1.34169, 1.34532, 1.34033, 1.34221
1.34194, 1.34490, 1.33712, 1.34471
1.34446, 1.34650, 1.34117, 1.34442
1.34327, 1.34791, 1.34327, 1.34601
1.34595, 1.35007, 1.34383, 1.34972
1.34972, 1.35442, 1.34745, 1.35297
1.35296, 1.35517, 1.34956, 1.35451
1.35458, 1.35458, 1.35458, 1.35458