0.95607, 0.95649, 0.95227, 0.95338
0.95260, 0.95644, 0.95260, 0.95532
0.95379, 0.95973, 0.95328, 0.95873
0.95868, 0.96114, 0.95512, 0.96077
0.96073, 0.96398, 0.95979, 0.96342
0.96328, 0.96495, 0.95779, 0.95902
0.95814, 0.96094, 0.95602, 0.95615
0.95610, 0.95808, 0.95343, 0.95695
0.95695, 0.95963, 0.95557, 0.95770
0.95870, 0.96465, 0.95690, 0.96230
0.96219, 0.96389, 0.95995, 0.96183
0.96175, 0.96366, 0.95773, 0.95982
0.95977, 0.96785, 0.95807, 0.96610
0.96617, 0.96986, 0.96501, 0.96862
0.96859, 0.97239, 0.96667, 0.97129
0.97117, 0.97595, 0.97053, 0.97466
0.97426, 0.97881, 0.97378, 0.97814
0.97798, 0.98101, 0.97673, 0.97890
0.97878, 0.98479, 0.97809, 0.98314
0.98328, 0.98957, 0.98162, 0.98914
0.98910, 0.99201, 0.98715, 0.98789
0.98757, 0.99208, 0.98714, 0.99060
0.99084, 0.99701, 0.98919, 0.99668
0.99636, 0.99997, 0.99361, 0.99931
0.99855, 0.99991, 0.99555, 0.99762
0.99728, 1.00224, 0.99659, 0.99976
0.99989, 1.00561, 0.99835, 1.00267
1.00252, 1.00453, 1.00028, 1.00173
1.00147, 1.00561, 1.00035, 1.00509
1.00450, 1.00560, 0.99939, 1.00287
1.00265, 1.00395, 0.99762, 1.00020
0.99955, 1.00072, 0.99573, 1.00044
1.00046, 1.00413, 0.99832, 1.00143
1.00121, 1.00188, 0.99841, 1.00111
1.00109, 1.00335, 0.99864, 1.00164
1.00135, 1.00179, 0.99501, 0.99746
0.99662, 1.00012, 0.99660, 0.99712
0.99667, 0.99903, 0.99176, 0.99271
0.99266, 0.99776, 0.98939, 0.99573
0.99551, 0.99567, 0.98855, 0.99131
0.99111, 0.99369, 0.98961, 0.98971
0.99106, 0.99579, 0.99084, 0.99335
0.99299, 0.99830, 0.98505, 0.99130
0.99123, 0.99353, 0.98787, 0.98907
0.98896, 0.98919, 0.98261, 0.98599
0.98562, 0.99128, 0.98412, 0.98776
0.98812, 0.98943, 0.98300, 0.98815
0.98815, 0.98928, 0.98302, 0.98474
0.98469, 0.98856, 0.98354, 0.98652
0.98650, 0.98667, 0.97883, 0.98030
0.98034, 0.98878, 0.97924, 0.98493
0.98347, 0.98737, 0.98344, 0.98528
0.98528, 0.98835, 0.98302, 0.98688
0.98685, 0.98951, 0.98403, 0.98550
0.98550, 0.99728, 0.98253, 0.99682
0.99682, 0.99882, 0.99453, 0.99755
0.99560, 0.99902, 0.99359, 0.99520
0.99520, 0.99774, 0.99178, 0.99412
0.99412, 0.99828, 0.99359, 0.99615
0.99612, 0.99855, 0.98968, 0.99175
0.99173, 0.99219, 0.98732, 0.98762
0.98766, 0.98903, 0.98555, 0.98700
0.98659, 0.99230, 0.98582, 0.99046
0.99046, 0.99762, 0.98913, 0.99702
0.99715, 0.99922, 0.99573, 0.99746
0.99744, 0.99806, 0.98938, 0.98999
0.99066, 0.99657, 0.98927, 0.99343
0.99343, 0.99495, 0.99127, 0.99245
0.99241, 0.99394, 0.99054, 0.99257
0.99212, 0.99441, 0.99101, 0.99345
0.99345, 0.99436, 0.98841, 0.99010
0.98939, 0.99300, 0.98577, 0.99152
0.99152, 0.99614, 0.99096, 0.99199
0.99199, 0.99656, 0.99050, 0.99588
0.99587, 1.00272, 0.99468, 1.00240
1.00233, 1.00679, 1.00144, 1.00158
1.00117, 1.00241, 0.99625, 0.99670
0.99669, 1.00011, 0.99267, 1.00002
1.00007, 1.00346, 0.99827, 0.99898
0.99893, 1.00432, 0.99583, 0.99926
0.99917, 1.00100, 0.99156, 0.99253
0.99180, 0.99419, 0.99008, 0.99284
0.99283, 0.99542, 0.99169, 0.99374
0.99370, 0.99492, 0.99074, 0.99174
0.99171, 0.99494, 0.99029, 0.99418
0.99418, 0.99780, 0.99313, 0.99479
0.99401, 0.99564, 0.98778, 0.98824
0.98820, 0.99055, 0.98670, 0.99021
0.99019, 0.99341, 0.98978, 0.99192
0.99192, 0.99561, 0.99080, 0.99550
0.99552, 0.99650, 0.99209, 0.99438
0.99393, 0.99847, 0.99314, 0.99641
0.99623, 0.99679, 0.99305, 0.99555
0.99554, 0.99707, 0.99279, 0.99314
0.99335, 0.99509, 0.98946, 0.99359
0.99359, 0.99750, 0.99165, 0.99526
0.99455, 0.99539, 0.99208, 0.99297
0.99297, 0.99505, 0.99009, 0.99420
0.99420, 0.99824, 0.99260, 0.99364
0.99365, 0.99744, 0.99156, 0.99686
0.99685, 0.99778, 0.99325, 0.99546
0.99474, 0.99682, 0.99103, 0.99120
0.99107, 0.99163, 0.98426, 0.98464
0.98470, 0.98534, 0.98078, 0.98308
0.98281, 0.98661, 0.98217, 0.98592
0.98592, 0.98651, 0.98109, 0.98335
0.98239, 0.98458, 0.97874, 0.97952
0.97952, 0.98090, 0.97450, 0.97638
0.97638, 0.97758, 0.97019, 0.97040
0.97042, 0.97157, 0.96860, 0.96932
0.96928, 0.97032, 0.96519, 0.96872
0.96934, 0.97074, 0.96831, 0.96920
0.96921, 0.97672, 0.96877, 0.97427
0.97446, 0.97537, 0.97084, 0.97192
0.97192, 0.97213, 0.96505, 0.96505
0.96509, 0.96999, 0.96416, 0.96906
0.96838, 0.97546, 0.96837, 0.97485
0.97485, 0.97587, 0.97199, 0.97231
0.97229, 0.97497, 0.96955, 0.97047
0.97060, 0.97085, 0.96519, 0.96565
0.96565, 0.96756, 0.96345, 0.96723
0.96733, 0.96795, 0.96114, 0.96246
0.96213, 0.96557, 0.95999, 0.96449
0.96437, 0.96999, 0.96339, 0.96726
0.96726, 0.96786, 0.95889, 0.95896
0.95896, 0.95981, 0.95421, 0.95781
0.95885, 0.96496, 0.95762, 0.96492
0.96492, 0.96708, 0.96262, 0.96503
0.96503, 0.97015, 0.96232, 0.96571
0.96571, 0.97829, 0.96471, 0.97726
0.97726, 0.98195, 0.97374, 0.98168
0.98033, 0.98560, 0.97978, 0.98368
0.98359, 0.98627, 0.98290, 0.98397
0.98380, 0.99252, 0.98307, 0.99243
0.99238, 0.99339, 0.98915, 0.99172
0.99172, 0.99551, 0.99100, 0.99202
0.99203, 0.99445, 0.99072, 0.99233
0.99231, 0.99556, 0.99110, 0.99170
0.99173, 0.99338, 0.98956, 0.99017
0.99016, 0.99223, 0.98565, 0.98943
0.98948, 0.99301, 0.98818, 0.99135
0.98975, 0.99202, 0.98479, 0.98691
0.98688, 0.99090, 0.98590, 0.99058
0.99061, 0.99544, 0.98983, 0.99525
0.99523, 0.99749, 0.99200, 0.99566
0.99561, 0.99775, 0.99497, 0.99607
0.99493, 0.99800, 0.99397, 0.99600
0.99579, 0.99700, 0.99376, 0.99477
0.99475, 0.99895, 0.99417, 0.99775
0.99773, 1.00179, 0.99547, 0.99973
0.99971, 1.00264, 0.99632, 0.99696
0.99674, 1.00242, 0.99643, 1.00183
1.00194, 1.00538, 1.00082, 1.00519
1.00515, 1.00946, 1.00334, 1.00793
1.00781, 1.00852, 1.00000, 1.00236
1.00226, 1.00485, 0.99681, 1.00286
1.00261, 1.00689, 1.00207, 1.00438
1.00431, 1.00554, 1.00224, 1.00248
1.00239, 1.00509, 0.99525, 1.00257
0.99795, 1.00705, 0.99795, 1.00600
1.00578, 1.00856, 1.00448, 1.00528
1.00467, 1.01113, 1.00467, 1.01083
1.01076, 1.01285, 1.00689, 1.00692
1.00663, 1.01040, 1.00417, 1.00599
1.00669, 1.00792, 1.00356, 1.00673
1.00577, 1.00872, 0.99912, 0.99933
0.99895, 1.00070, 0.99243, 0.99364
0.99350, 0.99580, 0.99088, 0.99486
0.99477, 0.99587, 0.99279, 0.99445
0.99431, 0.99560, 0.99215, 0.99414
0.99455, 0.99799, 0.99323, 0.99695
0.99642, 0.99932, 0.99543, 0.99868
0.99720, 1.00031, 0.99720, 0.99860
0.99798, 1.00059, 0.99253, 0.99362
0.99344, 0.99767, 0.99175, 0.99590
0.99476, 1.00043, 0.99455, 0.99878
0.99850, 0.99960, 0.99644, 0.99792
0.99773, 0.99908, 0.99302, 0.99748
0.99689, 1.00083, 0.99668, 0.99754
0.99734, 0.99898, 0.98943, 0.99286
0.99168, 0.99431, 0.98897, 0.98969
0.99006, 0.99072, 0.98679, 0.99023
0.99014, 0.99383, 0.98627, 0.99311
0.99318, 0.99655, 0.99130, 0.99342
0.99324, 0.99543, 0.99115, 0.99382
0.99379, 0.99890, 0.99257, 0.99797
0.99514, 0.99853, 0.99171, 0.99315
0.99256, 0.99371, 0.98997, 0.99267
0.99144, 0.99558, 0.99062, 0.99448
0.99444, 0.99523, 0.98406, 0.98792
0.98749, 0.99567, 0.98611, 0.99477
0.99476, 0.99512, 0.98628, 0.98839
0.98668, 0.99634, 0.98646, 0.99546
0.99558, 0.99558, 0.98399, 0.98767
0.98778, 0.98971, 0.97897, 0.98392
0.98321, 0.98745, 0.98257, 0.98305
0.98136, 0.99201, 0.98097, 0.98994
0.98993, 0.99123, 0.98461, 0.98668
0.98655, 0.99078, 0.98524, 0.98611
0.98594, 0.98704, 0.97876, 0.97962
0.97955, 0.98342, 0.97880, 0.98127
0.98113, 0.98174, 0.97320, 0.97444
0.97440, 0.98486, 0.97160, 0.98451
0.98435, 0.98559, 0.98135, 0.98384
0.98421, 0.98476, 0.98003, 0.98091
0.98082, 0.98938, 0.98020, 0.98762
0.98768, 0.99098, 0.98723, 0.99040
0.98999, 0.99540, 0.98919, 0.99417
0.99386, 0.99589, 0.99322, 0.99530
0.99417, 0.99877, 0.99381, 0.99690
0.99704, 0.99859, 0.99610, 0.99723
0.99711, 0.99899, 0.99396, 0.99484
0.99471, 0.99767, 0.99345, 0.99622
0.99601, 0.99742, 0.99219, 0.99311
0.99252, 0.99353, 0.99053, 0.99189
0.99114, 0.99571, 0.99056, 0.99467
0.99454, 0.99949, 0.99319, 0.99414
0.99414, 0.99526, 0.99076, 0.99440
0.99329, 0.99630, 0.99218, 0.99546
0.99404, 0.99942, 0.99384, 0.99788
0.99769, 1.00207, 0.99718, 0.99990
0.99980, 1.00266, 0.99854, 1.00241
1.00071, 1.00287, 1.00001, 1.00238
1.00205, 1.00277, 0.99958, 1.00005
0.99977, 1.01490, 0.99717, 1.00406
1.00358, 1.00926, 1.00331, 1.00620
1.00637, 1.00927, 1.00433, 1.00924
1.00909, 1.00980, 1.00447, 1.00503
1.00468, 1.00894, 1.00439, 1.00497
1.00448, 1.00537, 1.00238, 1.00401
1.00377, 1.00606, 1.00017, 1.00121
1.00009, 1.00208, 0.99813, 1.00095
1.00052, 1.00230, 0.99929, 1.00129
1.00052, 1.00244, 0.99876, 1.00035
0.99920, 1.00116, 0.99830, 1.00042
1.00039, 1.00195, 0.99875, 1.00008
0.99844, 1.00144, 0.99620, 1.00142
1.00138, 1.00150, 0.99262, 0.99784
0.99787, 1.00087, 0.99629, 0.99894
0.99753, 1.00199, 0.99746, 0.99892
0.99880, 1.00544, 0.99788, 1.00442
1.00353, 1.00561, 1.00312, 1.00492
1.00475, 1.01241, 1.00282, 1.01129
1.01118, 1.01181, 1.00696, 1.00795
1.00747, 1.01195, 1.00696, 1.01028
1.01023, 1.01123, 1.00630, 1.00765
1.00764, 1.00848, 1.00258, 1.00357
1.00355, 1.00513, 1.00292, 1.00374
1.00377, 1.00528, 1.00106, 1.00196
1.00205, 1.00250, 0.99971, 1.00127
1.00127, 1.00147, 0.99847, 0.99935
0.99924, 1.00103, 0.98944, 0.99082
0.99102, 0.99458, 0.99036, 0.99170
0.99170, 0.99702, 0.99146, 0.99287
0.99366, 0.99493, 0.99099, 0.99206
0.99221, 0.99526, 0.99180, 0.99431
0.99430, 0.99662, 0.99052, 0.99395
0.99417, 0.99733, 0.99389, 0.99462
0.99462, 0.99743, 0.99444, 0.99507
0.99457, 0.99947, 0.99302, 0.99897
0.99739, 1.00000, 0.99718, 0.99809
0.99744, 0.99875, 0.99535, 0.99808
0.99801, 1.00030, 0.99658, 1.00001
0.99929, 1.00123, 0.99852, 1.00012
0.99934, 1.00032, 0.99778, 0.99898
0.99834, 1.00087, 0.99799, 0.99983
0.99949, 1.00335, 0.99891, 1.00242
1.00216, 1.00462, 1.00097, 1.00324
1.00304, 1.00338, 0.99970, 1.00252
1.00200, 1.00463, 1.00090, 1.00407
1.00394, 1.00821, 1.00323, 1.00768
1.00764, 1.01096, 1.00672, 1.01061
1.01009, 1.01593, 1.00929, 1.01551
1.01519, 1.01548, 1.01299, 1.01405
1.01313, 1.01607, 1.01313, 1.01571
1.01449, 1.02306, 1.01449, 1.01989
1.01985, 1.02198, 1.01689, 1.02055
1.01890, 1.02279, 1.01890, 1.02030
1.01989, 1.02364, 1.01840, 1.01957
1.01898, 1.02153, 1.01850, 1.01962
1.01959, 1.02041, 1.01739, 1.01910
1.01899, 1.01977, 1.01267, 1.01772
1.01759, 1.02039, 1.01689, 1.01937
1.01871, 1.02136, 1.01603, 1.01638
1.01548, 1.01965, 1.01513, 1.01777
1.01769, 1.02261, 1.01606, 1.01934
1.01924, 1.02079, 1.01689, 1.02042
1.01989, 1.02099, 1.01238, 1.01510
1.01484, 1.01583, 1.01009, 1.01158
1.01072, 1.01194, 1.00499, 1.00615
1.00630, 1.00959, 1.00506, 1.00864
1.00851, 1.00970, 1.00553, 1.00861
1.00849, 1.01073, 1.00734, 1.00997
1.00975, 1.01214, 1.00849, 1.01093
1.01015, 1.01209, 1.00804, 1.00849
1.00839, 1.01196, 1.00802, 1.01098
1.01097, 1.01192, 1.00663, 1.00957
1.00954, 1.00985, 1.00235, 1.00329
1.00327, 1.00422, 1.00084, 1.00166
1.00120, 1.00628, 1.00096, 1.00380
1.00359, 1.00980, 1.00341, 1.00762
1.00744, 1.00863, 1.00497, 1.00797
1.00729, 1.00978, 1.00681, 1.00787
1.00749, 1.00797, 1.00008, 1.00050
1.00066, 1.00173, 0.99103, 0.99239
0.99229, 0.99559, 0.99026, 0.99205
0.99194, 0.99507, 0.98540, 0.99470
0.99465, 0.99606, 0.98795, 0.99128
0.99079, 0.99499, 0.98590, 0.98765
0.98922, 0.99199, 0.98830, 0.98976
0.98958, 0.99363, 0.98889, 0.99231
0.99226, 0.99591, 0.99025, 0.99550
0.99539, 0.99601, 0.99179, 0.99380
0.99359, 0.99951, 0.99254, 0.99841
0.99810, 0.99997, 0.99656, 0.99896
0.99903, 1.00127, 0.99653, 1.00008
1.00001, 1.00146, 0.99161, 0.99406
0.99400, 0.99417, 0.97918, 0.98177
0.98143, 0.98384, 0.97561, 0.97612
0.97607, 0.97831, 0.97102, 0.97200
0.97174, 0.97768, 0.96938, 0.97546
0.97506, 0.97848, 0.97432, 0.97789
0.97779, 0.98140, 0.97592, 0.97649
0.97634, 0.97741, 0.97380, 0.97621
0.97890, 0.98841, 0.97798, 0.98769
0.98754, 0.98888, 0.98354, 0.98621
0.98619, 0.98727, 0.98342, 0.98617
0.98645, 0.98698, 0.98465, 0.98467
0.98467, 0.99319, 0.98424, 0.99158
0.99120, 0.99470, 0.98985, 0.99385
0.99377, 0.99513, 0.99228, 0.99351
0.99348, 0.99413, 0.98867, 0.98949
0.98939, 0.99049, 0.98446, 0.99021
0.99007, 0.99079, 0.98361, 0.98406
0.98406, 0.98546, 0.98173, 0.98446
0.98439, 0.98940, 0.98357, 0.98783
0.98778, 0.99077, 0.98645, 0.98738
0.98739, 0.98917, 0.98090, 0.98136
0.98136, 0.98471, 0.98054, 0.98162
0.98258, 0.98405, 0.98038, 0.98203
0.98193, 0.98596, 0.98166, 0.98527
0.98518, 0.98744, 0.98359, 0.98471
0.98462, 0.99177, 0.98439, 0.99083
0.99068, 0.99460, 0.99001, 0.99335
0.99318, 0.99368, 0.99088, 0.99164
0.99152, 0.99223, 0.98907, 0.99018
0.99009, 0.99497, 0.98826, 0.99385
0.99387, 0.99753, 0.98876, 0.99024
0.99024, 0.99075, 0.98144, 0.98230
0.98317, 0.98339, 0.97163, 0.97334
0.97338, 0.97925, 0.97034, 0.97608
0.97605, 0.97972, 0.96919, 0.97528
0.97545, 0.97867, 0.97374, 0.97481
0.97458, 0.97540, 0.97091, 0.97246
0.97275, 0.97537, 0.96816, 0.96916
0.96908, 0.97680, 0.96595, 0.97655
0.97660, 0.97703, 0.97052, 0.97337
0.97279, 0.97766, 0.97217, 0.97628
0.97624, 0.98093, 0.97576, 0.97853
0.97795, 0.98209, 0.97681, 0.98156
0.98149, 0.98165, 0.97751, 0.97778
0.97763, 0.98309, 0.97726, 0.98257
0.98214, 0.98445, 0.98137, 0.98366
0.98348, 0.98771, 0.97355, 0.97472
0.97218, 0.98163, 0.97130, 0.97913
0.97815, 0.98371, 0.97753, 0.98113
0.98109, 0.98284, 0.98009, 0.98131
0.98127, 0.98751, 0.98001, 0.98648
0.98628, 0.99177, 0.98588, 0.98967
0.98962, 0.99193, 0.98885, 0.99041
0.98993, 0.99288, 0.98634, 0.98663
0.98659, 0.98841, 0.97981, 0.98090
0.98019, 0.98732, 0.97969, 0.98602
0.98529, 0.99173, 0.98529, 0.98749
0.98713, 0.99231, 0.98699, 0.99204
0.99194, 0.99318, 0.98888, 0.99179
0.99174, 0.99434, 0.99115, 0.99276
0.99279, 0.99465, 0.98804, 0.99030
0.99024, 0.99109, 0.98541, 0.99008
0.98751, 0.99398, 0.98648, 0.99256
0.99267, 0.99686, 0.99130, 0.99293
0.99309, 0.99835, 0.99255, 0.99749
0.99651, 0.99835, 0.98999, 0.99311
0.99310, 0.99360, 0.98892, 0.99079
0.99154, 0.99228, 0.98901, 0.98981
0.98971, 0.99142, 0.98436, 0.98558
0.98568, 0.99250, 0.98491, 0.99224
0.99156, 0.99484, 0.99027, 0.99364
0.99335, 0.99490, 0.98980, 0.99092
0.99104, 0.99877, 0.99033, 0.99796
0.99724, 1.00166, 0.99229, 0.99306
0.99299, 1.00267, 0.99209, 0.99682
0.99679, 1.00278, 0.99519, 0.99899
0.99894, 1.00079, 0.99253, 0.99516
0.99469, 0.99656, 0.99264, 0.99477
0.99457, 0.99583, 0.99047, 0.99317
0.99241, 0.99636, 0.99157, 0.99593
0.99561, 0.99728, 0.99139, 0.99667
0.99685, 0.99904, 0.99575, 0.99655
0.99696, 0.99831, 0.99441, 0.99731
0.99683, 0.99959, 0.99630, 0.99873
0.99865, 0.99905, 0.99454, 0.99483
0.99475, 0.99521, 0.98665, 0.98780
0.98768, 0.98913, 0.98404, 0.98404
0.98447, 0.98760, 0.98403, 0.98581
0.98561, 0.98967, 0.98535, 0.98953
0.98923, 0.99144, 0.98852, 0.99074
0.99003, 0.99291, 0.98912, 0.99218
0.99180, 0.99548, 0.99071, 0.99437
0.99428, 0.99702, 0.99403, 0.99461
0.99475, 0.99648, 0.99318, 0.99381
0.99389, 0.99442, 0.98870, 0.98935
0.98902, 0.98932, 0.98589, 0.98630
0.98639, 0.98940, 0.98491, 0.98493
0.98501, 0.98885, 0.98501, 0.98767
0.98770, 0.99355, 0.98721, 0.99260
0.99246, 0.99399, 0.99152, 0.99272
0.99178, 0.99753, 0.99109, 0.99475
0.99469, 0.99786, 0.99419, 0.99703
0.99610, 0.99771, 0.99285, 0.99328
0.99328, 0.99643, 0.99218, 0.99312
0.99290, 0.99357, 0.98836, 0.98990
0.98977, 0.99077, 0.98701, 0.98804
0.98769, 0.99108, 0.98760, 0.98945
0.98870, 0.99141, 0.98682, 0.98955
0.98937, 0.99186, 0.98812, 0.99040
0.99037, 0.99370, 0.98985, 0.99104
0.99053, 0.99350, 0.98902, 0.99310
0.99301, 0.99802, 0.99188, 0.99714
0.99783, 0.99855, 0.99598, 0.99674
0.99604, 0.99865, 0.99600, 0.99727
0.99685, 1.00006, 0.99676, 0.99941
0.99889, 0.99957, 0.99811, 0.99817
0.99809, 1.00233, 0.99804, 0.99954
0.99973, 1.00084, 0.99111, 0.99127
0.99059, 0.99263, 0.98571, 0.98705
0.98623, 0.98998, 0.98549, 0.98888
0.98812, 0.98952, 0.98680, 0.98710
0.98689, 0.99176, 0.98645, 0.99007
0.99054, 0.99101, 0.98751, 0.98766
0.98781, 0.98826, 0.98336, 0.98431
0.98429, 0.98636, 0.98140, 0.98283
0.98263, 0.98763, 0.98083, 0.98457
0.98256, 0.98625, 0.98054, 0.98394
0.98295, 0.98467, 0.98198, 0.98245
0.98175, 0.98438, 0.97956, 0.97998
0.98000, 0.98208, 0.97953, 0.98031
0.97967, 0.98120, 0.97703, 0.97835
0.97752, 0.98328, 0.97729, 0.98269
0.98158, 0.98277, 0.98009, 0.98175
0.98146, 0.98313, 0.98000, 0.98063
0.98042, 0.98184, 0.97986, 0.98119
0.98038, 0.98177, 0.97298, 0.97416
0.97381, 0.97539, 0.96737, 0.96924
0.96902, 0.96975, 0.96461, 0.96676
0.96995, 0.97326, 0.96812, 0.97108
0.97095, 0.97436, 0.96879, 0.97211
0.97062, 0.97165, 0.96758, 0.96784
0.96773, 0.97293, 0.96763, 0.97013
0.96990, 0.97395, 0.96648, 0.97380
0.97332, 0.97480, 0.97112, 0.97320
0.97290, 0.97621, 0.97198, 0.97269
0.97193, 0.97362, 0.96939, 0.97084
0.97054, 0.97129, 0.96653, 0.96741
0.96689, 0.96800, 0.96302, 0.96393
0.96394, 0.96521, 0.96129, 0.96507
0.96435, 0.96955, 0.96435, 0.96760
0.96707, 0.96992, 0.96704, 0.96767
0.96801, 0.96901, 0.96610, 0.96864
0.96796, 0.97289, 0.96775, 0.96776
0.96751, 0.97034, 0.96686, 0.96903
0.96866, 0.97180, 0.96853, 0.97104
0.96990, 0.97191, 0.96817, 0.96949
0.96900, 0.97414, 0.96785, 0.97294
0.97269, 0.97664, 0.97247, 0.97317
0.97285, 0.97372, 0.96797, 0.96934
0.96847, 0.97129, 0.96289, 0.96323
0.96360, 0.96720, 0.96284, 0.96607
0.96544, 0.97040, 0.96519, 0.96925
0.96884, 0.97474, 0.96779, 0.97334
0.97327, 0.97564, 0.97308, 0.97462
0.97423, 0.97812, 0.97394, 0.97745
0.97697, 0.97836, 0.97629, 0.97743
0.97674, 0.97890, 0.97508, 0.97577
0.97542, 0.97853, 0.97409, 0.97827
0.97742, 0.97954, 0.97606, 0.97946
0.97830, 0.98222, 0.97830, 0.98196
0.98114, 0.98269, 0.98068, 0.98071
0.98054, 0.98393, 0.97964, 0.98313
0.98313, 0.98446, 0.98261, 0.98381
0.98356, 0.98485, 0.98154, 0.98414
0.98400, 0.98447, 0.97707, 0.97814
0.97945, 0.98158, 0.97650, 0.97888
0.97871, 0.98048, 0.97510, 0.97601
0.97568, 0.97787, 0.97285, 0.97686
0.97656, 0.97707, 0.96737, 0.96748
0.96729, 0.96956, 0.96098, 0.96515
0.96292, 0.96550, 0.95436, 0.95923
0.95849, 0.95970, 0.95153, 0.95649
0.95610, 0.95972, 0.95324, 0.95705
0.95625, 0.95715, 0.94464, 0.94506
0.94495, 0.94667, 0.93180, 0.93711
0.93179, 0.93309, 0.91765, 0.92546
0.92541, 0.94111, 0.92493, 0.93935
0.93902, 0.94017, 0.93244, 0.93916
0.93914, 0.95517, 0.93212, 0.94507
0.94493, 0.95692, 0.94219, 0.94984
0.94519, 0.95254, 0.93918, 0.94477
0.94496, 0.96485, 0.94488, 0.96117
0.96101, 0.97503, 0.95661, 0.96654
0.96673, 0.98779, 0.96377, 0.98770
0.98728, 0.99008, 0.97434, 0.98469
0.98403, 0.99008, 0.97898, 0.98394
0.98395, 0.98455, 0.97184, 0.98194
0.98218, 0.98338, 0.97504, 0.97504
0.97541, 0.97753, 0.96031, 0.96326
0.96293, 0.96551, 0.95028, 0.95134
0.95300, 0.96108, 0.95016, 0.95863
0.95796, 0.96859, 0.95753, 0.96092
0.96046, 0.96913, 0.95979, 0.96535
0.96504, 0.97502, 0.96458, 0.97362
0.97253, 0.97956, 0.97215, 0.97569
0.97651, 0.97973, 0.97518, 0.97849
0.97765, 0.97918, 0.96855, 0.96944
0.96900, 0.97433, 0.96874, 0.97227
0.97148, 0.97336, 0.96480, 0.96615
0.96584, 0.96732, 0.96384, 0.96503
0.96494, 0.96873, 0.96298, 0.96741
0.96647, 0.96775, 0.95959, 0.96033
0.96000, 0.97003, 0.95926, 0.96441
0.96460, 0.97157, 0.96436, 0.97019
0.96970, 0.97238, 0.96561, 0.96655
0.96700, 0.97002, 0.96553, 0.96773
0.96749, 0.97276, 0.96702, 0.96939
0.96864, 0.97320, 0.96686, 0.97154
0.97078, 0.97726, 0.97052, 0.97583
0.97516, 0.98027, 0.97248, 0.97261
0.97219, 0.97671, 0.97122, 0.97518
0.97469, 0.98001, 0.97204, 0.97476
0.97461, 0.97675, 0.97124, 0.97372
0.97327, 0.97591, 0.96386, 0.96551
0.96470, 0.96692, 0.95884, 0.96109
0.96122, 0.96629, 0.96122, 0.96535
0.96444, 0.97348, 0.96444, 0.97254
0.97191, 0.97587, 0.97185, 0.97479
0.97499, 0.97843, 0.97287, 0.97323
0.97245, 0.97364, 0.96812, 0.97051
0.97175, 0.97366, 0.97002, 0.97289
0.97249, 0.97497, 0.96647, 0.96942
0.96879, 0.97261, 0.96652, 0.97226
0.97187, 0.97554, 0.97133, 0.97305
0.97261, 0.97445, 0.96980, 0.97150
0.97154, 0.97609, 0.96765, 0.97121
0.97072, 0.97287, 0.96984, 0.97146
0.97073, 0.97162, 0.96380, 0.96469
0.96429, 0.97129, 0.96429, 0.97036
0.97034, 0.97334, 0.96969, 0.97115
0.97115, 0.97362, 0.97043, 0.97150
0.97168, 0.97228, 0.96465, 0.96549
0.96523, 0.97282, 0.96517, 0.96803
0.96812, 0.97191, 0.96305, 0.96415
0.96358, 0.96503, 0.96017, 0.96125
0.96134, 0.96249, 0.95786, 0.96088
0.96054, 0.96376, 0.95730, 0.96232
0.96179, 0.96477, 0.96064, 0.96101
0.96030, 0.96240, 0.95435, 0.95543
0.95499, 0.96505, 0.95418, 0.96227
0.96195, 0.96394, 0.95554, 0.95751
0.95711, 0.95853, 0.94823, 0.95067
0.95060, 0.95147, 0.94247, 0.94366
0.94367, 0.94603, 0.93762, 0.94416
0.94385, 0.95533, 0.94192, 0.95220
0.95296, 0.95460, 0.94793, 0.94892
0.94869, 0.95222, 0.94626, 0.95105
0.95022, 0.95282, 0.94802, 0.94846
0.94799, 0.95242, 0.94799, 0.95126
0.95079, 0.95297, 0.94868, 0.95213
0.95122, 0.95259, 0.94643, 0.94745
0.94657, 0.94929, 0.94192, 0.94465
0.94378, 0.94852, 0.94322, 0.94776
0.94753, 0.95071, 0.94702, 0.94822
0.94829, 0.94989, 0.94667, 0.94797
0.94746, 0.95241, 0.94407, 0.95102
0.95085, 0.95318, 0.94606, 0.94729
0.94637, 0.94931, 0.94441, 0.94565
0.94561, 0.94642, 0.94257, 0.94510
0.94518, 0.94694, 0.94394, 0.94401
0.94493, 0.94535, 0.93836, 0.94198
0.94199, 0.94522, 0.94076, 0.94233
0.94195, 0.94315, 0.93690, 0.93829
0.93790, 0.94095, 0.93611, 0.93991
0.93980, 0.94303, 0.93841, 0.94099
0.94029, 0.94368, 0.93915, 0.94156
0.94137, 0.94235, 0.93791, 0.93980
0.93887, 0.94566, 0.93693, 0.94427
0.94418, 0.94670, 0.94285, 0.94570
0.94504, 0.94578, 0.93790, 0.93850
0.93954, 0.94093, 0.93732, 0.93868
0.93869, 0.93973, 0.93204, 0.93297
0.93289, 0.93509, 0.92858, 0.92950
0.92879, 0.92983, 0.92444, 0.92525
0.92520, 0.92597, 0.92012, 0.92034
0.92086, 0.92293, 0.91654, 0.91977
0.91970, 0.92271, 0.91543, 0.91776
0.91771, 0.91870, 0.91159, 0.91251
0.91164, 0.91507, 0.90866, 0.90880
0.90849, 0.91480, 0.90554, 0.91329
0.91328, 0.92411, 0.91267, 0.91762
0.91671, 0.91876, 0.91294, 0.91310
0.91296, 0.91379, 0.90495, 0.90826
0.90767, 0.91282, 0.90646, 0.90961
0.90876, 0.91573, 0.90853, 0.91226
0.91222, 0.91835, 0.91191, 0.91549
0.91528, 0.91769, 0.91044, 0.91669
0.91631, 0.91970, 0.90959, 0.91190
0.91118, 0.91213, 0.90813, 0.90946
0.90932, 0.91221, 0.90860, 0.90884
0.90869, 0.90957, 0.90504, 0.90635
0.90599, 0.90667, 0.90088, 0.90357
0.90275, 0.91534, 0.90180, 0.91469
0.91469, 0.91607, 0.90713, 0.90751
0.90694, 0.91389, 0.90601, 0.91138
0.91160, 0.91271, 0.90736, 0.91177
0.91161, 0.91254, 0.90730, 0.90752
0.90734, 0.91197, 0.90696, 0.90821
0.90736, 0.91228, 0.90351, 0.90890
0.90792, 0.90988, 0.90231, 0.90398
0.90452, 0.90524, 0.89977, 0.90357
0.90276, 0.90999, 0.89981, 0.90917
0.90862, 0.91359, 0.90825, 0.91056
0.90997, 0.91414, 0.90816, 0.90929
0.90838, 0.91625, 0.90833, 0.91327
0.91284, 0.91686, 0.91197, 0.91566
0.91584, 0.91995, 0.91551, 0.91757
0.91721, 0.91895, 0.91193, 0.91218
0.91203, 0.91255, 0.90478, 0.91042
0.91029, 0.91054, 0.90786, 0.90875
0.90848, 0.90976, 0.90573, 0.90829
0.90803, 0.90879, 0.90504, 0.90799
0.90747, 0.91099, 0.90538, 0.90933
0.90872, 0.91384, 0.90801, 0.90830
0.90778, 0.91125, 0.90739, 0.91114
0.91022, 0.91705, 0.90858, 0.91441
0.91378, 0.92069, 0.91337, 0.91972
0.91893, 0.92426, 0.91888, 0.92375
0.92357, 0.92792, 0.92150, 0.92668
0.92637, 0.92954, 0.92496, 0.92880
0.92785, 0.92945, 0.92400, 0.92426
0.92403, 0.92478, 0.91899, 0.91916
0.91962, 0.92438, 0.91615, 0.92069
0.92051, 0.92135, 0.91635, 0.91844
0.91846, 0.92176, 0.91781, 0.92016
0.91890, 0.91982, 0.91442, 0.91483
0.91476, 0.91788, 0.91324, 0.91758
0.91736, 0.91836, 0.91585, 0.91707
0.91689, 0.91967, 0.91562, 0.91700
0.91646, 0.91740, 0.90909, 0.90937
0.91055, 0.91227, 0.90865, 0.90913
0.90858, 0.91539, 0.90841, 0.91460
0.91388, 0.91618, 0.91122, 0.91325
0.91261, 0.91547, 0.91256, 0.91419
0.91389, 0.91615, 0.91222, 0.91492
0.91420, 0.91645, 0.90893, 0.90999
0.90955, 0.91090, 0.90544, 0.90698
0.90658, 0.90696, 0.90296, 0.90520
0.90506, 0.90794, 0.90357, 0.90709
0.90660, 0.90912, 0.90298, 0.90365
0.90411, 0.90797, 0.90372, 0.90766
0.90762, 0.90970, 0.90607, 0.90892
0.90876, 0.91267, 0.90839, 0.91030
0.91037, 0.91718, 0.90881, 0.91533
0.91551, 0.91719, 0.91372, 0.91634
0.91619, 0.92067, 0.91482, 0.91911
0.91785, 0.91907, 0.91162, 0.91202
0.91235, 0.91953, 0.90884, 0.91204
0.91070, 0.91328, 0.90357, 0.90380
0.90417, 0.90554, 0.89814, 0.90007
0.89869, 0.91423, 0.89829, 0.91366
0.91253, 0.91743, 0.91143, 0.91491
0.91364, 0.91911, 0.91346, 0.91674
0.91644, 0.91696, 0.91306, 0.91494
0.91418, 0.91581, 0.91245, 0.91245
0.91247, 0.91506, 0.90968, 0.91236
0.91203, 0.91275, 0.90873, 0.91131
0.91116, 0.91218, 0.90911, 0.91089
0.91097, 0.91386, 0.90988, 0.91043
0.91018, 0.91224, 0.90908, 0.91102
0.91111, 0.91471, 0.90755, 0.91226
0.91217, 0.91353, 0.90968, 0.91106
0.91047, 0.91381, 0.90772, 0.90814
0.90785, 0.90926, 0.90595, 0.90618
0.90614, 0.90818, 0.90396, 0.90429
0.90403, 0.90923, 0.90184, 0.90831
0.90715, 0.90866, 0.89934, 0.89973
0.89885, 0.90124, 0.89426, 0.89459
0.89397, 0.89529, 0.88904, 0.89048
0.89122, 0.89223, 0.88847, 0.89172
0.89061, 0.89458, 0.88744, 0.89089
0.89024, 0.89131, 0.88807, 0.88888
0.88842, 0.89135, 0.88699, 0.88940
0.88852, 0.89007, 0.88511, 0.88578
0.88530, 0.89082, 0.88502, 0.88944
0.88835, 0.88947, 0.88492, 0.88682
0.88593, 0.88799, 0.88495, 0.88532
0.88555, 0.88915, 0.88251, 0.88489
0.88477, 0.88569, 0.88214, 0.88388
0.88411, 0.88673, 0.88244, 0.88261
0.88455, 0.89183, 0.88410, 0.88550
0.88563, 0.89039, 0.88443, 0.88925
0.88927, 0.89104, 0.88666, 0.88808
0.88766, 0.89164, 0.88677, 0.89149
0.88913, 0.89179, 0.88752, 0.88857
0.88856, 0.88939, 0.88294, 0.88390
0.88359, 0.88537, 0.88105, 0.88124
0.88090, 0.88517, 0.87925, 0.88494
0.88354, 0.88448, 0.87837, 0.88087
0.88053, 0.88156, 0.87749, 0.87822
0.87786, 0.88206, 0.87567, 0.87811
0.87772, 0.88599, 0.87734, 0.88526
0.88422, 0.88838, 0.88215, 0.88505
0.88549, 0.89195, 0.88443, 0.89021
0.88952, 0.89152, 0.88599, 0.88631
0.88605, 0.88886, 0.88484, 0.88737
0.88739, 0.89164, 0.88548, 0.88796
0.88778, 0.89144, 0.88683, 0.89123
0.89041, 0.89250, 0.88973, 0.88996
0.89039, 0.89157, 0.88632, 0.88848
0.88814, 0.89196, 0.88661, 0.88956
0.88941, 0.88983, 0.88469, 0.88511
0.88426, 0.88654, 0.88373, 0.88497
0.88536, 0.88919, 0.88470, 0.88803
0.88784, 0.88951, 0.88598, 0.88668
0.88599, 0.89167, 0.88583, 0.88848
0.88828, 0.89178, 0.88684, 0.88845
0.88792, 0.89110, 0.88735, 0.89054
0.88986, 0.89719, 0.88961, 0.89698
0.89647, 0.89944, 0.89461, 0.89734
0.89698, 0.90017, 0.89692, 0.89891
0.89860, 0.90437, 0.89829, 0.90436
0.90369, 0.90449, 0.89853, 0.89879
0.89897, 0.90189, 0.89812, 0.89878
0.89810, 0.89896, 0.89185, 0.89217
0.89210, 0.89304, 0.88895, 0.89017
0.89000, 0.89096, 0.88912, 0.88979
0.88930, 0.89391, 0.88925, 0.89173
0.89121, 0.89240, 0.88938, 0.88938
0.88954, 0.89295, 0.88704, 0.89269
0.89163, 0.89913, 0.89163, 0.89875
0.89800, 0.89947, 0.89564, 0.89577
0.89528, 0.89718, 0.89328, 0.89645
0.89579, 0.90229, 0.89476, 0.89588
0.89529, 0.90564, 0.89478, 0.90515
0.90321, 0.90937, 0.90316, 0.90644
0.90595, 0.90804, 0.90272, 0.90466
0.90409, 0.91010, 0.90259, 0.90834
0.90821, 0.91584, 0.90700, 0.91469
0.91445, 0.91928, 0.91353, 0.91434
0.91440, 0.91993, 0.91395, 0.91991
0.91967, 0.92970, 0.91846, 0.92866
0.92779, 0.93182, 0.92566, 0.93081
0.92856, 0.93688, 0.92856, 0.93663
0.93504, 0.93747, 0.92769, 0.92769
0.92754, 0.93220, 0.92696, 0.92949
0.92876, 0.93080, 0.92336, 0.92449
0.92406, 0.93241, 0.92341, 0.92938
0.92872, 0.93116, 0.92620, 0.92702
0.92715, 0.92863, 0.92401, 0.92469
0.92450, 0.92951, 0.92127, 0.92233
0.92242, 0.93046, 0.92180, 0.92720
0.92726, 0.93191, 0.92505, 0.92811
0.92962, 0.93085, 0.92216, 0.92297
0.92270, 0.93459, 0.92270, 0.93371
0.93377, 0.93688, 0.93360, 0.93548
0.93547, 0.94010, 0.93485, 0.93952
0.93963, 0.94171, 0.93815, 0.93860
0.93871, 0.94037, 0.93694, 0.93921
0.93880, 0.94379, 0.93797, 0.94191
0.94173, 0.94577, 0.94028, 0.94368
0.94268, 0.94719, 0.94040, 0.94165
0.94171, 0.94333, 0.94041, 0.94183
0.94260, 0.94379, 0.93530, 0.93612
0.93581, 0.93952, 0.93017, 0.93072
0.93106, 0.93157, 0.92672, 0.92938
0.92906, 0.93014, 0.92313, 0.92408
0.92366, 0.92808, 0.92330, 0.92427
0.92453, 0.92677, 0.92118, 0.92203
0.92244, 0.92587, 0.91970, 0.92049
0.92041, 0.92332, 0.91860, 0.92282
0.92219, 0.92448, 0.92055, 0.92217
0.92222, 0.92342, 0.91784, 0.91964
0.91938, 0.92143, 0.91278, 0.91515
0.91436, 0.91688, 0.91342, 0.91546
0.91575, 0.91950, 0.91456, 0.91678
0.91673, 0.91903, 0.91427, 0.91681
0.91676, 0.91724, 0.91268, 0.91337
0.91303, 0.91651, 0.91208, 0.91418
0.91361, 0.91710, 0.91226, 0.91352
0.91324, 0.91806, 0.90876, 0.90917
0.90879, 0.91185, 0.90792, 0.90887
0.90838, 0.91396, 0.90795, 0.91304
0.91215, 0.91468, 0.90921, 0.91104
0.91010, 0.91597, 0.90969, 0.91317
0.91340, 0.91636, 0.91204, 0.91294
0.91280, 0.91441, 0.90695, 0.90741
0.90726, 0.90928, 0.90029, 0.90034
0.90087, 0.90183, 0.89848, 0.90131
0.90092, 0.90386, 0.90005, 0.90340
0.90332, 0.90930, 0.90226, 0.90884
0.90894, 0.90923, 0.90501, 0.90573
0.90586, 0.90627, 0.90087, 0.90119
0.90157, 0.90320, 0.90013, 0.90312
0.90312, 0.90339, 0.89594, 0.89758
0.89750, 0.90468, 0.89673, 0.90348
0.90353, 0.90462, 0.89719, 0.89719
0.89717, 0.89997, 0.89529, 0.89763
0.89790, 0.90016, 0.89562, 0.89680
0.89643, 0.89737, 0.89293, 0.89495
0.89481, 0.89867, 0.89409, 0.89767
0.89688, 0.90080, 0.89598, 0.89678
0.89651, 0.90288, 0.89621, 0.89976
0.89871, 0.90118, 0.89832, 0.89846
0.89865, 0.89979, 0.89460, 0.89720
0.89688, 0.90236, 0.89639, 0.89787
0.89754, 0.90510, 0.89745, 0.90340
0.90333, 0.90529, 0.89812, 0.89903
0.89907, 0.90093, 0.89665, 0.89745
0.89743, 0.89884, 0.89509, 0.89669
0.89669, 0.89707, 0.89254, 0.89578
0.89531, 0.89903, 0.89396, 0.89443
0.89440, 0.89994, 0.89320, 0.89765
0.89798, 0.90007, 0.89768, 0.89936
0.89922, 0.90068, 0.89646, 0.89834
0.89784, 0.90873, 0.89734, 0.90846
0.90840, 0.91871, 0.90749, 0.91763
0.91742, 0.92378, 0.91661, 0.92279
0.92200, 0.92360, 0.91745, 0.91781
0.91753, 0.92120, 0.91723, 0.91816
0.91746, 0.91988, 0.91532, 0.91812
0.91761, 0.91992, 0.91729, 0.91786
0.91767, 0.91818, 0.91415, 0.91657
0.91778, 0.92137, 0.91625, 0.91967
0.91929, 0.92322, 0.91888, 0.92100
0.92037, 0.92612, 0.92001, 0.92500
0.92475, 0.92707, 0.92350, 0.92532
0.92516, 0.92737, 0.91993, 0.92039
0.92086, 0.92317, 0.92014, 0.92162
0.92149, 0.92504, 0.91927, 0.92438
0.92393, 0.92668, 0.92222, 0.92553
0.92411, 0.92605, 0.91327, 0.91485
0.91469, 0.91742, 0.91351, 0.91372
0.91393, 0.91700, 0.91311, 0.91495
0.91461, 0.91996, 0.91422, 0.91857
0.91834, 0.91980, 0.91411, 0.91420
0.91425, 0.91922, 0.91169, 0.91757
0.91730, 0.92030, 0.91653, 0.91924
0.91876, 0.92208, 0.91623, 0.91780
0.91659, 0.92319, 0.91659, 0.92125
0.92094, 0.92303, 0.91687, 0.91744
0.91697, 0.92005, 0.91539, 0.91892
0.91847, 0.92212, 0.91834, 0.91933
0.91958, 0.92014, 0.91477, 0.91565
0.91494, 0.91858, 0.91284, 0.91448
0.91394, 0.91666, 0.90991, 0.90998
0.90949, 0.91000, 0.90534, 0.90605
0.90603, 0.90745, 0.90385, 0.90505
0.90488, 0.90665, 0.90367, 0.90508
0.90517, 0.90566, 0.90220, 0.90402
0.90390, 0.90752, 0.90176, 0.90625
0.90618, 0.90768, 0.90505, 0.90660
0.90658, 0.91553, 0.90611, 0.91491
0.91406, 0.92056, 0.91405, 0.92053
0.92021, 0.92332, 0.91883, 0.92277
0.92268, 0.92413, 0.92016, 0.92168
0.92169, 0.92388, 0.92046, 0.92321
0.92320, 0.92380, 0.91502, 0.91511
0.91579, 0.91627, 0.91082, 0.91237
0.91223, 0.91506, 0.90990, 0.91479
0.91458, 0.91956, 0.91261, 0.91662
0.91665, 0.92060, 0.91444, 0.91865
0.91849, 0.91890, 0.91578, 0.91678
0.91644, 0.91772, 0.91214, 0.91234
0.91231, 0.91383, 0.91096, 0.91272
0.91255, 0.91570, 0.91204, 0.91365
0.91364, 0.91913, 0.91146, 0.91790
0.91779, 0.91988, 0.91052, 0.91095
0.91083, 0.91843, 0.91004, 0.91724
0.91694, 0.91725, 0.91135, 0.91518
0.91511, 0.91884, 0.91382, 0.91560
0.91551, 0.91670, 0.91392, 0.91421
0.91419, 0.91586, 0.91143, 0.91384
0.91282, 0.91677, 0.91209, 0.91510
0.91503, 0.91981, 0.91318, 0.91948
0.91948, 0.92337, 0.91764, 0.92184
0.92165, 0.92221, 0.91601, 0.91648
0.91648, 0.91838, 0.91492, 0.91800
0.91780, 0.92401, 0.91734, 0.92222
0.92193, 0.92270, 0.91802, 0.91993
0.91966, 0.92045, 0.91628, 0.91966
0.91963, 0.92770, 0.91844, 0.92762
0.92759, 0.93239, 0.92587, 0.93212
0.93170, 0.93318, 0.92699, 0.92757
0.92746, 0.92826, 0.92244, 0.92345
0.92330, 0.92718, 0.92143, 0.92624
0.92590, 0.92726, 0.92164, 0.92435
0.92428, 0.92599, 0.92214, 0.92426
0.92377, 0.92900, 0.92362, 0.92565
0.92565, 0.93010, 0.92498, 0.92922
0.92920, 0.93542, 0.92778, 0.93455
0.93437, 0.93674, 0.93140, 0.93161
0.93159, 0.93370, 0.92805, 0.93036
0.92978, 0.93102, 0.92295, 0.92440
0.92439, 0.92871, 0.92347, 0.92814
0.92802, 0.93068, 0.92706, 0.92726
0.92723, 0.92914, 0.92521, 0.92882
0.92847, 0.93048, 0.92581, 0.92703
0.92683, 0.92867, 0.92492, 0.92763
0.92760, 0.93124, 0.92559, 0.93057
0.93036, 0.93071, 0.92346, 0.92398
0.92393, 0.92431, 0.91935, 0.92350
0.92334, 0.92631, 0.92200, 0.92283
0.92300, 0.92723, 0.92225, 0.92366
0.92365, 0.92378, 0.91842, 0.92289
0.92287, 0.92515, 0.91855, 0.91878
0.91874, 0.92052, 0.91696, 0.91823
0.91820, 0.91847, 0.91503, 0.91594
0.91605, 0.92016, 0.91490, 0.91979
0.91976, 0.92251, 0.91763, 0.91964
0.91963, 0.92029, 0.91637, 0.91801
0.91800, 0.91938, 0.91143, 0.91174
0.91170, 0.91751, 0.91015, 0.91498
0.91539, 0.91705, 0.90841, 0.90841
0.90853, 0.91495, 0.90853, 0.91375
0.91418, 0.91501, 0.91038, 0.91147
0.91147, 0.91438, 0.91105, 0.91236
0.91235, 0.91742, 0.91115, 0.91191
0.91255, 0.91572, 0.91175, 0.91342
0.91327, 0.91532, 0.91010, 0.91096
0.91095, 0.91854, 0.91040, 0.91811
0.91802, 0.92238, 0.91713, 0.92084
0.92075, 0.92370, 0.92012, 0.92091
0.92077, 0.92562, 0.91862, 0.92490
0.92492, 0.93109, 0.92363, 0.93020
0.93019, 0.93287, 0.92751, 0.92795
0.92794, 0.92911, 0.92500, 0.92542
0.92540, 0.92894, 0.92493, 0.92851
0.92761, 0.93338, 0.92659, 0.93298
0.93228, 0.93434, 0.93003, 0.93320
0.93285, 0.93727, 0.93224, 0.93395
0.93391, 0.93605, 0.93233, 0.93562
0.93559, 0.93582, 0.92140, 0.92209
0.92298, 0.92718, 0.92139, 0.92271
0.92269, 0.92658, 0.91565, 0.91823
0.91827, 0.92170, 0.91684, 0.92041
0.92009, 0.92206, 0.91773, 0.92025
0.92018, 0.92167, 0.91649, 0.91765
0.91717, 0.92680, 0.91717, 0.92546
0.92521, 0.92745, 0.92300, 0.92477
0.92468, 0.92538, 0.91944, 0.92043
0.92056, 0.92641, 0.91878, 0.92362
0.92338, 0.92515, 0.91982, 0.92057
0.92097, 0.92559, 0.91984, 0.92221
0.92209, 0.92442, 0.91875, 0.92407
0.92373, 0.92933, 0.92284, 0.92437
0.92433, 0.92554, 0.91887, 0.91927
0.91920, 0.92446, 0.91736, 0.92411
0.92384, 0.92497, 0.91915, 0.92132
0.91971, 0.92533, 0.91940, 0.92350
0.92329, 0.92515, 0.91892, 0.91934
0.91925, 0.92183, 0.91744, 0.91816
0.91788, 0.91941, 0.91651, 0.91831
0.91800, 0.91991, 0.91700, 0.91746
0.91745, 0.91896, 0.91586, 0.91712
0.91714, 0.92006, 0.91259, 0.91463
0.91458, 0.91803, 0.91313, 0.91382
0.91367, 0.91470, 0.91011, 0.91107
0.91019, 0.91993, 0.91019, 0.91873
0.91868, 0.91919, 0.91359, 0.91621
0.91600, 0.91827, 0.91403, 0.91725
0.91707, 0.92231, 0.91630, 0.92119
0.92113, 0.92314, 0.91813, 0.91833
0.91866, 0.92745, 0.91829, 0.92707
0.92710, 0.92771, 0.92319, 0.92338
0.92335, 0.92433, 0.91292, 0.91415
0.91416, 0.91473, 0.90908, 0.91117
0.91113, 0.91410, 0.90938, 0.91372
0.91217, 0.91577, 0.91210, 0.91414
0.91386, 0.91784, 0.91261, 0.91715
0.91717, 0.91765, 0.91437, 0.91553
0.91556, 0.91803, 0.91381, 0.91716
0.91706, 0.91714, 0.91071, 0.91195
0.91136, 0.91577, 0.91082, 0.91393
0.91382, 0.92027, 0.91278, 0.91789
0.91756, 0.92453, 0.91616, 0.92408
0.92387, 0.93371, 0.92262, 0.93092
0.93082, 0.93287, 0.92891, 0.93090
0.93042, 0.93422, 0.92508, 0.92676
0.92672, 0.92763, 0.92031, 0.92090
0.92088, 0.92212, 0.91770, 0.91884
0.91871, 0.92349, 0.91761, 0.92024
0.92008, 0.92581, 0.91919, 0.92546
0.92481, 0.92609, 0.92207, 0.92347
0.92349, 0.92618, 0.92249, 0.92507
0.92483, 0.92536, 0.92210, 0.92409
0.92409, 0.92963, 0.92259, 0.92520
0.92504, 0.92861, 0.92367, 0.92410
0.92444, 0.92714, 0.92371, 0.92436
0.92429, 0.92733, 0.92258, 0.92507
0.92441, 0.92599, 0.92055, 0.92202
0.92136, 0.92281, 0.91875, 0.92004
0.91936, 0.92174, 0.91907, 0.92091
0.92096, 0.92152, 0.91492, 0.91568
0.91553, 0.92269, 0.91503, 0.92153
0.92125, 0.92178, 0.91673, 0.91824
0.91795, 0.92881, 0.91691, 0.92532
0.92508, 0.92833, 0.92278, 0.92528
0.92614, 0.92765, 0.91652, 0.91672
0.91670, 0.92045, 0.91492, 0.91876
0.91855, 0.92387, 0.91655, 0.92023
0.92018, 0.92158, 0.91739, 0.91739
0.91732, 0.92094, 0.91618, 0.91674
0.91686, 0.92714, 0.91668, 0.92538
0.92535, 0.93059, 0.92477, 0.92898
0.92871, 0.93013, 0.92494, 0.92646
0.92633, 0.93081, 0.92542, 0.93017
0.92986, 0.93490, 0.92881, 0.93475
0.93343, 0.93857, 0.93190, 0.93763
0.93768, 0.94307, 0.93708, 0.94096
0.94099, 0.94592, 0.93891, 0.94001
0.93951, 0.94291, 0.93350, 0.93669
0.93673, 0.93813, 0.93131, 0.93152
0.93162, 0.93516, 0.92932, 0.93334
0.93334, 0.93747, 0.93129, 0.93206
0.93218, 0.93566, 0.92929, 0.92955
0.92958, 0.93435, 0.92958, 0.92991
0.92996, 0.93125, 0.92593, 0.93044
0.93008, 0.93807, 0.92984, 0.93462
0.93435, 0.93732, 0.92970, 0.93061
0.93047, 0.93125, 0.92192, 0.92311
0.92294, 0.92579, 0.91941, 0.92276
0.92262, 0.92789, 0.92196, 0.92552
0.92512, 0.92800, 0.92424, 0.92639
0.92634, 0.92974, 0.92365, 0.92935
0.92931, 0.93490, 0.92854, 0.93303
0.93299, 0.93467, 0.93111, 0.93397
0.93373, 0.93728, 0.93263, 0.93399
0.93161, 0.93708, 0.93028, 0.93105
0.93091, 0.93439, 0.92857, 0.93274
0.93271, 0.93554, 0.93131, 0.93459
0.93414, 0.94325, 0.93231, 0.94222
0.94212, 0.94422, 0.94061, 0.94235
0.94150, 0.94525, 0.94132, 0.94469
0.94431, 0.95223, 0.94298, 0.95221
0.95199, 0.95353, 0.94535, 0.94846
0.94842, 0.95522, 0.94561, 0.95339
0.95332, 0.95919, 0.95277, 0.95652
0.95615, 0.95960, 0.95461, 0.95943
0.95918, 0.96254, 0.95639, 0.96244
0.96171, 0.97004, 0.96139, 0.96895
0.96850, 0.97582, 0.96582, 0.97188
0.97167, 0.97354, 0.96700, 0.97330
0.96923, 0.97885, 0.96909, 0.97756
0.97740, 0.97986, 0.97194, 0.97876
0.97839, 0.98513, 0.97200, 0.97237
0.97231, 0.98889, 0.97083, 0.98489
0.98477, 0.98913, 0.98265, 0.98840
0.98556, 0.99648, 0.98556, 0.99377
0.99373, 0.99740, 0.99045, 0.99590
0.99570, 0.99631, 0.98711, 0.99373
0.99377, 1.00482, 0.99086, 1.00282
1.00266, 1.00461, 0.99912, 1.00189
1.00049, 1.00635, 0.99911, 1.00173
1.00144, 1.00225, 0.99174, 0.99351
0.99332, 0.99837, 0.98597, 0.98801
0.98780, 0.98833, 0.96959, 0.97261
0.97182, 0.97633, 0.96928, 0.97438
0.97400, 0.97502, 0.96265, 0.96547
0.96546, 0.96690, 0.95730, 0.96051
0.96012, 0.96413, 0.95881, 0.96198
0.96151, 0.96316, 0.95818, 0.95875
0.95870, 0.96016, 0.95438, 0.95707
0.95496, 0.96053, 0.95496, 0.95719
0.95517, 0.96192, 0.95480, 0.95920
0.95869, 0.96578, 0.95693, 0.96318
0.96271, 0.96353, 0.95740, 0.95746
0.95729, 0.96420, 0.95557, 0.96271
0.96175, 0.97134, 0.96044, 0.97053
0.97046, 0.97781, 0.97001, 0.97256
0.97226, 0.97880, 0.97109, 0.97838
0.97798, 0.98164, 0.97229, 0.98011
0.97986, 0.98971, 0.97650, 0.98709
0.98745, 0.99935, 0.98697, 0.99706
0.99695, 1.00359, 0.98726, 1.00137
1.00127, 1.00484, 0.99302, 0.99410
0.99390, 0.99880, 0.96291, 0.96645
0.96615, 0.97316, 0.96182, 0.96933
0.96935, 0.97112, 0.96208, 0.96746
0.96744, 0.96827, 0.96310, 0.96616
0.96590, 0.96884, 0.95794, 0.96108
0.96097, 0.96772, 0.95659, 0.96143
0.96053, 0.96315, 0.95208, 0.95833
0.95589, 0.96193, 0.95418, 0.95616
0.95598, 0.95859, 0.95328, 0.95720
0.95705, 0.95771, 0.94942, 0.95458
0.95462, 0.96044, 0.95288, 0.95470
0.95468, 0.96408, 0.95364, 0.95941
0.95960, 0.96165, 0.95590, 0.96093
0.96082, 0.97036, 0.95917, 0.96838
0.96819, 0.97426, 0.96705, 0.97053
0.97020, 0.97476, 0.96809, 0.97396
0.97348, 0.97966, 0.97198, 0.97625
0.97583, 0.98420, 0.97582, 0.98289
0.98274, 0.98578, 0.98027, 0.98143
0.98141, 0.98286, 0.97542, 0.97875
0.97798, 0.98850, 0.97591, 0.98338
0.98285, 0.98401, 0.97615, 0.97615
0.97634, 0.97894, 0.97298, 0.97719
0.97708, 0.97856, 0.96529, 0.96878
0.96831, 0.97350, 0.96591, 0.97134
0.97102, 0.97382, 0.96638, 0.96655
0.96652, 0.97028, 0.95987, 0.96097
0.96080, 0.96593, 0.96041, 0.96461
0.96445, 0.96668, 0.96147, 0.96299
0.96281, 0.96583, 0.95825, 0.95917
0.95896, 0.96310, 0.95437, 0.95449
0.95430, 0.95930, 0.95007, 0.95118
0.95051, 0.95324, 0.94812, 0.94991
0.94967, 0.95736, 0.94691, 0.95723
0.95709, 0.96504, 0.95412, 0.96023
0.96018, 0.96219, 0.95429, 0.95484
0.95469, 0.96489, 0.95368, 0.96163
0.96112, 0.96340, 0.95210, 0.95524
0.95520, 0.95550, 0.95102, 0.95371
0.95355, 0.95440, 0.93926, 0.94254
0.94242, 0.94450, 0.93695, 0.94102
0.94093, 0.94494, 0.94057, 0.94128
0.94068, 0.94702, 0.94003, 0.94630
0.94598, 0.95130, 0.94498, 0.94935
0.94926, 0.95425, 0.94820, 0.95145
0.95143, 0.95707, 0.94969, 0.95681
0.95647, 0.95972, 0.95521, 0.95869
0.95702, 0.96577, 0.95702, 0.96445
0.96378, 0.96913, 0.96022, 0.96390
0.96373, 0.96869, 0.96068, 0.96654
0.96619, 0.96700, 0.96120, 0.96328
0.96303, 0.96683, 0.95768, 0.96567
0.96457, 0.97069, 0.96443, 0.96808
0.96792, 0.97612, 0.96649, 0.97423
0.97377, 0.98064, 0.97223, 0.97780
0.97708, 0.98601, 0.97431, 0.98155
0.98142, 0.98582, 0.97829, 0.98095
0.98107, 0.98366, 0.97938, 0.97970
0.97933, 0.98607, 0.97646, 0.98416
0.98323, 0.98687, 0.97603, 0.97617
0.97612, 0.97811, 0.97007, 0.97007
0.97006, 0.97025, 0.95463, 0.96049
0.95842, 0.96084, 0.95082, 0.95358
0.95342, 0.96320, 0.94790, 0.96176
0.96155, 0.96353, 0.95882, 0.96215
0.96168, 0.96409, 0.95552, 0.96137
0.96121, 0.96603, 0.95928, 0.96413
0.96212, 0.96944, 0.96162, 0.96400
0.96389, 0.96814, 0.96221, 0.96411
0.96366, 0.96987, 0.96193, 0.96644
0.96632, 0.98494, 0.96196, 0.97698
0.97651, 0.98389, 0.97498, 0.98121
0.98191, 0.99644, 0.97867, 0.99306
0.99280, 0.99410, 0.98483, 0.99196
0.99082, 0.99646, 0.97450, 0.97594
0.97574, 0.98550, 0.97394, 0.97533
0.97487, 0.98761, 0.97268, 0.98700
0.98337, 0.99488, 0.98215, 0.99226
0.99187, 0.99404, 0.97840, 0.97938
0.97913, 0.98879, 0.97841, 0.98337
0.98282, 0.99126, 0.97797, 0.99048
0.98994, 0.99526, 0.98503, 0.99432
0.99301, 1.00096, 0.99292, 0.99959
0.99923, 1.00200, 0.99149, 0.99686
0.99681, 1.00033, 0.99301, 0.99755
0.99702, 1.00728, 0.99495, 1.00118
1.00011, 1.00653, 0.99636, 1.00526
1.00295, 1.00468, 0.99428, 0.99575
0.99534, 0.99779, 0.99182, 0.99408
0.99378, 1.00622, 0.99270, 1.00452
1.00399, 1.00677, 0.99937, 1.00277
1.00273, 1.01469, 0.99607, 0.99764
0.99544, 1.00305, 0.99399, 1.00052
1.00043, 1.00306, 0.99386, 0.99446
0.99431, 0.99611, 0.98516, 0.98605
0.98586, 0.99269, 0.98405, 0.99067
0.99054, 0.99789, 0.98816, 0.99595
0.99564, 1.00315, 0.99540, 1.00090
1.00098, 1.00195, 0.99140, 0.99886
0.99889, 1.00397, 0.99098, 1.00246
1.00213, 1.01462, 1.00024, 1.01275
1.01269, 1.01431, 0.99303, 0.99337
0.99770, 0.99819, 0.98744, 0.98843
0.98820, 0.99260, 0.98360, 0.98559
0.98504, 0.98728, 0.97992, 0.98390
0.98383, 0.98981, 0.96297, 0.96363
0.96346, 0.96807, 0.93963, 0.94106
0.94140, 0.94881, 0.94040, 0.94278
0.94273, 0.94744, 0.93552, 0.94456
0.94373, 0.94684, 0.93850, 0.94481
0.94453, 0.95561, 0.94320, 0.95193
0.95168, 0.95484, 0.94973, 0.95458
0.95327, 0.95975, 0.95286, 0.95914
0.95845, 0.95867, 0.95086, 0.95182
0.95173, 0.95322, 0.94110, 0.94230
0.94199, 0.94446, 0.93864, 0.94310
0.94291, 0.94989, 0.94173, 0.94473
0.94589, 0.94969, 0.94042, 0.94874
0.94871, 0.95446, 0.94590, 0.95398
0.95304, 0.95464, 0.94307, 0.94530
0.94521, 0.94594, 0.93642, 0.93681
0.93663, 0.94385, 0.93254, 0.93665
0.93742, 0.94343, 0.93296, 0.94248
0.94176, 0.94550, 0.93798, 0.94192
0.94165, 0.94368, 0.93622, 0.94073
0.94034, 0.94258, 0.93425, 0.93607
0.93605, 0.93804, 0.93113, 0.93435
0.93247, 0.93789, 0.93124, 0.93582
0.93574, 0.93740, 0.92306, 0.92862
0.92779, 0.92966, 0.92145, 0.92409
0.92349, 0.93163, 0.92129, 0.92826
0.92807, 0.93413, 0.92531, 0.93382
0.93340, 0.93462, 0.92833, 0.92901
0.92884, 0.93066, 0.92410, 0.92588
0.92572, 0.92882, 0.92377, 0.92660
0.92649, 0.93205, 0.92252, 0.93082
0.93078, 0.93434, 0.92840, 0.93295
0.93197, 0.93297, 0.93060, 0.93080
0.93043, 0.93280, 0.92687, 0.92933
0.92881, 0.93061, 0.92444, 0.92884
0.92843, 0.92864, 0.92097, 0.92301
0.92284, 0.92674, 0.91995, 0.92471
0.92375, 0.92568, 0.92138, 0.92416
0.92333, 0.93976, 0.92281, 0.93581
0.93575, 0.93653, 0.92521, 0.92963
0.92967, 0.93770, 0.92597, 0.93607
0.93591, 0.94064, 0.92690, 0.92799
0.92695, 0.92789, 0.91660, 0.92115
0.92100, 0.92512, 0.91943, 0.92279
0.92256, 0.93307, 0.92038, 0.93113
0.93082, 0.93608, 0.92652, 0.92742
0.92716, 0.93159, 0.92542, 0.92625
0.92505, 0.92875, 0.92175, 0.92605
0.92580, 0.92753, 0.91863, 0.92182
0.92160, 0.92441, 0.90843, 0.91620
0.91601, 0.91883, 0.91448, 0.91604
0.91527, 0.92338, 0.91403, 0.92020
0.91835, 0.92401, 0.91587, 0.92165
0.92159, 0.92784, 0.91909, 0.92240
0.92233, 0.92440, 0.91711, 0.91762
0.91756, 0.92245, 0.91574, 0.92016
0.91962, 0.92388, 0.91728, 0.92100
0.92012, 0.92555, 0.91810, 0.92488
0.92460, 0.92870, 0.91498, 0.91593
0.91578, 0.91822, 0.90689, 0.90859
0.90840, 0.91384, 0.90590, 0.91309
0.91279, 0.92683, 0.91172, 0.92608
0.92747, 0.92898, 0.92265, 0.92813
0.92791, 0.92885, 0.91907, 0.92188
0.92168, 0.92223, 0.91774, 0.92076
0.92066, 0.92275, 0.91595, 0.92214
0.92198, 0.92521, 0.91972, 0.92362
0.92254, 0.92589, 0.91904, 0.91930
0.91927, 0.92334, 0.91355, 0.92153
0.92124, 0.92617, 0.92016, 0.92377
0.92373, 0.92711, 0.92129, 0.92560
0.92538, 0.93312, 0.92395, 0.92419
0.92445, 0.92592, 0.92197, 0.92303
0.92295, 0.92816, 0.92268, 0.92773
0.92735, 0.93176, 0.92521, 0.93127
0.93089, 0.93476, 0.92889, 0.93373
0.93345, 0.94116, 0.93250, 0.94088
0.93952, 0.94278, 0.93431, 0.93559
0.93535, 0.94220, 0.93405, 0.94195
0.94184, 0.94275, 0.93495, 0.93954
0.93938, 0.94391, 0.93902, 0.94211
0.94175, 0.94200, 0.93582, 0.93616
0.93582, 0.93716, 0.93044, 0.93082
0.93077, 0.94233, 0.92847, 0.94193
0.94169, 0.94374, 0.93877, 0.94125
0.94088, 0.94149, 0.93226, 0.93226
0.93225, 0.93307, 0.91736, 0.92127
0.91764, 0.92013, 0.90700, 0.91131
0.91125, 0.91635, 0.90939, 0.91351
0.91357, 0.93368, 0.91217, 0.93273
0.93274, 0.93389, 0.92287, 0.92928
0.92907, 0.92975, 0.92385, 0.92572
0.92562, 0.93112, 0.92393, 0.92832
0.92830, 0.93159, 0.92087, 0.92224
0.92229, 0.92448, 0.91464, 0.91681
0.91716, 0.91797, 0.91183, 0.91612
0.91615, 0.92160, 0.91541, 0.91907
0.91655, 0.91986, 0.91529, 0.91558
0.91551, 0.92215, 0.91357, 0.91946
0.91926, 0.92219, 0.91639, 0.91825
0.91812, 0.91993, 0.91250, 0.91342
0.91316, 0.91766, 0.91148, 0.91502
0.91366, 0.91951, 0.91144, 0.91256
0.91239, 0.91417, 0.90539, 0.90598
0.90586, 0.90750, 0.90029, 0.90647
0.90460, 0.90741, 0.90349, 0.90442
0.90432, 0.90801, 0.90323, 0.90395
0.90379, 0.91195, 0.90345, 0.90936
0.90894, 0.90926, 0.90271, 0.90302
0.90303, 0.90333, 0.89426, 0.89613
0.89592, 0.89734, 0.88587, 0.88931
0.88915, 0.89578, 0.88660, 0.89374
0.89398, 0.89952, 0.89209, 0.89838
0.89819, 0.89864, 0.89535, 0.89625
0.89611, 0.90019, 0.89568, 0.89746
0.89743, 0.89823, 0.89191, 0.89233
0.89234, 0.89530, 0.89066, 0.89202
0.89221, 0.89270, 0.88752, 0.88755
0.88756, 0.89266, 0.88598, 0.89191
0.89158, 0.89247, 0.88509, 0.89110
0.89091, 0.89753, 0.89012, 0.89420
0.89398, 0.89743, 0.88947, 0.89450
0.89129, 0.89655, 0.89113, 0.89571
0.89529, 0.89940, 0.89229, 0.89316
0.89304, 0.89304, 0.88306, 0.88459
0.88451, 0.88901, 0.88193, 0.88570
0.88545, 0.89726, 0.88336, 0.89039
0.88913, 0.89115, 0.88667, 0.88954
0.88944, 0.89418, 0.88873, 0.89048
0.88962, 0.89263, 0.88674, 0.88954
0.88896, 0.89571, 0.88692, 0.89400
0.89387, 0.89864, 0.88963, 0.89811
0.89535, 0.89866, 0.89416, 0.89543
0.89514, 0.89695, 0.89187, 0.89626
0.89603, 0.90246, 0.89480, 0.89838
0.89831, 0.90615, 0.89750, 0.90492
0.90494, 0.90578, 0.89739, 0.89920
0.89835, 0.89961, 0.89400, 0.89764
0.89757, 0.90285, 0.89700, 0.90122
0.90114, 0.90659, 0.90043, 0.90489
0.90456, 0.90723, 0.90347, 0.90578
0.90547, 0.90736, 0.90176, 0.90484
0.90454, 0.90608, 0.90262, 0.90417
0.90296, 0.90832, 0.90133, 0.90566
0.90560, 0.91465, 0.90513, 0.91038
0.91032, 0.91130, 0.90529, 0.90561
0.90552, 0.90908, 0.90339, 0.90880
0.90768, 0.91186, 0.90510, 0.90587
0.90565, 0.90970, 0.90326, 0.90757
0.90746, 0.91060, 0.90423, 0.90997
0.90964, 0.91066, 0.89889, 0.89910
0.89897, 0.90383, 0.89837, 0.90277
0.90137, 0.91080, 0.90137, 0.90853
0.90851, 0.90886, 0.90307, 0.90504
0.90483, 0.90593, 0.89644, 0.90111
0.90102, 0.90553, 0.89064, 0.89153
0.89150, 0.89483, 0.89006, 0.89368
0.89361, 0.89743, 0.89300, 0.89571
0.89544, 0.90002, 0.89504, 0.89769
0.89762, 0.89969, 0.89188, 0.89291
0.89287, 0.89718, 0.89049, 0.89494
0.89473, 0.90122, 0.89400, 0.89642
0.89561, 0.89674, 0.89109, 0.89562
0.89498, 0.89695, 0.89231, 0.89362
0.89340, 0.89862, 0.89278, 0.89692
0.89671, 0.90008, 0.89420, 0.89945
0.89924, 0.90156, 0.89345, 0.89482
0.89362, 0.90032, 0.89362, 0.89619
0.89603, 0.89737, 0.89449, 0.89699
0.89669, 0.89936, 0.89565, 0.89863
0.89841, 0.89967, 0.89500, 0.89526
0.89522, 0.89693, 0.88747, 0.88897
0.88758, 0.89170, 0.88510, 0.88516
0.88513, 0.88568, 0.87934, 0.87934
0.87930, 0.87945, 0.86584, 0.86732
0.86704, 0.86713, 0.85815, 0.85873
0.85874, 0.86305, 0.85653, 0.86174
0.86042, 0.86293, 0.85775, 0.86027
0.86016, 0.86064, 0.85535, 0.85763
0.85747, 0.86125, 0.85659, 0.85828
0.85817, 0.86832, 0.85598, 0.86651
0.86650, 0.86717, 0.86399, 0.86572
0.86427, 0.86987, 0.86367, 0.86928
0.86929, 0.86995, 0.86361, 0.86383
0.86373, 0.86554, 0.85964, 0.86065
0.86058, 0.86976, 0.85515, 0.86920
0.86890, 0.87353, 0.86602, 0.87037
0.86730, 0.87288, 0.86644, 0.87158
0.87134, 0.87769, 0.87013, 0.87506
0.87489, 0.88049, 0.87134, 0.87753
0.87727, 0.87977, 0.87319, 0.87426
0.87420, 0.87814, 0.86985, 0.87252
0.87132, 0.87727, 0.87057, 0.87276
0.87230, 0.87817, 0.87193, 0.87568
0.87561, 0.87819, 0.87310, 0.87695
0.87655, 0.87755, 0.86889, 0.87667
0.87631, 0.87797, 0.87328, 0.87638
0.87509, 0.88269, 0.87487, 0.87813
0.87788, 0.87956, 0.87433, 0.87841
0.87816, 0.88131, 0.87735, 0.87984
0.87980, 0.88087, 0.87591, 0.87847
0.87991, 0.87991, 0.87991, 0.87991