1.36330, 1.36790, 1.34030, 1.34970
1.35010, 1.35330, 1.32190, 1.32310
1.32290, 1.32860, 1.31320, 1.31820
1.31730, 1.33020, 1.30550, 1.31100
1.31110, 1.32710, 1.30510, 1.32080
1.32170, 1.33850, 1.31510, 1.33120
1.33080, 1.33460, 1.30720, 1.31200
1.31280, 1.33350, 1.30710, 1.30880
1.30910, 1.31280, 1.29490, 1.29800
1.29720, 1.31540, 1.29660, 1.31280
1.31320, 1.32480, 1.29630, 1.30010
1.29960, 1.30130, 1.28430, 1.29120
1.29040, 1.30540, 1.28780, 1.29720
1.29700, 1.30230, 1.27180, 1.27390
1.27410, 1.27760, 1.25890, 1.26090
1.26130, 1.27540, 1.24930, 1.25160
1.25160, 1.26890, 1.24980, 1.25280
1.25340, 1.26180, 1.23240, 1.23370
1.23410, 1.23450, 1.21560, 1.21780
1.21830, 1.22850, 1.19580, 1.19720
1.19480, 1.20320, 1.19010, 1.19200
1.19350, 1.20860, 1.18710, 1.19330
1.19310, 1.19720, 1.17150, 1.17750
1.17790, 1.20080, 1.17500, 1.19070
1.19130, 1.23400, 1.18720, 1.22540
1.22580, 1.24060, 1.21840, 1.22820
1.22750, 1.24650, 1.22180, 1.23060
1.23050, 1.23320, 1.19610, 1.20140
1.20240, 1.23930, 1.19840, 1.23130
1.23280, 1.23400, 1.19430, 1.21750
1.21690, 1.23630, 1.21180, 1.22230
1.22160, 1.24660, 1.21390, 1.23870
1.23970, 1.25010, 1.22830, 1.24880
1.24930, 1.25800, 1.23560, 1.23620
1.23590, 1.24490, 1.22500, 1.23140
1.23120, 1.24960, 1.22310, 1.23830
1.23910, 1.24920, 1.22650, 1.23130
1.23170, 1.23480, 1.19700, 1.20610
1.20530, 1.20970, 1.19740, 1.20190
1.20330, 1.21960, 1.19820, 1.21810
1.21790, 1.22640, 1.20520, 1.21410
1.21450, 1.23180, 1.21410, 1.22820
1.22910, 1.24760, 1.21040, 1.24660
1.24630, 1.24960, 1.23130, 1.23480
1.23460, 1.26160, 1.23210, 1.25820
1.25880, 1.26310, 1.23720, 1.24200
1.24200, 1.26550, 1.23550, 1.26490
1.26510, 1.27310, 1.25530, 1.26600
1.26510, 1.26920, 1.25120, 1.25420
1.25410, 1.26290, 1.24240, 1.24630
1.24700, 1.25830, 1.24240, 1.25180
1.25110, 1.25890, 1.22800, 1.22910
1.23110, 1.24270, 1.22670, 1.23340
1.23380, 1.24320, 1.22300, 1.24240
1.24150, 1.24750, 1.21670, 1.21830
1.21840, 1.22160, 1.20200, 1.21990
1.22090, 1.22450, 1.20880, 1.21890
1.21880, 1.24260, 1.21530, 1.22320
1.22310, 1.22580, 1.20640, 1.21600
1.21620, 1.21910, 1.19230, 1.19690
1.19690, 1.22170, 1.19370, 1.21100
1.21030, 1.21290, 1.18600, 1.19930
1.19930, 1.20290, 1.18060, 1.18820
1.18800, 1.19360, 1.17250, 1.17760
1.17770, 1.18960, 1.17550, 1.17860
1.17960, 1.18280, 1.16220, 1.17010
1.17110, 1.18170, 1.15850, 1.16300
1.16690, 1.18660, 1.16110, 1.17370
1.17410, 1.18930, 1.16820, 1.18650
1.18710, 1.18810, 1.17080, 1.18800
1.18680, 1.19220, 1.16400, 1.17710
1.17720, 1.18650, 1.17140, 1.18290
1.18430, 1.19730, 1.18000, 1.18920
1.18900, 1.19750, 1.18530, 1.18850
1.18850, 1.19070, 1.16750, 1.16850
1.16910, 1.17340, 1.16020, 1.16240
1.16180, 1.16400, 1.15320, 1.15650
1.15740, 1.16130, 1.14060, 1.15850
1.15870, 1.17530, 1.15080, 1.16570
1.16770, 1.17490, 1.16050, 1.16170
1.16240, 1.17270, 1.14520, 1.16500
1.16570, 1.17450, 1.15600, 1.16000
1.15890, 1.17970, 1.15160, 1.15190
1.15250, 1.15820, 1.14540, 1.14920
1.14810, 1.15020, 1.13730, 1.14390
1.14330, 1.15620, 1.14120, 1.15220
1.15280, 1.16130, 1.14970, 1.15010
1.15070, 1.15570, 1.14520, 1.14820
1.14900, 1.15070, 1.12980, 1.13410
1.13400, 1.16490, 1.13310, 1.16000
1.16030, 1.16360, 1.15120, 1.15820
1.15900, 1.17220, 1.15720, 1.16730
1.16800, 1.17450, 1.15740, 1.16820
1.16830, 1.17700, 1.14400, 1.14930
1.14910, 1.15340, 1.14230, 1.15150
1.15100, 1.15310, 1.13470, 1.13690
1.13620, 1.13990, 1.11610, 1.11650
1.11670, 1.11870, 1.10110, 1.10500
1.10600, 1.11650, 1.09730, 1.10960
1.10960, 1.12740, 1.10120, 1.11750
1.11750, 1.12680, 1.10360, 1.10680
1.10680, 1.11010, 1.09280, 1.10090
1.10090, 1.12450, 1.09770, 1.10550
1.10550, 1.12510, 1.09610, 1.12240
1.12240, 1.12890, 1.10310, 1.12260
1.12260, 1.12700, 1.10730, 1.11570
1.11630, 1.11880, 1.10400, 1.11330
1.11260, 1.13990, 1.11260, 1.12820
1.12690, 1.14070, 1.12460, 1.13740
1.13630, 1.14590, 1.12420, 1.13150
1.13090, 1.13730, 1.12020, 1.12730
1.12690, 1.12820, 1.11420, 1.12480
1.12440, 1.13180, 1.11420, 1.12540
1.12360, 1.12540, 1.10480, 1.10900
1.10880, 1.11280, 1.10260, 1.10400
1.10410, 1.12080, 1.10350, 1.12050
1.11990, 1.12350, 1.11180, 1.11900
1.11930, 1.12950, 1.11180, 1.11740
1.11740, 1.11910, 1.10850, 1.11770
1.11660, 1.13060, 1.11450, 1.12500
1.12600, 1.13850, 1.12110, 1.13800
1.13710, 1.14140, 1.12020, 1.12510
1.12440, 1.13230, 1.11740, 1.11950
1.11900, 1.13730, 1.11770, 1.12980
1.12920, 1.13630, 1.12560, 1.13190
1.13080, 1.14760, 1.13010, 1.14670
1.14580, 1.14940, 1.13060, 1.13490
1.13160, 1.14680, 1.12860, 1.14460
1.14450, 1.15170, 1.13790, 1.14920
1.14890, 1.15900, 1.14530, 1.15750
1.15700, 1.15870, 1.14300, 1.15790
1.15870, 1.16690, 1.15600, 1.16490
1.16560, 1.17860, 1.16200, 1.17270
1.17290, 1.18040, 1.16810, 1.17010
1.16950, 1.20150, 1.16430, 1.17220
1.17220, 1.18510, 1.17130, 1.17960
1.17910, 1.18710, 1.17360, 1.18410
1.18390, 1.18780, 1.17120, 1.17200
1.17290, 1.17680, 1.16170, 1.16300
1.16280, 1.17170, 1.15630, 1.15940
1.15930, 1.17750, 1.15760, 1.17720
1.20500, 1.20500, 1.17010, 1.17230
1.17250, 1.17800, 1.16800, 1.17530
1.17690, 1.17870, 1.15290, 1.16060
1.16050, 1.16370, 1.14990, 1.15360
1.15130, 1.15990, 1.14860, 1.15110
1.15060, 1.15320, 1.13280, 1.13740
1.13650, 1.13830, 1.12110, 1.12350
1.12300, 1.12470, 1.11290, 1.11620
1.11560, 1.11970, 1.10310, 1.10760
1.10660, 1.11680, 1.10030, 1.11030
1.11030, 1.11260, 1.08760, 1.08850
1.08950, 1.09000, 1.07750, 1.08010
1.07910, 1.08360, 1.05980, 1.06070
1.06100, 1.07130, 1.05480, 1.06060
1.06110, 1.07390, 1.05870, 1.06760
1.06670, 1.07600, 1.06140, 1.06780
1.06880, 1.07340, 1.04680, 1.06510
1.06320, 1.06470, 1.04610, 1.04920
1.04920, 1.06130, 1.04430, 1.04740
1.04810, 1.04980, 1.04000, 1.04850
1.04810, 1.06480, 1.03400, 1.06390
1.06420, 1.07010, 1.05000, 1.05650
1.05650, 1.06420, 1.04610, 1.05290
1.05360, 1.08650, 1.04840, 1.05950
1.06000, 1.06690, 1.04720, 1.05170
1.05190, 1.06770, 1.04700, 1.05530
1.05550, 1.05830, 1.04710, 1.05500
1.05460, 1.05910, 1.02770, 1.02970
1.02970, 1.03110, 0.99320, 1.00030
0.99960, 1.00950, 0.99130, 0.99200
0.99340, 1.00160, 0.97860, 0.98030
0.98070, 0.98950, 0.97160, 0.97170
0.97190, 0.98210, 0.96320, 0.96660
0.96660, 0.98250, 0.95900, 0.96180
0.96140, 0.96280, 0.93250, 0.93430
0.93500, 0.94470, 0.90570, 0.94430
0.94560, 0.98870, 0.94290, 0.97270
0.97700, 0.99240, 0.97040, 0.98770
0.98690, 1.00190, 0.97990, 0.99810
0.99910, 1.02150, 0.99750, 1.00490
1.00410, 1.02490, 1.00050, 1.01660
1.01770, 1.02280, 0.99100, 0.99160
0.99140, 0.99340, 0.97550, 0.98150
0.98070, 1.00430, 0.97590, 1.00260
1.00210, 1.02220, 0.99660, 1.01880
1.01950, 1.03080, 1.01240, 1.02670
1.02600, 1.03800, 1.00130, 1.00760
1.00760, 1.01180, 0.98700, 0.99490
0.99420, 1.01280, 0.99210, 0.99830
0.99970, 1.01130, 0.99190, 1.00600
1.00920, 1.01970, 1.00180, 1.01250
1.01270, 1.01300, 0.97110, 0.98750
0.98540, 0.99770, 0.97360, 0.99020
0.98990, 0.99830, 0.97960, 0.98880
0.98860, 1.02940, 0.98570, 1.02290
1.02520, 1.03090, 1.00940, 1.02190
1.02220, 1.03260, 1.00180, 1.00830
1.00870, 1.02490, 1.00390, 1.02290
1.02680, 1.02740, 0.99870, 1.00400
1.00530, 1.02190, 0.99970, 1.01310
1.01390, 1.02440, 1.00370, 1.01890
1.01910, 1.02000, 0.99980, 1.00530
1.00570, 1.01080, 0.99430, 0.99890
0.99960, 1.00000, 0.98190, 0.98960
0.98870, 0.99790, 0.98240, 0.99340
0.99490, 1.02190, 0.99280, 1.01940
1.01830, 1.03230, 1.01500, 1.02910
1.02820, 1.02980, 1.01000, 1.01630
1.01670, 1.01920, 1.00480, 1.01040
1.01060, 1.02400, 1.00620, 1.01850
1.01800, 1.02330, 1.00680, 1.00890
1.00780, 1.01400, 0.99740, 1.00530
1.00510, 1.02070, 0.99910, 1.01960
1.01930, 1.02970, 1.01730, 1.02700
1.02660, 1.06960, 1.02590, 1.06640
1.06740, 1.07280, 1.05620, 1.05900
1.05880, 1.06680, 1.04190, 1.04690
1.04910, 1.06440, 1.04110, 1.06420
1.06410, 1.07770, 1.05420, 1.05970
1.05820, 1.08210, 1.05490, 1.05970
1.06070, 1.08090, 1.04300, 1.04650
1.04660, 1.05140, 1.02970, 1.03360
1.03380, 1.08430, 1.03340, 1.08280
1.08240, 1.21210, 1.08090, 1.17240
1.16730, 1.19940, 1.12940, 1.18230
1.18150, 1.28400, 1.17400, 1.27700
1.27680, 1.30150, 1.18970, 1.21170
1.20970, 1.21160, 1.14620, 1.18880
1.17730, 1.24460, 1.16560, 1.23650
1.23860, 1.29840, 1.21080, 1.26620
1.26730, 1.27760, 1.21240, 1.23900
1.23680, 1.30060, 1.23010, 1.27080
1.27110, 1.27530, 1.21550, 1.24740
1.24590, 1.24630, 1.18170, 1.21540
1.21550, 1.22720, 1.19840, 1.22160
1.21980, 1.23680, 1.20420, 1.20440
1.20570, 1.22260, 1.17590, 1.18490
1.18740, 1.26720, 1.18490, 1.24280
1.24310, 1.27650, 1.22650, 1.23060
1.23220, 1.24160, 1.20240, 1.22910
1.22850, 1.25390, 1.21850, 1.21880
1.22210, 1.25470, 1.21230, 1.23470
1.24060, 1.26720, 1.23480, 1.25140
1.25040, 1.27550, 1.23500, 1.27460
1.27460, 1.29740, 1.27100, 1.28590
1.28500, 1.30640, 1.26250, 1.27130
1.27210, 1.27930, 1.21900, 1.24020
1.23970, 1.24450, 1.21990, 1.24140
1.23880, 1.27140, 1.22920, 1.22920
1.22920, 1.24840, 1.22100, 1.22530
1.22520, 1.23000, 1.19810, 1.21280
1.21390, 1.25060, 1.20720, 1.20980
1.21120, 1.22660, 1.18300, 1.18470
1.18700, 1.19000, 1.14890, 1.14990
1.15000, 1.18070, 1.14740, 1.17740
1.17790, 1.18140, 1.11840, 1.11840
1.12130, 1.13560, 1.08900, 1.09100
1.09020, 1.12090, 1.07840, 1.11830
1.11980, 1.12910, 1.09390, 1.11830
1.11910, 1.14490, 1.11770, 1.13400
1.13460, 1.16380, 1.13190, 1.15210
1.15180, 1.16540, 1.14370, 1.16060
1.16120, 1.17240, 1.15430, 1.16340
1.16200, 1.16710, 1.11160, 1.11320
1.11610, 1.11620, 1.07930, 1.08640
1.08530, 1.09340, 1.07440, 1.07760
1.07640, 1.08670, 1.06310, 1.08100
1.08290, 1.10760, 1.07930, 1.09760
1.09920, 1.11250, 1.07610, 1.08100
1.08120, 1.10210, 1.07190, 1.09130
1.09120, 1.11030, 1.08230, 1.08800
1.08650, 1.08820, 1.06740, 1.07640
1.07730, 1.09270, 1.05900, 1.06870
1.06920, 1.09830, 1.06590, 1.09040
1.09020, 1.09920, 1.06710, 1.07950
1.07920, 1.08250, 1.04100, 1.04170
1.04340, 1.04510, 1.02010, 1.03660
1.03670, 1.05830, 1.02650, 1.05330
1.05200, 1.08480, 1.04990, 1.08460
1.08410, 1.08680, 1.05940, 1.07490
1.07110, 1.07470, 1.04150, 1.05150
1.05040, 1.07330, 1.04250, 1.07010
1.07030, 1.07500, 1.04490, 1.06140
1.05760, 1.06220, 1.04060, 1.05770
1.05760, 1.06700, 1.04780, 1.05970
1.06020, 1.07460, 1.05520, 1.06620
1.06570, 1.06990, 1.04480, 1.04920
1.04860, 1.05780, 1.03650, 1.05170
1.05130, 1.05220, 1.02910, 1.02960
1.02980, 1.04140, 1.02230, 1.02870
1.02880, 1.06020, 1.02460, 1.05760
1.05730, 1.07050, 1.05320, 1.07020
1.07010, 1.07800, 1.05420, 1.07150
1.07100, 1.07730, 1.04780, 1.05010
1.05010, 1.05330, 1.03880, 1.03900
1.03810, 1.06810, 1.03690, 1.05120
1.05080, 1.05730, 1.02600, 1.02820
1.02800, 1.03220, 1.01540, 1.01910
1.01750, 1.02320, 1.00610, 1.01720
1.01560, 1.03030, 1.01450, 1.02650
1.02640, 1.02730, 1.00660, 1.01040
1.00840, 1.01050, 0.99770, 1.00210
1.00220, 1.01630, 0.99520, 1.01260
1.01260, 1.02150, 0.99300, 0.99880
0.99960, 1.01970, 0.99710, 1.01760
1.01670, 1.07410, 1.01000, 1.04300
1.04300, 1.04300, 1.01100, 1.03530
1.03350, 1.07500, 1.02460, 1.05910
1.06040, 1.08530, 1.04440, 1.05450
1.05220, 1.06270, 1.03340, 1.06270
1.06240, 1.06800, 1.02870, 1.03220
1.03150, 1.03610, 1.02060, 1.02150
1.02160, 1.04690, 1.01380, 1.03480
1.03350, 1.06740, 1.03210, 1.06220
1.06170, 1.06770, 1.02950, 1.03360
1.03350, 1.05780, 1.02750, 1.05780
1.05600, 1.05870, 1.03460, 1.03530
1.03640, 1.03960, 1.02550, 1.02960
1.02850, 1.03070, 1.01060, 1.02720
1.02680, 1.04950, 1.02560, 1.04160
1.04120, 1.05150, 1.02470, 1.04730
1.04910, 1.06680, 1.04440, 1.05080
1.04910, 1.06730, 1.03800, 1.03860
1.03960, 1.05100, 1.02870, 1.03680
1.03320, 1.03500, 1.02150, 1.03270
1.03200, 1.03790, 1.01910, 1.02380
1.02420, 1.03620, 1.01870, 1.01940
1.01810, 1.02730, 1.00610, 1.01060
1.01000, 1.01830, 0.99800, 1.01010
1.01150, 1.03740, 1.01100, 1.02580
1.02460, 1.03380, 1.01540, 1.01900
1.01890, 1.02020, 0.99910, 1.00010
0.99990, 1.01460, 0.99780, 1.01210
1.01070, 1.02600, 1.00570, 1.01670
1.01650, 1.02640, 1.00760, 1.02090
1.01590, 1.02850, 1.00030, 1.00370
1.00300, 1.01400, 1.00110, 1.00890
1.01000, 1.01460, 1.00000, 1.01380
1.01220, 1.02080, 1.00480, 1.00790
1.00790, 1.01110, 0.99250, 0.99760
0.99330, 1.00340, 0.98880, 0.99330
0.99300, 0.99840, 0.98480, 0.99040
0.98800, 1.00300, 0.98370, 0.99270
0.99330, 1.00160, 0.99110, 1.00120
1.00110, 1.00570, 0.98320, 0.98700
0.98710, 0.99870, 0.98570, 0.98730
0.98910, 0.99020, 0.98150, 0.98660
0.98430, 0.99590, 0.97720, 0.97750
0.97820, 0.97890, 0.96830, 0.97320
0.97330, 0.98020, 0.96670, 0.97310
0.97290, 0.99740, 0.97100, 0.98380
0.98450, 0.98530, 0.97310, 0.98010
0.98010, 0.98230, 0.96260, 0.96300
0.96300, 0.96930, 0.95260, 0.95520
0.95490, 0.96680, 0.95420, 0.95910
0.95880, 0.97210, 0.94540, 0.95380
0.95230, 0.95760, 0.94450, 0.94470
0.94550, 0.97130, 0.94450, 0.96640
0.96670, 0.97440, 0.95120, 0.96810
0.96740, 0.97930, 0.96400, 0.97390
0.97370, 0.98160, 0.97300, 0.97590
0.97730, 0.98510, 0.96540, 0.97700
0.97760, 0.98200, 0.97120, 0.97960
0.97890, 0.98980, 0.96690, 0.97920
0.98150, 0.98860, 0.97000, 0.98840
0.98670, 0.99120, 0.95800, 0.95820
0.95930, 0.96940, 0.95640, 0.96220
0.96100, 0.97780, 0.95200, 0.95300
0.95410, 0.96350, 0.94230, 0.94760
0.94850, 0.95890, 0.94060, 0.95510
0.95410, 0.98540, 0.94910, 0.98180
0.98140, 1.00090, 0.97650, 0.98720
0.98690, 0.99380, 0.97750, 0.99000
0.99020, 0.99230, 0.97910, 0.98120
0.97960, 0.98560, 0.97250, 0.98530
0.98620, 0.99790, 0.98300, 0.99650
0.99690, 1.00260, 0.97790, 0.97790
0.98110, 1.03610, 0.98040, 1.02770
1.02740, 1.05020, 1.01430, 1.05000
1.04880, 1.06570, 1.02340, 1.03900
1.03880, 1.03930, 1.00940, 1.00940
1.01080, 1.02630, 1.00430, 1.00640
1.00900, 1.02120, 0.98920, 0.99150
0.99140, 1.02280, 0.99120, 1.01860
1.01640, 1.02660, 1.00760, 1.01020
1.00800, 1.03010, 1.00760, 1.02760
1.02640, 1.05230, 1.02640, 1.04670
1.04290, 1.04480, 1.00790, 1.01910
1.01660, 1.02620, 1.00510, 1.01680
1.01890, 1.04240, 1.01820, 1.03810
1.03650, 1.04140, 1.01810, 1.02000
1.02030, 1.02680, 1.01260, 1.02070
1.02090, 1.02860, 1.00760, 1.02820
1.02780, 1.03190, 1.01390, 1.02300
1.02450, 1.02520, 1.00700, 1.01300
1.01420, 1.01600, 0.99810, 1.00150
1.00100, 1.00700, 0.99270, 0.99340
0.99430, 1.00390, 0.99240, 1.00110
1.00090, 1.00510, 0.99380, 0.99660
0.99290, 1.00200, 0.99060, 0.99910
0.99860, 1.00500, 0.98420, 0.98900
0.98880, 1.00280, 0.98720, 0.99050
0.99110, 0.99490, 0.98790, 0.99150
0.99110, 1.00340, 0.98600, 0.99760
0.99800, 1.00180, 0.99000, 0.99820
0.99560, 0.99980, 0.98880, 0.99670
0.99700, 1.00520, 0.99260, 0.99950
0.99900, 1.00330, 0.98650, 0.99190
0.99170, 0.99790, 0.98000, 0.98040
0.98080, 0.99630, 0.97950, 0.99580
0.99570, 1.00630, 0.99230, 1.00040
1.00010, 1.02270, 0.99880, 1.02190
1.02200, 1.03110, 1.01510, 1.02910
1.02620, 1.04420, 1.02060, 1.04080
1.03910, 1.04460, 1.02100, 1.02540
1.02180, 1.03260, 1.02010, 1.02140
1.02060, 1.03000, 1.01590, 1.02410
1.02700, 1.03630, 1.01630, 1.01630
1.01630, 1.02080, 1.01000, 1.01930
1.02050, 1.02500, 1.01290, 1.01380
1.01330, 1.01720, 1.00650, 1.01260
1.01380, 1.02310, 1.00280, 1.00290
1.00390, 1.00840, 0.99790, 1.00110
1.00140, 1.00200, 0.99060, 0.99080
0.99140, 0.99410, 0.98600, 0.98880
0.98870, 0.99480, 0.98420, 0.99210
0.99200, 0.99320, 0.98420, 0.98550
0.98740, 0.99180, 0.97650, 0.97830
0.97720, 0.97880, 0.96330, 0.97110
0.97010, 0.98160, 0.96930, 0.97610
0.97530, 0.98600, 0.97520, 0.98360
0.98390, 0.98840, 0.97350, 0.97850
0.97720, 0.98350, 0.97440, 0.98000
0.97850, 0.99390, 0.97620, 0.99330
0.99430, 0.99930, 0.98880, 0.99700
0.99780, 1.00190, 0.99210, 0.99560
0.99540, 1.00330, 0.98740, 1.00150
0.99980, 1.00570, 0.99840, 1.00110
1.00050, 1.00180, 0.99140, 0.99280
0.99180, 0.99610, 0.99040, 0.99410
0.99300, 0.99540, 0.98760, 0.98830
0.98690, 0.98880, 0.98240, 0.98540
0.98600, 0.99530, 0.98310, 0.99300
0.99350, 0.99710, 0.99080, 0.99680
0.99610, 0.99710, 0.98360, 0.98700
0.98640, 0.98850, 0.98150, 0.98460
0.98390, 0.99460, 0.98300, 0.99130
0.99170, 1.01000, 0.99040, 1.00530
1.00630, 1.01000, 0.99560, 0.99640
0.99640, 1.00350, 0.99330, 1.00110
1.00240, 1.00870, 0.99980, 1.00620
1.00710, 1.02540, 1.00560, 1.02140
1.02210, 1.03420, 1.02150, 1.02640
1.02700, 1.03370, 1.02320, 1.02810
1.02830, 1.02950, 1.01790, 1.01920
1.02270, 1.02840, 1.01980, 1.02300
1.02310, 1.02350, 1.01440, 1.01670
1.01720, 1.02360, 1.01030, 1.01750
1.01790, 1.02140, 1.00820, 1.01310
1.01410, 1.02940, 1.01320, 1.02640
1.02540, 1.02850, 1.01560, 1.01640
1.01660, 1.01700, 1.00490, 1.00740
1.00750, 1.01520, 1.00120, 1.00990
1.01180, 1.03130, 1.00800, 1.02790
1.02820, 1.03930, 1.02150, 1.03140
1.03070, 1.04200, 1.02930, 1.03720
1.03720, 1.03800, 1.01650, 1.01920
1.02160, 1.02510, 1.01350, 1.01670
1.01730, 1.04880, 1.01480, 1.04550
1.04790, 1.05560, 1.04220, 1.05140
1.05260, 1.06080, 1.04710, 1.05810
1.05800, 1.05850, 1.03240, 1.03900
1.03830, 1.04420, 1.03540, 1.03650
1.03630, 1.03690, 1.02530, 1.02760
1.02820, 1.04020, 1.02440, 1.03870
1.03850, 1.04450, 1.02730, 1.02860
1.02970, 1.03690, 1.02790, 1.03390
1.03410, 1.05680, 1.03140, 1.04980
1.05090, 1.05580, 1.04700, 1.05330
1.05280, 1.05590, 1.03800, 1.04100
1.04110, 1.04190, 1.03040, 1.03520
1.03180, 1.03340, 1.01800, 1.03040
1.03060, 1.03400, 1.02670, 1.03040
1.03160, 1.03560, 1.02730, 1.02940
1.02950, 1.04190, 1.02920, 1.03500
1.03670, 1.03910, 1.02750, 1.02890
1.02890, 1.04600, 1.02690, 1.04500
1.04470, 1.04960, 1.04100, 1.04150
1.04160, 1.05030, 1.03960, 1.04770
1.04820, 1.05260, 1.04350, 1.04350
1.04350, 1.05690, 1.04130, 1.05150
1.05290, 1.06270, 1.05180, 1.06120
1.06210, 1.07060, 1.06120, 1.06360
1.06430, 1.06680, 1.05590, 1.05830
1.05930, 1.07360, 1.05710, 1.06390
1.06390, 1.07170, 1.05800, 1.07050
1.07030, 1.07260, 1.05870, 1.06340
1.06330, 1.09440, 1.06070, 1.08980
1.09050, 1.09900, 1.08410, 1.09620
1.09640, 1.11720, 1.09280, 1.10820
1.10650, 1.12220, 1.10300, 1.11320
1.11140, 1.11320, 1.09660, 1.10340
1.10380, 1.10890, 1.09390, 1.09850
1.09830, 1.11930, 1.09090, 1.11120
1.11100, 1.11580, 1.10390, 1.10640
1.10750, 1.11160, 1.09530, 1.10830
1.10870, 1.11520, 1.10410, 1.11030
1.10960, 1.12770, 1.10240, 1.12190
1.12250, 1.12440, 1.09990, 1.10580
1.10630, 1.10680, 1.09550, 1.09750
1.09790, 1.10080, 1.08560, 1.09780
1.09770, 1.10320, 1.09410, 1.10230
1.10230, 1.10510, 1.09990, 1.10320
1.10390, 1.10400, 1.09340, 1.09730
1.09800, 1.09870, 1.08130, 1.08960
1.08980, 1.09240, 1.08500, 1.08600
1.08610, 1.09400, 1.08480, 1.08670
1.08710, 1.08850, 1.08210, 1.08430
1.08400, 1.09590, 1.08400, 1.09290
1.09250, 1.09390, 1.08400, 1.08520
1.08550, 1.08940, 1.07500, 1.07560
1.07580, 1.07590, 1.06580, 1.06650
1.06640, 1.06950, 1.06190, 1.06490
1.06460, 1.07350, 1.06290, 1.07330
1.07340, 1.07920, 1.07070, 1.07320
1.07310, 1.08200, 1.07080, 1.08160
1.08140, 1.09420, 1.07950, 1.09210
1.09170, 1.09840, 1.09020, 1.09710
1.09510, 1.09760, 1.08580, 1.08980
1.08850, 1.09850, 1.08740, 1.09430
1.09630, 1.09960, 1.08090, 1.08760
1.08720, 1.09410, 1.08190, 1.08810
1.08810, 1.10960, 1.08800, 1.10900
1.10820, 1.10970, 1.08850, 1.09580
1.09620, 1.11670, 1.09250, 1.11540
1.11520, 1.12690, 1.10700, 1.12440
1.12510, 1.12630, 1.10800, 1.11930
1.11870, 1.13830, 1.11800, 1.12770
1.12840, 1.12950, 1.11820, 1.12370
1.12390, 1.13310, 1.11200, 1.12640
1.12830, 1.14650, 1.12620, 1.13280
1.13210, 1.14000, 1.12630, 1.12890
1.12820, 1.13670, 1.11890, 1.12300
1.12320, 1.14420, 1.12230, 1.14160
1.14290, 1.14740, 1.13110, 1.14310
1.14350, 1.15890, 1.13950, 1.15770
1.15880, 1.16720, 1.15470, 1.16030
1.16040, 1.16650, 1.15760, 1.16260
1.16170, 1.17850, 1.15630, 1.17820
1.17830, 1.18880, 1.17290, 1.18590
1.18560, 1.20450, 1.18000, 1.19850
1.19770, 1.24570, 1.19330, 1.24240
1.24360, 1.27970, 1.23780, 1.27290
1.26970, 1.27710, 1.23510, 1.25140
1.25350, 1.26960, 1.24200, 1.24490
1.24440, 1.25630, 1.23610, 1.25340
1.25280, 1.26620, 1.23860, 1.25000
1.25030, 1.26250, 1.24050, 1.26210
1.26170, 1.28220, 1.25710, 1.27860
1.27910, 1.28330, 1.24460, 1.25500
1.25470, 1.26200, 1.24080, 1.26090
1.26020, 1.27820, 1.24270, 1.24830
1.24620, 1.26650, 1.23860, 1.25680
1.25800, 1.26440, 1.20860, 1.22380
1.22100, 1.23040, 1.21010, 1.21820
1.21880, 1.22040, 1.19430, 1.21610
1.21550, 1.21790, 1.19380, 1.20790
1.20810, 1.21430, 1.19180, 1.20120
1.20060, 1.23200, 1.20060, 1.22810
1.22850, 1.25370, 1.22740, 1.24480
1.24390, 1.25610, 1.23660, 1.24330
1.24330, 1.24710, 1.22000, 1.23100
1.23130, 1.23590, 1.21260, 1.22700
1.22600, 1.24210, 1.22160, 1.23180
1.23370, 1.26310, 1.23020, 1.25710
1.25960, 1.27780, 1.25620, 1.26550
1.27020, 1.30060, 1.26780, 1.29720
1.29770, 1.31010, 1.29150, 1.30440
1.30380, 1.30940, 1.28590, 1.30880
1.30870, 1.32110, 1.30470, 1.31340
1.31190, 1.31800, 1.29500, 1.30940
1.30900, 1.31920, 1.30220, 1.31830
1.31820, 1.33520, 1.31420, 1.32000
1.32130, 1.33250, 1.31150, 1.32770
1.32570, 1.33080, 1.31530, 1.32590
1.32520, 1.32780, 1.30110, 1.32210
1.32310, 1.34150, 1.31740, 1.33300
1.33330, 1.34550, 1.31500, 1.31520
1.31530, 1.31730, 1.28990, 1.29430
1.29560, 1.30780, 1.28300, 1.29170
1.29040, 1.31960, 1.29000, 1.31670
1.31680, 1.32780, 1.30540, 1.30690
1.30740, 1.33160, 1.30360, 1.33020
1.33020, 1.33480, 1.32230, 1.33230
1.33030, 1.33690, 1.32450, 1.33480
1.33330, 1.34340, 1.32780, 1.33720
1.33630, 1.34140, 1.32910, 1.33600
1.33700, 1.37560, 1.33640, 1.37540
1.37200, 1.40000, 1.36710, 1.39550
1.39350, 1.39920, 1.38170, 1.38400
1.38350, 1.39380, 1.38140, 1.38880
1.38170, 1.41760, 1.38160, 1.41700
1.41670, 1.45520, 1.40630, 1.45340
1.45970, 1.46880, 1.41130, 1.41230
1.41440, 1.43240, 1.39460, 1.39690
1.39720, 1.41010, 1.36370, 1.39130
1.38980, 1.40150, 1.37840, 1.38450
1.38480, 1.39100, 1.36520, 1.37650
1.37730, 1.38570, 1.35030, 1.35130
1.35200, 1.35850, 1.33100, 1.33120
1.33350, 1.34450, 1.31660, 1.32150
1.32280, 1.34040, 1.29210, 1.30030
1.30230, 1.32940, 1.30190, 1.32670
1.32730, 1.32840, 1.28560, 1.30110
1.30290, 1.32170, 1.29500, 1.29880
1.29830, 1.30140, 1.27420, 1.28170
1.29430, 1.29880, 1.25910, 1.26650
1.26600, 1.27150, 1.24970, 1.25510
1.25550, 1.29500, 1.24590, 1.29060
1.29430, 1.30130, 1.27700, 1.29370
1.29450, 1.31600, 1.28350, 1.31130
1.31170, 1.31860, 1.29090, 1.30250
1.30240, 1.31420, 1.29140, 1.29370
1.29500, 1.29810, 1.26530, 1.27750
1.27870, 1.30840, 1.27480, 1.28920
1.28420, 1.30990, 1.26760, 1.29990
1.30420, 1.31190, 1.28640, 1.29100
1.29140, 1.30890, 1.28300, 1.30380
1.30460, 1.31380, 1.28600, 1.29660
1.29480, 1.31830, 1.29250, 1.31280
1.31260, 1.32520, 1.30000, 1.30410
1.30320, 1.31980, 1.29950, 1.31730
1.31790, 1.31890, 1.29220, 1.29550
1.29500, 1.29740, 1.27620, 1.28640
1.28930, 1.30100, 1.28300, 1.30030
1.29930, 1.31460, 1.29800, 1.29850
1.29920, 1.30510, 1.28210, 1.30450
1.30470, 1.32460, 1.30280, 1.32120
1.32190, 1.32410, 1.29980, 1.31670
1.31600, 1.32790, 1.30460, 1.31260
1.31260, 1.33134, 1.30678, 1.32952
1.32375, 1.33067, 1.31009, 1.31371
1.31359, 1.33547, 1.30059, 1.33362
1.33233, 1.34331, 1.32770, 1.33941
1.34095, 1.34654, 1.33530, 1.33951
1.33353, 1.35480, 1.32636, 1.35383
1.35030, 1.35885, 1.33998, 1.35017
1.34948, 1.35352, 1.33778, 1.35120
1.34955, 1.35372, 1.32546, 1.32862
1.32849, 1.33549, 1.31521, 1.31763
1.31389, 1.34171, 1.30793, 1.33383
1.33366, 1.35565, 1.33172, 1.35343
1.35307, 1.35982, 1.34008, 1.34319
1.34436, 1.34605, 1.31772, 1.32382
1.32399, 1.32932, 1.30288, 1.31138
1.31340, 1.33874, 1.30185, 1.33113
1.33179, 1.33348, 1.30532, 1.31508
1.31327, 1.31687, 1.29683, 1.30228
1.30265, 1.32123, 1.30073, 1.30817
1.30807, 1.31260, 1.30090, 1.30907
1.30946, 1.32095, 1.30550, 1.30958
1.30980, 1.34366, 1.30830, 1.33745
1.33788, 1.35345, 1.33720, 1.34663
1.34547, 1.34949, 1.32761, 1.33461
1.33432, 1.34094, 1.32640, 1.33803
1.33545, 1.34144, 1.32774, 1.33182
1.33055, 1.34557, 1.32957, 1.34052
1.33953, 1.34260, 1.32231, 1.33192
1.33095, 1.35255, 1.32619, 1.34940
1.34561, 1.36967, 1.34107, 1.36529
1.36545, 1.37932, 1.36366, 1.36483
1.36523, 1.37698, 1.36434, 1.37082
1.36968, 1.37221, 1.35077, 1.35081
1.35121, 1.35406, 1.33874, 1.34479
1.34462, 1.35470, 1.34271, 1.34798
1.34865, 1.35360, 1.34224, 1.34654
1.34517, 1.34702, 1.31644, 1.32116
1.32119, 1.33474, 1.31909, 1.32682
1.32591, 1.32706, 1.29456, 1.29623
1.29670, 1.30141, 1.28593, 1.28748
1.28774, 1.29432, 1.26437, 1.26476
1.26460, 1.27008, 1.25218, 1.25384
1.25349, 1.25758, 1.24134, 1.24333
1.24364, 1.26673, 1.24292, 1.26482
1.26465, 1.27526, 1.26291, 1.26778
1.26650, 1.27780, 1.25566, 1.25829
1.25669, 1.26067, 1.24654, 1.24795
1.24755, 1.26629, 1.23398, 1.23945
1.24172, 1.24260, 1.20609, 1.21548
1.21587, 1.22393, 1.20822, 1.21928
1.21857, 1.23899, 1.21712, 1.23365
1.23298, 1.25315, 1.23126, 1.24650
1.24862, 1.25986, 1.24485, 1.25298
1.25272, 1.25584, 1.24326, 1.24647
1.24723, 1.26298, 1.24504, 1.26239
1.26200, 1.29163, 1.26134, 1.28081
1.28196, 1.29145, 1.27148, 1.27617
1.27649, 1.28194, 1.26658, 1.26866
1.26868, 1.28234, 1.26776, 1.27667
1.27627, 1.28364, 1.26726, 1.27008
1.27023, 1.29091, 1.26800, 1.26813
1.27006, 1.28799, 1.26235, 1.28478
1.28482, 1.28942, 1.27133, 1.28674
1.28666, 1.29200, 1.26976, 1.27188
1.27123, 1.27277, 1.25146, 1.25788
1.25256, 1.25548, 1.23551, 1.24112
1.24065, 1.25901, 1.23781, 1.24562
1.24579, 1.25398, 1.23616, 1.24962
1.24751, 1.24963, 1.22820, 1.23174
1.23111, 1.24367, 1.22485, 1.24238
1.24298, 1.26883, 1.23974, 1.25788
1.25859, 1.26489, 1.24500, 1.25567
1.25543, 1.27565, 1.25272, 1.26288
1.26320, 1.29156, 1.26148, 1.28823
1.28733, 1.30008, 1.28056, 1.28098
1.28141, 1.30983, 1.28030, 1.30946
1.30910, 1.31243, 1.28239, 1.28928
1.28838, 1.29386, 1.28149, 1.28911
1.28908, 1.29435, 1.27331, 1.27809
1.27611, 1.28188, 1.25443, 1.26132
1.25934, 1.27594, 1.25273, 1.27592
1.27508, 1.29001, 1.27448, 1.28258
1.28349, 1.29173, 1.28030, 1.28454
1.28453, 1.29971, 1.27290, 1.27948
1.27762, 1.29242, 1.27492, 1.28825
1.28742, 1.29884, 1.27424, 1.29728
1.29609, 1.30468, 1.28182, 1.29565
1.29522, 1.30668, 1.28563, 1.29250
1.30000, 1.32025, 1.29494, 1.32021
1.31804, 1.33823, 1.31593, 1.32638
1.32671, 1.33860, 1.31299, 1.31315
1.31458, 1.32249, 1.30766, 1.30922
1.30841, 1.32183, 1.30641, 1.31520
1.31524, 1.32896, 1.31095, 1.31409
1.31292, 1.31912, 1.30243, 1.30627
1.30480, 1.30962, 1.29673, 1.29904
1.29916, 1.31533, 1.29621, 1.31355
1.31595, 1.31746, 1.30501, 1.30606
1.30532, 1.31033, 1.29864, 1.30258
1.30125, 1.30883, 1.28873, 1.30396
1.30725, 1.32262, 1.30445, 1.31632
1.31609, 1.31979, 1.29759, 1.30309
1.30272, 1.30641, 1.28843, 1.29121
1.29267, 1.30820, 1.29078, 1.29081
1.28494, 1.29551, 1.27822, 1.29414
1.29439, 1.30716, 1.29264, 1.30208
1.30189, 1.31322, 1.29162, 1.30989
1.30917, 1.31599, 1.29689, 1.31027
1.30970, 1.31699, 1.30484, 1.31065
1.30906, 1.32331, 1.30561, 1.32055
1.31986, 1.32639, 1.31269, 1.31454
1.31534, 1.33180, 1.31413, 1.32324
1.32239, 1.33596, 1.31869, 1.32824
1.32349, 1.34446, 1.31600, 1.33173
1.33317, 1.34241, 1.32926, 1.33818
1.33796, 1.36015, 1.33723, 1.36001
1.35928, 1.36608, 1.35647, 1.36332
1.36371, 1.36647, 1.33721, 1.33728
1.33755, 1.33896, 1.31799, 1.32652
1.32566, 1.33189, 1.32260, 1.32631
1.32596, 1.33750, 1.32139, 1.32157
1.32174, 1.32859, 1.30685, 1.31009
1.30896, 1.33289, 1.30853, 1.32747
1.32668, 1.33405, 1.31959, 1.32450
1.32452, 1.32812, 1.31307, 1.31333
1.31337, 1.33059, 1.31126, 1.32958
1.32779, 1.34672, 1.32748, 1.34176
1.34159, 1.34400, 1.32869, 1.33337
1.33361, 1.34293, 1.32505, 1.34279
1.34246, 1.34506, 1.33415, 1.33498
1.33462, 1.34028, 1.32961, 1.33800
1.33798, 1.33959, 1.32839, 1.33268
1.33239, 1.34028, 1.32744, 1.33865
1.33814, 1.35217, 1.33352, 1.34553
1.34547, 1.34891, 1.33768, 1.34196
1.34566, 1.35051, 1.33803, 1.34117
1.34194, 1.35133, 1.34004, 1.34651
1.34498, 1.35023, 1.33568, 1.34411
1.34355, 1.35647, 1.34293, 1.35136
1.35144, 1.35267, 1.32621, 1.32686
1.32452, 1.34225, 1.32397, 1.34088
1.34065, 1.34324, 1.31511, 1.32176
1.32187, 1.32187, 1.30595, 1.30869
1.30765, 1.31450, 1.30375, 1.30766
1.30679, 1.31441, 1.30178, 1.30258
1.30267, 1.31096, 1.30154, 1.30571
1.30568, 1.31989, 1.30405, 1.31641
1.31684, 1.32657, 1.31052, 1.32006
1.32098, 1.33445, 1.31773, 1.32157
1.31974, 1.33389, 1.31844, 1.32716
1.32682, 1.33457, 1.32508, 1.32826
1.32922, 1.33334, 1.32248, 1.33055
1.33167, 1.33824, 1.31577, 1.31643
1.31748, 1.32861, 1.31336, 1.32849
1.32182, 1.33100, 1.32090, 1.32641
1.32547, 1.33048, 1.32137, 1.32355
1.32395, 1.33475, 1.32057, 1.33052
1.33172, 1.33457, 1.31707, 1.31939
1.32008, 1.32393, 1.31193, 1.31247
1.31330, 1.31379, 1.30528, 1.30583
1.30593, 1.32080, 1.30419, 1.31389
1.31355, 1.32369, 1.31151, 1.32247
1.32181, 1.32704, 1.32124, 1.32219
1.32219, 1.33275, 1.31899, 1.32963
1.32956, 1.33188, 1.32601, 1.32710
1.32674, 1.33208, 1.31582, 1.32488
1.32502, 1.32652, 1.31505, 1.31656
1.31715, 1.31861, 1.31024, 1.31470
1.31427, 1.31765, 1.30640, 1.30784
1.30688, 1.30845, 1.29514, 1.29985
1.29846, 1.31048, 1.29568, 1.30519
1.30476, 1.30794, 1.30313, 1.30649
1.30548, 1.31714, 1.30358, 1.31468
1.31505, 1.32532, 1.31477, 1.32334
1.32312, 1.33208, 1.32312, 1.33045
1.32979, 1.33293, 1.32357, 1.32508
1.32457, 1.32785, 1.32021, 1.32238
1.32512, 1.34646, 1.32419, 1.33925
1.34352, 1.34395, 1.33147, 1.34220
1.35888, 1.39952, 1.35174, 1.38002
1.37425, 1.46679, 1.37287, 1.43338
1.43524, 1.45608, 1.39210, 1.39744
1.40182, 1.43493, 1.40090, 1.41914
1.42170, 1.42613, 1.39308, 1.39515
1.39245, 1.41824, 1.38553, 1.40005
1.40135, 1.42650, 1.39999, 1.40930
1.40912, 1.41170, 1.38502, 1.40860
1.40798, 1.41727, 1.39087, 1.39193
1.39290, 1.41412, 1.39000, 1.41069
1.41050, 1.41152, 1.38665, 1.40030
1.39900, 1.40078, 1.37144, 1.37670
1.37705, 1.38001, 1.33913, 1.34205
1.33943, 1.36664, 1.33155, 1.35830
1.35991, 1.36852, 1.35040, 1.36037
1.36081, 1.37146, 1.34847, 1.36849
1.36732, 1.37044, 1.35432, 1.35459
1.35577, 1.36308, 1.34902, 1.35933
1.35763, 1.36454, 1.35007, 1.35778
1.35661, 1.35997, 1.33504, 1.34197
1.34191, 1.34589, 1.33302, 1.34094
1.33988, 1.34503, 1.32327, 1.33809
1.33801, 1.33940, 1.31912, 1.32664
1.32484, 1.32614, 1.31324, 1.31732
1.31701, 1.32385, 1.30464, 1.30954
1.30954, 1.31611, 1.29932, 1.30599
1.30449, 1.32586, 1.30449, 1.31764
1.31766, 1.32464, 1.31267, 1.32021
1.32093, 1.34176, 1.31702, 1.33831
1.33844, 1.34197, 1.32665, 1.33044
1.32957, 1.33399, 1.31088, 1.31158
1.31243, 1.32586, 1.30984, 1.31876
1.31844, 1.32031, 1.30801, 1.31232
1.31296, 1.33891, 1.31217, 1.33138
1.33101, 1.33694, 1.30184, 1.30595
1.30448, 1.31717, 1.29275, 1.31297
1.31319, 1.31375, 1.30334, 1.30912
1.30794, 1.31118, 1.29712, 1.29921
1.29968, 1.30093, 1.27717, 1.27836
1.27722, 1.28326, 1.27061, 1.27620
1.27523, 1.27977, 1.26872, 1.27803
1.27944, 1.29566, 1.27852, 1.28270
1.28520, 1.28752, 1.27134, 1.27621
1.27237, 1.27971, 1.26292, 1.26864
1.26949, 1.28344, 1.26240, 1.27351
1.27321, 1.27986, 1.25883, 1.27315
1.27174, 1.28804, 1.26843, 1.27746
1.27858, 1.28691, 1.27545, 1.27602
1.27524, 1.27819, 1.26596, 1.26888
1.26798, 1.27455, 1.25936, 1.26155
1.26144, 1.27443, 1.24672, 1.27427
1.27265, 1.27369, 1.25745, 1.26541
1.26444, 1.26996, 1.24612, 1.24740
1.24747, 1.25471, 1.23644, 1.24919
1.25181, 1.26284, 1.24727, 1.25704
1.25696, 1.26465, 1.25271, 1.25699
1.25676, 1.26341, 1.25011, 1.25245
1.25348, 1.26274, 1.24762, 1.25051
1.25032, 1.26528, 1.24590, 1.24738
1.24777, 1.24898, 1.22651, 1.22854
1.22894, 1.23509, 1.21199, 1.21221
1.21193, 1.22021, 1.20453, 1.20988
1.21118, 1.21436, 1.20123, 1.20642
1.20658, 1.21416, 1.20282, 1.20706
1.20674, 1.21323, 1.20062, 1.20738
1.20739, 1.21766, 1.20563, 1.21558
1.21576, 1.24800, 1.21272, 1.24705
1.24639, 1.24862, 1.22517, 1.22905
1.22948, 1.24490, 1.22870, 1.23220
1.23164, 1.25895, 1.23019, 1.24410
1.24447, 1.26198, 1.24170, 1.26112
1.26027, 1.28067, 1.25245, 1.25581
1.25547, 1.26034, 1.24216, 1.24622
1.24777, 1.25800, 1.24521, 1.25541
1.25461, 1.25886, 1.24884, 1.25134
1.25113, 1.29480, 1.25111, 1.28216
1.28157, 1.28310, 1.25779, 1.26126
1.26145, 1.26527, 1.24926, 1.25279
1.25132, 1.27612, 1.25123, 1.26875
1.26803, 1.27704, 1.26004, 1.27692
1.27542, 1.28952, 1.26324, 1.26538
1.26427, 1.27737, 1.25926, 1.26384
1.26414, 1.26539, 1.24507, 1.24723
1.24703, 1.24977, 1.23357, 1.23607
1.23590, 1.24088, 1.22872, 1.23662
1.23643, 1.24306, 1.22990, 1.23819
1.23770, 1.24787, 1.23509, 1.24516
1.24439, 1.26033, 1.23863, 1.25448
1.25427, 1.26613, 1.24918, 1.26386
1.26390, 1.27984, 1.26269, 1.27855
1.27498, 1.28537, 1.27124, 1.28417
1.28203, 1.28421, 1.26023, 1.27225
1.27279, 1.29359, 1.27050, 1.28950
1.28853, 1.29627, 1.27846, 1.28057
1.28033, 1.28464, 1.26190, 1.26482
1.26272, 1.28128, 1.26272, 1.26420
1.26363, 1.26965, 1.24524, 1.25437
1.25350, 1.25862, 1.24492, 1.25840
1.25773, 1.27957, 1.25534, 1.27638
1.27614, 1.27866, 1.26490, 1.27608
1.27441, 1.27550, 1.26351, 1.27314
1.27303, 1.27830, 1.26621, 1.27531
1.27448, 1.28765, 1.26807, 1.26974
1.27650, 1.28086, 1.25857, 1.27353
1.27240, 1.29001, 1.26843, 1.27481
1.27276, 1.28703, 1.25880, 1.25981
1.26101, 1.26229, 1.24643, 1.24722
1.24791, 1.25918, 1.24287, 1.25143
1.25140, 1.26178, 1.24019, 1.25723
1.25603, 1.26751, 1.25204, 1.26053
1.26060, 1.27253, 1.24574, 1.27122
1.27098, 1.28787, 1.26833, 1.28543
1.28243, 1.29130, 1.27125, 1.29041
1.29037, 1.30756, 1.29011, 1.29069
1.29123, 1.29802, 1.27753, 1.28309
1.28293, 1.28832, 1.27167, 1.27189
1.27187, 1.27266, 1.25503, 1.25930
1.25903, 1.28114, 1.25168, 1.27798
1.27723, 1.30779, 1.27715, 1.30238
1.30123, 1.30347, 1.28889, 1.28922
1.28895, 1.29655, 1.28182, 1.28826
1.28683, 1.30825, 1.28363, 1.29350
1.29450, 1.32225, 1.29355, 1.30250
1.30194, 1.30243, 1.28214, 1.29128
1.29168, 1.29450, 1.27876, 1.27964
1.27943, 1.29839, 1.27664, 1.29348
1.29248, 1.29490, 1.27268, 1.27721
1.27603, 1.30083, 1.27603, 1.29921
1.29813, 1.30624, 1.28943, 1.30404
1.30292, 1.32071, 1.29713, 1.31240
1.31243, 1.32080, 1.29810, 1.30198
1.30387, 1.33070, 1.29531, 1.32653
1.32608, 1.36115, 1.32263, 1.35937
1.35991, 1.38339, 1.35582, 1.38335
1.38019, 1.38213, 1.35021, 1.37395
1.37268, 1.39766, 1.37019, 1.38783
1.38693, 1.38771, 1.36289, 1.36438
1.36289, 1.37737, 1.34946, 1.36049
1.36066, 1.38072, 1.34681, 1.34748
1.35243, 1.35702, 1.32352, 1.32515
1.32721, 1.34081, 1.32250, 1.33897
1.33626, 1.34940, 1.33155, 1.33768
1.33907, 1.36447, 1.33891, 1.34639
1.34583, 1.36991, 1.33843, 1.36472
1.36263, 1.37043, 1.35175, 1.36968
1.36757, 1.37029, 1.35618, 1.35916
1.35941, 1.36106, 1.34834, 1.35491
1.35303, 1.36841, 1.34325, 1.34432
1.34323, 1.34570, 1.33205, 1.33927
1.33828, 1.35196, 1.33496, 1.33799
1.33788, 1.34271, 1.32996, 1.33087
1.33113, 1.34707, 1.32614, 1.34031
1.34112, 1.34748, 1.33370, 1.33432
1.33438, 1.35367, 1.32727, 1.34738
1.34759, 1.36643, 1.34394, 1.36060
1.36081, 1.36581, 1.35332, 1.35947
1.35966, 1.38610, 1.35812, 1.38261
1.38033, 1.38137, 1.36508, 1.37261
1.37008, 1.38038, 1.36297, 1.37374
1.37299, 1.37442, 1.35067, 1.35118
1.34896, 1.35358, 1.34053, 1.35080
1.35146, 1.35528, 1.32994, 1.33569
1.33564, 1.35623, 1.33417, 1.35389
1.35264, 1.36670, 1.35218, 1.35420
1.35331, 1.36387, 1.33705, 1.33741
1.33763, 1.35645, 1.33141, 1.35548
1.35343, 1.35667, 1.34034, 1.34967
1.34983, 1.36537, 1.34836, 1.36148
1.36065, 1.36503, 1.34059, 1.34282
1.34133, 1.34608, 1.33122, 1.33380
1.33318, 1.33828, 1.31768, 1.31957
1.31813, 1.32688, 1.31380, 1.31790
1.31787, 1.32845, 1.31157, 1.32456
1.32363, 1.33858, 1.32022, 1.32760
1.32667, 1.33035, 1.30915, 1.32169
1.32063, 1.32425, 1.31186, 1.32214
1.32143, 1.32481, 1.31461, 1.32458
1.32305, 1.33932, 1.31503, 1.33813
1.33603, 1.35013, 1.33550, 1.34442
1.34327, 1.34327, 1.34327, 1.34327