1.24410, 1.25760, 1.23850, 1.24650
1.24750, 1.26770, 1.22950, 1.23300
1.23210, 1.23890, 1.22130, 1.22260
1.22330, 1.24080, 1.22040, 1.22490
1.22590, 1.26850, 1.22370, 1.26750
1.26750, 1.28450, 1.25850, 1.28170
1.28180, 1.29720, 1.24920, 1.25070
1.25050, 1.26480, 1.23760, 1.23850
1.23850, 1.25380, 1.23740, 1.25000
1.25110, 1.28500, 1.24920, 1.28270
1.28200, 1.28490, 1.25540, 1.27110
1.27120, 1.27900, 1.25190, 1.25820
1.25750, 1.27450, 1.25440, 1.26780
1.26830, 1.27740, 1.25110, 1.26110
1.26020, 1.26490, 1.24390, 1.24940
1.24900, 1.26850, 1.24650, 1.25060
1.24900, 1.26620, 1.23130, 1.23350
1.23260, 1.23670, 1.20960, 1.21030
1.20930, 1.21350, 1.19230, 1.19420
1.19310, 1.21230, 1.17660, 1.17710
1.17700, 1.18600, 1.16900, 1.17190
1.17130, 1.18190, 1.15790, 1.16140
1.15980, 1.16970, 1.13340, 1.13900
1.14160, 1.15570, 1.12990, 1.13090
1.13160, 1.16840, 1.12810, 1.16000
1.16280, 1.16360, 1.13690, 1.15700
1.15460, 1.15740, 1.13800, 1.14320
1.14270, 1.14500, 1.12620, 1.14040
1.14050, 1.18880, 1.13710, 1.18440
1.18410, 1.18690, 1.16250, 1.17950
1.18050, 1.19680, 1.17400, 1.18550
1.18610, 1.19720, 1.17780, 1.18650
1.18770, 1.21200, 1.18530, 1.21110
1.21180, 1.22620, 1.20300, 1.21060
1.20930, 1.20940, 1.17950, 1.18280
1.18490, 1.18590, 1.15690, 1.16170
1.16150, 1.18270, 1.15760, 1.16940
1.16870, 1.17790, 1.14800, 1.15010
1.14990, 1.16870, 1.14820, 1.16370
1.16410, 1.20270, 1.16380, 1.19910
1.19920, 1.20830, 1.18890, 1.20220
1.20270, 1.21440, 1.19630, 1.19700
1.19690, 1.21960, 1.18930, 1.19980
1.20070, 1.20440, 1.17370, 1.18100
1.18060, 1.19780, 1.17990, 1.19490
1.19560, 1.20860, 1.18790, 1.20670
1.20590, 1.22530, 1.19590, 1.22350
1.22410, 1.23600, 1.21470, 1.23390
1.23310, 1.23790, 1.22440, 1.23050
1.23110, 1.25980, 1.23110, 1.25220
1.25290, 1.27010, 1.24090, 1.26880
1.26890, 1.27920, 1.25600, 1.25740
1.25700, 1.28460, 1.25700, 1.27440
1.27400, 1.29810, 1.26570, 1.29630
1.29680, 1.30750, 1.28350, 1.29950
1.29890, 1.30070, 1.26980, 1.29570
1.29650, 1.30810, 1.27510, 1.29620
1.29630, 1.30600, 1.28210, 1.28950
1.28900, 1.29000, 1.25610, 1.26210
1.26260, 1.26780, 1.24330, 1.24710
1.24580, 1.27700, 1.24400, 1.27570
1.27580, 1.27870, 1.25160, 1.25870
1.25850, 1.27450, 1.22490, 1.23020
1.23010, 1.24730, 1.22360, 1.24330
1.24330, 1.27250, 1.24200, 1.26930
1.26920, 1.29280, 1.26580, 1.29240
1.29290, 1.29990, 1.28510, 1.29380
1.29380, 1.30430, 1.26690, 1.27760
1.27960, 1.30190, 1.27490, 1.28470
1.28490, 1.30750, 1.27940, 1.29230
1.29270, 1.29520, 1.26950, 1.28030
1.28090, 1.30860, 1.27590, 1.30740
1.30840, 1.31760, 1.30330, 1.31100
1.31220, 1.32850, 1.30620, 1.31380
1.31380, 1.32450, 1.30610, 1.31830
1.31990, 1.32470, 1.29920, 1.31670
1.31830, 1.32110, 1.29680, 1.30220
1.30600, 1.30610, 1.27750, 1.28990
1.28870, 1.31700, 1.28730, 1.31160
1.31280, 1.31970, 1.30500, 1.31250
1.31330, 1.31580, 1.26740, 1.26990
1.26950, 1.28920, 1.26890, 1.27650
1.27540, 1.28900, 1.27250, 1.27590
1.27560, 1.28530, 1.25550, 1.28410
1.26720, 1.29950, 1.26720, 1.29460
1.29250, 1.30840, 1.29130, 1.30670
1.30720, 1.31750, 1.29660, 1.30970
1.31080, 1.31840, 1.30200, 1.31690
1.31740, 1.32390, 1.29510, 1.29670
1.29660, 1.32300, 1.28900, 1.31750
1.31660, 1.31730, 1.28700, 1.28960
1.29070, 1.31950, 1.28680, 1.31050
1.31010, 1.31270, 1.29570, 1.30410
1.30460, 1.31370, 1.28050, 1.30130
1.30090, 1.30610, 1.29330, 1.29810
1.29810, 1.29810, 1.26500, 1.27500
1.27290, 1.27500, 1.23750, 1.23850
1.23860, 1.24490, 1.22110, 1.22620
1.22610, 1.23200, 1.19620, 1.19750
1.19750, 1.22430, 1.19160, 1.21620
1.21620, 1.23000, 1.20160, 1.22520
1.22520, 1.22940, 1.20480, 1.20800
1.20800, 1.23660, 1.20160, 1.23070
1.23070, 1.24080, 1.22570, 1.23140
1.23140, 1.25300, 1.22830, 1.24930
1.24930, 1.25020, 1.22170, 1.22260
1.22360, 1.23580, 1.21280, 1.22330
1.22430, 1.23780, 1.22200, 1.23400
1.23400, 1.25940, 1.23250, 1.23660
1.23570, 1.25450, 1.22730, 1.23220
1.23150, 1.23680, 1.21920, 1.22330
1.22320, 1.24360, 1.21560, 1.24230
1.24190, 1.24450, 1.22370, 1.23280
1.23300, 1.24240, 1.21820, 1.23950
1.23960, 1.23970, 1.22270, 1.23030
1.23030, 1.25080, 1.22690, 1.24760
1.24740, 1.26230, 1.23940, 1.25520
1.25520, 1.25860, 1.23200, 1.23590
1.23640, 1.25680, 1.22910, 1.25040
1.25000, 1.26340, 1.24050, 1.25990
1.26030, 1.27710, 1.25870, 1.27260
1.27310, 1.27540, 1.25480, 1.25920
1.25860, 1.27050, 1.24680, 1.24880
1.24870, 1.25710, 1.24050, 1.25350
1.25370, 1.25810, 1.23460, 1.24160
1.23930, 1.25370, 1.23570, 1.24410
1.24350, 1.24510, 1.20740, 1.20940
1.20300, 1.21180, 1.19000, 1.19310
1.19290, 1.20610, 1.18790, 1.20520
1.20660, 1.22320, 1.19840, 1.22110
1.22110, 1.22690, 1.21070, 1.22010
1.22070, 1.22720, 1.21610, 1.21900
1.21860, 1.23950, 1.21110, 1.23660
1.23470, 1.25290, 1.23310, 1.24710
1.24710, 1.26040, 1.24170, 1.24830
1.24830, 1.25660, 1.23740, 1.25350
1.25300, 1.25730, 1.23760, 1.24760
1.24830, 1.25210, 1.23800, 1.24720
1.24830, 1.25510, 1.23300, 1.23480
1.23460, 1.24370, 1.22950, 1.23230
1.23270, 1.23330, 1.21440, 1.21640
1.21650, 1.24510, 1.21070, 1.23450
1.23400, 1.23530, 1.20290, 1.20690
1.20590, 1.21940, 1.20440, 1.21880
1.21900, 1.22400, 1.20830, 1.21540
1.21340, 1.22330, 1.21190, 1.22190
1.22150, 1.22840, 1.20650, 1.21480
1.21460, 1.21510, 1.20020, 1.20830
1.20840, 1.21270, 1.19940, 1.20560
1.20530, 1.21890, 1.20090, 1.21100
1.21000, 1.22230, 1.20770, 1.21890
1.21730, 1.22820, 1.21270, 1.22710
1.22670, 1.23310, 1.22400, 1.22810
1.22730, 1.23300, 1.21990, 1.22960
1.22950, 1.23660, 1.21470, 1.23490
1.23470, 1.24690, 1.22700, 1.24100
1.24140, 1.24270, 1.22810, 1.22920
1.22940, 1.23420, 1.22050, 1.22140
1.22100, 1.22330, 1.20870, 1.21780
1.21780, 1.21940, 1.19840, 1.20250
1.20250, 1.20660, 1.19580, 1.20070
1.20030, 1.21650, 1.19800, 1.20830
1.20840, 1.20990, 1.18670, 1.19080
1.19000, 1.20170, 1.18140, 1.19850
1.19870, 1.22150, 1.19700, 1.20780
1.20710, 1.21120, 1.19920, 1.20050
1.20060, 1.20900, 1.19600, 1.20830
1.20830, 1.21520, 1.18600, 1.18840
1.18790, 1.19230, 1.18020, 1.18910
1.18930, 1.19010, 1.16780, 1.17230
1.17240, 1.17580, 1.16240, 1.16350
1.16240, 1.18550, 1.16130, 1.17820
1.17780, 1.18960, 1.17570, 1.18440
1.18470, 1.18590, 1.16550, 1.16580
1.16270, 1.17870, 1.15990, 1.16400
1.16410, 1.16710, 1.14910, 1.15380
1.15300, 1.15580, 1.11880, 1.12230
1.12230, 1.13000, 1.11600, 1.11730
1.11690, 1.12020, 1.08860, 1.10220
1.10340, 1.13280, 1.09550, 1.13180
1.13050, 1.13530, 1.11530, 1.12770
1.12790, 1.15490, 1.12340, 1.15280
1.15610, 1.15950, 1.14770, 1.15470
1.15590, 1.16260, 1.12390, 1.12570
1.12810, 1.13720, 1.10190, 1.10820
1.10730, 1.11920, 1.09750, 1.10120
1.10070, 1.10880, 1.08360, 1.09850
1.09950, 1.11230, 1.08460, 1.09660
1.09540, 1.09660, 1.07280, 1.08910
1.08870, 1.11030, 1.08630, 1.10300
1.10200, 1.11080, 1.08860, 1.09290
1.09330, 1.10470, 1.08350, 1.08510
1.08490, 1.09300, 1.04020, 1.04110
1.03960, 1.04590, 1.01330, 1.02510
1.02310, 1.03530, 0.99720, 0.99760
0.99700, 1.01680, 0.96270, 1.00850
1.00900, 1.02510, 0.98800, 0.99450
0.99370, 1.02180, 0.98700, 1.00570
1.00560, 1.01730, 0.98880, 1.00130
1.00570, 1.02840, 0.99250, 1.01770
1.01810, 1.04310, 0.99970, 1.03400
1.03480, 1.06080, 1.02990, 1.05690
1.05500, 1.06250, 1.03870, 1.04080
1.04170, 1.06010, 1.04040, 1.04730
1.04680, 1.05730, 1.02140, 1.02360
1.02430, 1.05270, 1.02210, 1.04230
1.04120, 1.05210, 1.01820, 1.01820
1.01820, 1.05410, 1.01480, 1.04670
1.04500, 1.05200, 1.03040, 1.03560
1.03490, 1.04940, 1.01630, 1.01830
1.01850, 1.02830, 1.01100, 1.02460
1.02480, 1.03530, 1.01370, 1.01610
1.01550, 1.02590, 1.00100, 1.02200
1.02210, 1.04090, 1.01370, 1.03610
1.03610, 1.05220, 1.03180, 1.04950
1.04950, 1.08380, 1.04330, 1.08220
1.08500, 1.10080, 1.07420, 1.09560
1.09580, 1.10420, 1.08420, 1.09830
1.09870, 1.10860, 1.08830, 1.10130
1.10060, 1.11920, 1.09480, 1.11870
1.11860, 1.14180, 1.11250, 1.12960
1.13000, 1.13000, 1.09000, 1.10460
1.10490, 1.10520, 1.06870, 1.09030
1.09080, 1.14140, 1.08160, 1.12890
1.12940, 1.14880, 1.11280, 1.13810
1.13860, 1.14890, 1.12450, 1.13690
1.13480, 1.17480, 1.13230, 1.16680
1.16800, 1.17110, 1.11990, 1.15790
1.15720, 1.18010, 1.14700, 1.17800
1.17300, 1.20010, 1.17120, 1.19510
1.19980, 1.22980, 1.18880, 1.22160
1.22150, 1.22240, 1.18230, 1.21400
1.21250, 1.22520, 1.19240, 1.22020
1.21930, 1.22300, 1.17390, 1.17680
1.17670, 1.17690, 1.04120, 1.10310
1.10360, 1.10500, 1.06630, 1.06980
1.06780, 1.08460, 1.03690, 1.07910
1.07950, 1.12790, 1.07020, 1.11310
1.11140, 1.12900, 1.10960, 1.12000
1.11460, 1.17160, 1.11210, 1.15310
1.15430, 1.16600, 1.13120, 1.15980
1.16230, 1.17440, 1.14000, 1.16170
1.15980, 1.17800, 1.15010, 1.15990
1.16490, 1.18850, 1.14610, 1.15610
1.15930, 1.17600, 1.14590, 1.17000
1.17060, 1.18490, 1.14830, 1.15820
1.15870, 1.19670, 1.14320, 1.18490
1.18530, 1.19130, 1.11570, 1.12590
1.12660, 1.14800, 1.11690, 1.14380
1.14390, 1.15490, 1.12960, 1.13090
1.13000, 1.16230, 1.12370, 1.15460
1.15410, 1.16880, 1.13030, 1.16500
1.16500, 1.17420, 1.13490, 1.13900
1.13840, 1.16040, 1.12690, 1.13560
1.13640, 1.14230, 1.10460, 1.10490
1.10470, 1.12480, 1.09760, 1.12130
1.12170, 1.12640, 1.08100, 1.08560
1.08510, 1.09540, 1.06550, 1.06670
1.06600, 1.09080, 1.05900, 1.08550
1.08590, 1.09910, 1.06490, 1.07860
1.07970, 1.09570, 1.07580, 1.08130
1.08000, 1.10220, 1.06320, 1.08360
1.08280, 1.09120, 1.07050, 1.08650
1.08750, 1.09560, 1.07510, 1.08640
1.08620, 1.09390, 1.07030, 1.07650
1.07720, 1.07760, 1.06230, 1.07170
1.07190, 1.09340, 1.06510, 1.06830
1.06850, 1.08450, 1.05620, 1.08090
1.08120, 1.08830, 1.06710, 1.07150
1.07250, 1.08340, 1.05530, 1.05830
1.05780, 1.07150, 1.05270, 1.05970
1.05930, 1.07060, 1.05430, 1.06040
1.06040, 1.06150, 1.03380, 1.03810
1.03590, 1.04240, 1.02740, 1.02910
1.02970, 1.03900, 1.01860, 1.02720
1.02700, 1.04530, 1.02490, 1.03520
1.03420, 1.03590, 1.02300, 1.03110
1.03120, 1.03530, 1.01160, 1.01800
1.01770, 1.02290, 1.00300, 1.00870
1.00880, 1.02860, 1.00510, 1.02610
1.02540, 1.03390, 1.01260, 1.01710
1.01460, 1.01940, 1.00340, 1.01240
1.01170, 1.02240, 1.00470, 1.01790
1.01810, 1.01970, 0.99150, 1.00580
1.00580, 1.01920, 0.99610, 1.01640
1.01660, 1.03680, 1.01340, 1.03440
1.03410, 1.05080, 1.02930, 1.04230
1.03930, 1.05040, 1.03170, 1.03550
1.03450, 1.04220, 1.02770, 1.03510
1.03650, 1.04210, 1.02160, 1.02390
1.02210, 1.02870, 1.01310, 1.02500
1.02500, 1.04950, 1.02270, 1.04100
1.03990, 1.06430, 1.03670, 1.06070
1.06020, 1.07950, 1.04970, 1.07230
1.07450, 1.08280, 1.06090, 1.07510
1.07640, 1.08990, 1.06440, 1.07550
1.07430, 1.08790, 1.06940, 1.07300
1.07370, 1.08890, 1.06480, 1.07390
1.07290, 1.08040, 1.05730, 1.05760
1.05730, 1.06470, 1.05000, 1.06140
1.06090, 1.07510, 1.05460, 1.06500
1.05870, 1.06910, 1.04350, 1.06050
1.06120, 1.07860, 1.05770, 1.06550
1.06470, 1.06470, 1.05010, 1.06130
1.06320, 1.08500, 1.06010, 1.07200
1.07380, 1.09250, 1.06970, 1.07750
1.07280, 1.12460, 1.07240, 1.10780
1.09910, 1.13360, 1.09220, 1.13350
1.13370, 1.15860, 1.12670, 1.14930
1.14940, 1.16960, 1.14780, 1.15900
1.15830, 1.17310, 1.14170, 1.16240
1.16300, 1.16740, 1.13980, 1.14930
1.14880, 1.14910, 1.10750, 1.10850
1.10770, 1.11400, 1.09180, 1.09250
1.09260, 1.09420, 1.05780, 1.06240
1.06270, 1.06740, 1.04800, 1.05750
1.05730, 1.06760, 1.04000, 1.05030
1.05030, 1.05640, 1.03920, 1.05460
1.05460, 1.06410, 1.03620, 1.04150
1.04020, 1.05550, 1.03310, 1.03890
1.03800, 1.06240, 1.03620, 1.05080
1.04940, 1.05350, 1.02570, 1.03390
1.03400, 1.04510, 1.02200, 1.02780
1.02650, 1.03100, 1.00640, 1.01640
1.01640, 1.02780, 1.00600, 1.01970
1.01930, 1.02070, 0.99330, 1.00950
1.00920, 1.01210, 0.97780, 0.98350
0.98210, 0.98780, 0.97080, 0.97370
0.97280, 0.97900, 0.95540, 0.96270
0.96230, 0.97280, 0.94630, 0.95870
0.95720, 0.98050, 0.95420, 0.97650
0.97340, 0.99290, 0.96630, 0.98230
0.98220, 0.99710, 0.95470, 0.95850
0.96070, 0.98130, 0.95870, 0.98080
0.97820, 0.99980, 0.97600, 0.99220
0.99150, 1.00540, 0.98480, 1.00280
1.00200, 1.00660, 0.97250, 0.97340
0.97470, 0.99150, 0.97250, 0.97930
0.98330, 0.98510, 0.95570, 0.96830
0.96800, 0.97220, 0.94960, 0.96170
0.96080, 0.96460, 0.92990, 0.93370
0.93460, 0.97080, 0.93190, 0.96710
0.96850, 0.97830, 0.96050, 0.96320
0.96230, 0.96870, 0.95190, 0.95810
0.95560, 0.96220, 0.93900, 0.94190
0.94100, 0.95930, 0.93270, 0.95430
0.95740, 0.97740, 0.95230, 0.97300
0.97430, 0.97450, 0.94340, 0.94420
0.94320, 0.95050, 0.92260, 0.92800
0.92770, 0.93310, 0.92010, 0.92390
0.92510, 0.93700, 0.92340, 0.92970
0.92960, 0.93160, 0.89210, 0.90020
0.90010, 0.92140, 0.89780, 0.91970
0.92010, 0.93400, 0.91260, 0.92350
0.92350, 0.92960, 0.90570, 0.90610
0.90690, 0.91050, 0.88950, 0.89180
0.89220, 0.90090, 0.87800, 0.88570
0.88530, 0.88730, 0.86250, 0.86490
0.86510, 0.87980, 0.85530, 0.87790
0.87830, 0.89460, 0.87070, 0.89220
0.89280, 0.89390, 0.87470, 0.87710
0.87770, 0.88920, 0.84640, 0.85140
0.84840, 0.85460, 0.83290, 0.83360
0.83420, 0.84460, 0.83260, 0.84270
0.84300, 0.85510, 0.83470, 0.84690
0.84890, 0.85160, 0.83060, 0.83270
0.83200, 0.85260, 0.82750, 0.84740
0.84800, 0.85190, 0.83560, 0.83560
0.83720, 0.83980, 0.80800, 0.81460
0.81550, 0.82780, 0.80810, 0.81940
0.82010, 0.82010, 0.78460, 0.78530
0.78570, 0.79520, 0.75780, 0.76680
0.76680, 0.77860, 0.70660, 0.77800
0.77810, 0.80170, 0.77680, 0.78470
0.78540, 0.81570, 0.78350, 0.80600
0.80660, 0.82400, 0.77100, 0.78800
0.78800, 0.88630, 0.78210, 0.88350
0.88470, 0.89270, 0.86470, 0.87530
0.87680, 0.91820, 0.87680, 0.90470
0.90450, 0.91430, 0.89180, 0.90770
0.90990, 0.93140, 0.90770, 0.92720
0.92700, 0.92720, 0.89030, 0.89090
0.89170, 0.90830, 0.88050, 0.88190
0.88460, 0.88770, 0.85670, 0.86290
0.86290, 0.89590, 0.86110, 0.88440
0.88710, 0.91510, 0.88670, 0.89980
0.89810, 0.92360, 0.89610, 0.91620
0.91700, 0.93300, 0.91070, 0.92950
0.92760, 0.93060, 0.90650, 0.92100
0.92060, 0.92960, 0.91650, 0.92270
0.92510, 0.95470, 0.92470, 0.93590
0.93620, 0.94000, 0.92430, 0.93630
0.93710, 0.94700, 0.93200, 0.93870
0.93850, 0.95780, 0.93030, 0.95510
0.95730, 0.95950, 0.94060, 0.95170
0.95490, 0.95750, 0.93060, 0.93430
0.93740, 0.93800, 0.91100, 0.91200
0.91160, 0.92490, 0.91140, 0.91780
0.92010, 0.92630, 0.90890, 0.91650
0.91480, 0.93000, 0.91030, 0.91990
0.91730, 0.91790, 0.89300, 0.89580
0.89460, 0.91490, 0.89360, 0.91380
0.91430, 0.92060, 0.90710, 0.91860
0.91970, 0.93350, 0.91400, 0.91530
0.91560, 0.91780, 0.90670, 0.90780
0.90760, 0.91360, 0.90090, 0.90190
0.90080, 0.92220, 0.90010, 0.91660
0.91640, 0.92160, 0.90910, 0.91930
0.92010, 0.92520, 0.90830, 0.90840
0.91110, 0.91720, 0.90520, 0.90620
0.90730, 0.91840, 0.90420, 0.91800
0.92270, 0.93060, 0.91950, 0.92970
0.93060, 0.95000, 0.92960, 0.93940
0.94060, 0.96100, 0.93670, 0.95890
0.95590, 0.97710, 0.95290, 0.96570
0.96700, 0.96960, 0.95140, 0.95930
0.95010, 0.96500, 0.94750, 0.94960
0.94550, 0.95920, 0.94210, 0.95500
0.95680, 0.96780, 0.94630, 0.94790
0.94720, 0.97940, 0.94720, 0.97690
0.97900, 0.98730, 0.97370, 0.98030
0.97880, 0.98870, 0.97470, 0.98760
0.99060, 0.99710, 0.96950, 0.97480
0.97630, 0.98970, 0.96910, 0.97000
0.96910, 0.98080, 0.96550, 0.97700
0.97710, 0.97970, 0.96950, 0.97370
0.97340, 0.97660, 0.95370, 0.95950
0.95990, 0.96330, 0.95010, 0.95440
0.95420, 0.96060, 0.94320, 0.94400
0.94390, 0.94820, 0.92370, 0.92680
0.92640, 0.93540, 0.92440, 0.93290
0.93280, 0.94160, 0.93230, 0.93960
0.94030, 0.94360, 0.92740, 0.92920
0.92980, 0.94300, 0.92960, 0.93310
0.93270, 0.93700, 0.92130, 0.92800
0.92800, 0.93850, 0.92470, 0.93450
0.93520, 0.94130, 0.92750, 0.94020
0.94120, 0.94970, 0.93790, 0.94830
0.94820, 0.95110, 0.94020, 0.94530
0.94550, 0.94570, 0.92640, 0.92780
0.92790, 0.93390, 0.92440, 0.92800
0.92720, 0.93810, 0.92390, 0.93450
0.93630, 0.93680, 0.91650, 0.91750
0.91660, 0.91930, 0.90820, 0.91510
0.91620, 0.91800, 0.90940, 0.91340
0.91330, 0.93010, 0.90900, 0.92440
0.92420, 0.92850, 0.91090, 0.91330
0.91370, 0.93870, 0.91180, 0.93390
0.93460, 0.93480, 0.92200, 0.92600
0.92720, 0.92910, 0.90200, 0.90740
0.90820, 0.91990, 0.90550, 0.91720
0.91740, 0.92440, 0.91480, 0.92160
0.92250, 0.93310, 0.91830, 0.92940
0.93060, 0.94610, 0.92300, 0.94300
0.94220, 0.95510, 0.93920, 0.95140
0.95220, 0.95650, 0.93770, 0.93850
0.94420, 0.94900, 0.93950, 0.94050
0.94100, 0.95520, 0.93520, 0.94930
0.94980, 0.95250, 0.93110, 0.93440
0.93380, 0.93650, 0.92630, 0.92710
0.92730, 0.93410, 0.92050, 0.93350
0.93240, 0.94970, 0.93130, 0.94260
0.94080, 0.94290, 0.92450, 0.93510
0.93510, 0.96270, 0.93310, 0.95690
0.95820, 0.97600, 0.95190, 0.97230
0.96940, 0.98370, 0.95890, 0.96120
0.96160, 0.97890, 0.95100, 0.95500
0.95730, 0.96230, 0.92250, 0.93580
0.93680, 0.94170, 0.91290, 0.92090
0.92180, 0.93670, 0.91740, 0.93430
0.93610, 0.94860, 0.93110, 0.94460
0.94470, 0.96590, 0.94380, 0.96380
0.96570, 0.97490, 0.94040, 0.94630
0.94600, 0.95330, 0.93550, 0.94080
0.94120, 0.94120, 0.92610, 0.92830
0.92840, 0.93880, 0.92270, 0.92920
0.92890, 0.93310, 0.91720, 0.92210
0.92220, 0.93950, 0.92150, 0.92630
0.92600, 0.92880, 0.91450, 0.92160
0.92080, 0.93300, 0.91690, 0.92940
0.93110, 0.94540, 0.93090, 0.93740
0.93810, 0.93900, 0.92700, 0.92910
0.92440, 0.92780, 0.90870, 0.91020
0.90970, 0.91360, 0.90190, 0.90560
0.90620, 0.90800, 0.89660, 0.90690
0.90650, 0.91300, 0.90140, 0.91170
0.90940, 0.91760, 0.90030, 0.90170
0.90160, 0.90430, 0.88890, 0.89270
0.89220, 0.91360, 0.89200, 0.91210
0.91220, 0.92480, 0.90890, 0.92120
0.92210, 0.92300, 0.91230, 0.91470
0.91470, 0.91900, 0.90650, 0.90650
0.90640, 0.91300, 0.90220, 0.90600
0.90590, 0.91090, 0.89110, 0.89180
0.89150, 0.89330, 0.88380, 0.88910
0.88930, 0.90000, 0.88310, 0.89590
0.89570, 0.89710, 0.87980, 0.89140
0.89050, 0.90560, 0.88580, 0.90530
0.90440, 0.91250, 0.90030, 0.90260
0.90210, 0.91180, 0.89850, 0.90990
0.91070, 0.91550, 0.89010, 0.89400
0.89410, 0.90780, 0.89300, 0.90600
0.90640, 0.90800, 0.89580, 0.89800
0.89840, 0.90360, 0.89020, 0.89250
0.89160, 0.89270, 0.88550, 0.88770
0.88720, 0.89290, 0.87760, 0.87970
0.87830, 0.88940, 0.87550, 0.87770
0.87770, 0.88030, 0.86970, 0.87210
0.87260, 0.88670, 0.87120, 0.88280
0.88240, 0.88970, 0.87850, 0.88670
0.88680, 0.89510, 0.88130, 0.89180
0.89180, 0.89220, 0.87420, 0.87580
0.87680, 0.88350, 0.87630, 0.88330
0.88290, 0.88600, 0.88000, 0.88140
0.88070, 0.88490, 0.87690, 0.87790
0.87750, 0.88710, 0.87020, 0.88620
0.88650, 0.89580, 0.88570, 0.89250
0.89210, 0.89700, 0.88960, 0.89550
0.89570, 0.89880, 0.89310, 0.89520
0.89510, 0.90350, 0.89060, 0.89340
0.89310, 0.90100, 0.89180, 0.89990
0.89970, 0.90110, 0.89090, 0.89490
0.89510, 0.89660, 0.89050, 0.89060
0.89070, 0.89500, 0.88540, 0.89420
0.89430, 0.89570, 0.89010, 0.89190
0.89180, 0.90020, 0.88970, 0.89820
0.89750, 0.90500, 0.89700, 0.90460
0.90450, 0.91060, 0.90330, 0.90550
0.90570, 0.91130, 0.90310, 0.90530
0.90570, 0.91020, 0.90220, 0.90230
0.90270, 0.91520, 0.90230, 0.91370
0.91700, 0.91840, 0.91240, 0.91820
0.91890, 0.93340, 0.91740, 0.93090
0.93080, 0.93940, 0.93060, 0.93310
0.93220, 0.94310, 0.92990, 0.94080
0.94060, 0.95190, 0.93510, 0.95130
0.95160, 0.96820, 0.94870, 0.96710
0.96830, 0.96840, 0.94670, 0.95690
0.95680, 0.95750, 0.93590, 0.94620
0.94670, 0.95580, 0.93960, 0.95170
0.95160, 0.96610, 0.94400, 0.96240
0.96430, 0.97400, 0.95780, 0.96600
0.96470, 0.96990, 0.95720, 0.95900
0.95850, 0.97070, 0.95290, 0.96970
0.97230, 0.97250, 0.95930, 0.96540
0.96630, 0.97980, 0.96140, 0.97850
0.97860, 0.98160, 0.96170, 0.96370
0.96300, 0.98460, 0.95520, 0.98380
0.98370, 0.98850, 0.98030, 0.98750
0.98710, 1.00180, 0.98410, 1.00140
1.00870, 1.02150, 1.00310, 1.01390
1.01310, 1.02380, 0.83650, 0.85930
0.86050, 0.88350, 0.84970, 0.88090
0.88000, 0.92860, 0.87600, 0.92050
0.92480, 0.93430, 0.91730, 0.92620
0.92590, 0.93340, 0.91920, 0.93210
0.93140, 0.95320, 0.92800, 0.93750
0.94070, 0.95440, 0.93850, 0.95350
0.95320, 0.98630, 0.95300, 0.98570
0.98620, 1.01250, 0.98210, 1.00510
1.00460, 1.00880, 0.96250, 0.97530
0.97390, 0.98080, 0.94890, 0.96150
0.96180, 0.97550, 0.94790, 0.95200
0.95180, 0.98350, 0.94980, 0.97920
0.98110, 0.98610, 0.94920, 0.95190
0.95100, 0.97170, 0.94980, 0.95350
0.95460, 0.95970, 0.92750, 0.93260
0.93400, 0.94120, 0.90700, 0.93140
0.93180, 0.93570, 0.90770, 0.91570
0.91570, 0.94550, 0.91510, 0.94270
0.94330, 0.95420, 0.93470, 0.94010
0.94010, 0.95000, 0.92760, 0.93930
0.93930, 0.94280, 0.92320, 0.92830
0.93010, 0.93830, 0.91490, 0.91790
0.91670, 0.94140, 0.91550, 0.93300
0.93790, 0.95020, 0.92420, 0.94040
0.94340, 0.95140, 0.93280, 0.93850
0.94110, 0.96170, 0.93660, 0.96160
0.96130, 0.96480, 0.95240, 0.96220
0.96230, 0.97170, 0.95290, 0.96500
0.96640, 0.98820, 0.96410, 0.98360
0.98190, 0.99010, 0.96750, 0.97600
0.97630, 0.97970, 0.94590, 0.94620
0.94640, 0.96700, 0.92580, 0.96280
0.96240, 0.97690, 0.95670, 0.97250
0.97150, 0.98220, 0.96800, 0.96880
0.96900, 0.97620, 0.95260, 0.96850
0.96960, 0.98420, 0.96410, 0.97880
0.97840, 0.98140, 0.96430, 0.97140
0.97130, 0.97660, 0.95850, 0.96160
0.96120, 0.96450, 0.94750, 0.95360
0.95270, 0.97990, 0.94920, 0.97860
0.97930, 0.99560, 0.97550, 0.98750
0.98540, 1.00750, 0.98340, 1.00560
1.00490, 1.00930, 0.99880, 1.00580
1.00660, 1.02190, 1.00420, 1.01830
1.01940, 1.03260, 1.01420, 1.02950
1.02990, 1.03180, 0.98730, 0.99630
0.99740, 1.00300, 0.98020, 0.98250
0.98340, 0.99890, 0.97840, 0.99190
0.99310, 0.99670, 0.98510, 0.98700
0.98680, 0.99410, 0.98560, 0.99220
1.00080, 1.01230, 0.99210, 0.99460
0.99490, 1.01050, 0.98790, 1.00140
1.00080, 1.01640, 0.99880, 1.01620
1.01580, 1.02540, 1.01090, 1.02310
1.02210, 1.02480, 0.98820, 0.99060
0.99180, 0.99710, 0.96590, 0.97660
0.97780, 0.99670, 0.97670, 0.98950
0.98930, 1.00020, 0.98510, 0.99660
0.99780, 1.00360, 0.98770, 0.99300
0.99310, 1.00910, 0.98010, 0.98250
0.98270, 0.99120, 0.96490, 0.96920
0.96940, 0.97850, 0.96730, 0.97730
0.97660, 0.97840, 0.95540, 0.95790
0.95850, 0.96200, 0.95200, 0.95360
0.95300, 0.96860, 0.94970, 0.96780
0.96540, 0.97950, 0.95830, 0.97850
0.97910, 0.97910, 0.95660, 0.95920
0.95800, 0.97280, 0.94420, 0.97240
0.97220, 0.97730, 0.96620, 0.97550
0.97500, 0.99250, 0.97460, 0.99010
0.99080, 0.99470, 0.98700, 0.99460
0.99410, 0.99540, 0.97520, 0.97560
0.97690, 0.97740, 0.95760, 0.96420
0.96380, 0.96850, 0.95700, 0.95960
0.96150, 0.98020, 0.95200, 0.97220
0.97470, 0.98360, 0.97050, 0.97260
0.97370, 0.98640, 0.96830, 0.98300
0.98170, 0.98930, 0.97620, 0.98210
0.98190, 0.99050, 0.98090, 0.98670
0.98760, 0.99480, 0.96340, 0.96940
0.96930, 0.98290, 0.96320, 0.98060
0.97960, 0.98420, 0.97060, 0.97460
0.97410, 0.97570, 0.95360, 0.96000
0.96130, 0.97910, 0.95920, 0.97800
0.97830, 0.98830, 0.97370, 0.98000
0.98020, 0.98120, 0.96480, 0.97530
0.97500, 0.98160, 0.96890, 0.98000
0.98020, 0.98170, 0.96580, 0.97010
0.96980, 0.97610, 0.96380, 0.97120
0.97120, 0.98390, 0.96882, 0.97731
0.97773, 0.99095, 0.97662, 0.99015
0.98975, 0.99618, 0.98422, 0.99316
0.99409, 0.99986, 0.98579, 0.98739
0.98757, 0.99073, 0.96743, 0.96760
0.97627, 0.98967, 0.95492, 0.98743
0.98896, 1.01231, 0.98815, 1.00988
1.00999, 1.01917, 1.00675, 1.01340
1.01201, 1.02050, 1.00698, 1.01001
1.01027, 1.02135, 1.00200, 1.01673
1.01736, 1.03436, 1.00832, 1.02624
1.02583, 1.03203, 1.02179, 1.02617
1.02550, 1.03212, 1.00492, 1.01777
1.01965, 1.03352, 1.00866, 1.01757
1.01724, 1.02481, 1.00407, 1.00848
1.00952, 1.01363, 0.99959, 1.00140
1.00082, 1.00274, 0.99564, 0.99898
0.99578, 1.00444, 0.98609, 0.99207
0.99177, 1.00620, 0.99031, 1.00215
1.00303, 1.01185, 0.99661, 1.00226
1.00224, 1.01409, 1.00113, 1.00737
1.00688, 1.01461, 1.00089, 1.00730
1.00799, 1.01704, 1.00727, 1.01067
1.00983, 1.01166, 0.99422, 0.99797
0.99755, 1.00020, 0.98815, 0.99121
0.98842, 1.00298, 0.98133, 1.00276
1.00204, 1.00962, 1.00075, 1.00890
1.00901, 1.01074, 1.00083, 1.00491
1.00349, 1.00571, 0.99404, 0.99568
0.99028, 0.99803, 0.98934, 0.99461
0.99351, 0.99652, 0.98583, 0.98682
0.98765, 1.00997, 0.98717, 1.00102
0.99985, 1.00191, 0.97245, 0.97249
0.97354, 0.97764, 0.96916, 0.97408
0.97492, 0.98079, 0.96220, 0.96225
0.96348, 0.97277, 0.96135, 0.96921
0.96814, 0.97703, 0.96406, 0.97370
0.97294, 0.97660, 0.96754, 0.96918
0.96890, 0.97381, 0.95525, 0.95826
0.95794, 0.96881, 0.95687, 0.96390
0.96328, 0.97004, 0.96022, 0.96338
0.96307, 0.96583, 0.94382, 0.94569
0.94509, 0.97267, 0.94453, 0.96845
0.96863, 0.97641, 0.96310, 0.97265
0.97201, 0.97728, 0.95835, 0.96185
0.96178, 0.97655, 0.95860, 0.96499
0.96457, 0.96975, 0.95501, 0.95662
0.95444, 0.96805, 0.94281, 0.96462
0.95928, 0.96174, 0.94201, 0.94398
0.94635, 0.97047, 0.94609, 0.95932
0.96075, 0.97474, 0.95801, 0.96918
0.97073, 0.97695, 0.96420, 0.96769
0.96797, 0.98362, 0.96752, 0.97745
0.97724, 0.98073, 0.97047, 0.97431
0.97395, 0.98523, 0.97296, 0.98426
0.98468, 1.00381, 0.98306, 0.99740
0.99749, 1.00372, 0.99382, 1.00039
0.99832, 1.00289, 0.99215, 0.99598
0.99537, 0.99868, 0.98460, 0.98855
0.98831, 0.99464, 0.97833, 0.97878
0.97841, 0.98821, 0.97346, 0.97579
0.98110, 0.99774, 0.97922, 0.99249
0.99319, 0.99357, 0.98397, 0.99032
0.98875, 0.99166, 0.98282, 0.98885
0.98903, 0.99155, 0.97337, 0.97437
0.97320, 0.97972, 0.96993, 0.97442
0.97491, 0.98452, 0.96653, 0.96697
0.96786, 0.96846, 0.95352, 0.96381
0.96078, 0.96395, 0.92889, 0.93338
0.93385, 0.93930, 0.92552, 0.93089
0.93233, 0.94697, 0.92870, 0.93923
0.93931, 0.94056, 0.91872, 0.92705
0.92726, 0.94088, 0.92623, 0.93595
0.93572, 0.94903, 0.93253, 0.93767
0.93483, 0.95342, 0.93452, 0.95118
0.95105, 0.95475, 0.94239, 0.95192
0.95242, 0.95693, 0.94446, 0.94723
0.94673, 0.95833, 0.94331, 0.95338
0.95260, 0.96495, 0.95260, 0.95902
0.95814, 0.96465, 0.95343, 0.96183
0.96175, 0.97595, 0.95773, 0.97466
0.97426, 0.99201, 0.97378, 0.98789
0.98757, 1.00224, 0.98714, 0.99976
0.99989, 1.00561, 0.99762, 1.00020
0.99955, 1.00413, 0.99501, 0.99746
0.99662, 1.00012, 0.98855, 0.98971
0.99106, 0.99830, 0.98261, 0.98776
0.98812, 0.98943, 0.97883, 0.98493
0.98347, 0.99882, 0.98253, 0.99755
0.99560, 0.99902, 0.98732, 0.98762
0.98766, 0.99922, 0.98555, 0.98999
0.99066, 0.99657, 0.98841, 0.99010
0.98939, 1.00679, 0.98577, 1.00158
1.00117, 1.00432, 0.99156, 0.99253
0.99180, 0.99780, 0.99008, 0.99479
0.99401, 0.99650, 0.98670, 0.99438
0.99393, 0.99847, 0.98946, 0.99526
0.99455, 0.99824, 0.99009, 0.99546
0.99474, 0.99682, 0.98078, 0.98335
0.98239, 0.98458, 0.96519, 0.96872
0.96934, 0.97672, 0.96416, 0.96906
0.96838, 0.97587, 0.96345, 0.96723
0.96733, 0.96999, 0.95421, 0.95781
0.95885, 0.98195, 0.95762, 0.98168
0.98033, 0.99551, 0.97978, 0.99202
0.99203, 0.99556, 0.98565, 0.99135
0.98975, 0.99775, 0.98479, 0.99607
0.99493, 1.00264, 0.99376, 0.99696
0.99674, 1.00946, 0.99643, 1.00286
1.00261, 1.00856, 0.99525, 1.00528
1.00467, 1.01285, 0.99912, 0.99933
0.99895, 1.00070, 0.99088, 0.99695
0.99642, 1.00059, 0.99175, 0.99878
0.99850, 1.00083, 0.98897, 0.98969
0.99006, 0.99890, 0.98627, 0.99797
0.99514, 0.99853, 0.98406, 0.99477
0.99476, 0.99634, 0.97897, 0.98392
0.98321, 0.99201, 0.98097, 0.98611
0.98594, 0.98704, 0.97160, 0.98384
0.98421, 0.99589, 0.98003, 0.99530
0.99417, 0.99899, 0.99219, 0.99311
0.99252, 0.99949, 0.99053, 0.99546
0.99404, 1.00287, 0.99384, 1.00005
0.99977, 1.01490, 0.99717, 1.00497
1.00448, 1.00606, 0.99813, 1.00035
0.99920, 1.00195, 0.99262, 0.99894
0.99753, 1.01241, 0.99746, 1.00795
1.00747, 1.01195, 1.00106, 1.00196
1.00205, 1.00250, 0.98944, 0.99287
0.99366, 0.99743, 0.99052, 0.99507
0.99457, 1.00123, 0.99302, 1.00012
0.99934, 1.00462, 0.99778, 1.00252
1.00200, 1.01593, 1.00090, 1.01405
1.01313, 1.02364, 1.01313, 1.01957
1.01898, 1.02153, 1.01267, 1.01638
1.01548, 1.02261, 1.01009, 1.01158
1.01072, 1.01214, 1.00499, 1.01093
1.01015, 1.01209, 1.00084, 1.00166
1.00120, 1.00980, 1.00008, 1.00050
1.00066, 1.00173, 0.98540, 0.98765
0.98922, 0.99951, 0.98830, 0.99841
0.99810, 1.00146, 0.97561, 0.97612
0.97607, 0.98140, 0.96938, 0.97621
0.97890, 0.99319, 0.97798, 0.99158
0.99120, 0.99513, 0.98361, 0.98406
0.98406, 0.99077, 0.98054, 0.98162
0.98258, 0.99460, 0.98038, 0.99335
0.99318, 0.99753, 0.98144, 0.98230
0.98317, 0.98339, 0.96919, 0.97246
0.97275, 0.98093, 0.96595, 0.97853
0.97795, 0.98771, 0.97355, 0.97472
0.97218, 0.99177, 0.97130, 0.98967
0.98962, 0.99288, 0.97969, 0.98749
0.98713, 0.99465, 0.98541, 0.99008
0.98751, 0.99835, 0.98648, 0.99079
0.99154, 0.99490, 0.98436, 0.99092
0.99104, 1.00278, 0.99033, 0.99516
0.99469, 0.99904, 0.99047, 0.99655
0.99696, 0.99959, 0.98404, 0.98404
0.98447, 0.99548, 0.98403, 0.99437
0.99428, 0.99702, 0.98491, 0.98493
0.98501, 0.99786, 0.98501, 0.99703
0.99610, 0.99771, 0.98701, 0.98945
0.98870, 0.99802, 0.98682, 0.99714
0.99783, 1.00233, 0.99598, 0.99954
0.99973, 1.00084, 0.98549, 0.99007
0.99054, 0.99101, 0.98054, 0.98394
0.98295, 0.98467, 0.97703, 0.98269
0.98158, 0.98313, 0.97298, 0.97416
0.97381, 0.97539, 0.96461, 0.97211
0.97062, 0.97621, 0.96648, 0.97269
0.97193, 0.97362, 0.96129, 0.96760
0.96707, 0.97289, 0.96610, 0.97104
0.96990, 0.97664, 0.96289, 0.96323
0.96360, 0.97812, 0.96284, 0.97745
0.97697, 0.98222, 0.97409, 0.98196
0.98114, 0.98485, 0.97707, 0.97814
0.97945, 0.98158, 0.96098, 0.96515
0.96292, 0.96550, 0.93180, 0.93711
0.93179, 0.95692, 0.91765, 0.94984
0.94519, 0.99008, 0.93918, 0.98469
0.98403, 0.99008, 0.95028, 0.95134
0.95300, 0.97956, 0.95016, 0.97569
0.97651, 0.97973, 0.96384, 0.96503
0.96494, 0.97238, 0.95926, 0.96655
0.96700, 0.98027, 0.96553, 0.97261
0.97219, 0.98001, 0.95884, 0.96109
0.96122, 0.97843, 0.96122, 0.97051
0.97175, 0.97554, 0.96647, 0.97150
0.97154, 0.97609, 0.96380, 0.97115
0.97115, 0.97362, 0.96017, 0.96125
0.96134, 0.96505, 0.95418, 0.96227
0.96195, 0.96394, 0.93762, 0.95220
0.95296, 0.95460, 0.94626, 0.95213
0.95122, 0.95259, 0.94192, 0.94797
0.94746, 0.95318, 0.94257, 0.94401
0.94493, 0.94535, 0.93611, 0.94099
0.94029, 0.94670, 0.93693, 0.93850
0.93954, 0.94093, 0.92012, 0.92034
0.92086, 0.92293, 0.90554, 0.91329
0.91328, 0.92411, 0.90495, 0.91226
0.91222, 0.91970, 0.90813, 0.90884
0.90869, 0.91607, 0.90088, 0.91138
0.91160, 0.91271, 0.90231, 0.90398
0.90452, 0.91625, 0.89977, 0.91327
0.91284, 0.91995, 0.90478, 0.90875
0.90848, 0.91384, 0.90504, 0.91114
0.91022, 0.92954, 0.90858, 0.92880
0.92785, 0.92945, 0.91615, 0.92016
0.91890, 0.91982, 0.90909, 0.90937
0.91055, 0.91618, 0.90841, 0.91492
0.91420, 0.91645, 0.90296, 0.90365
0.90411, 0.91719, 0.90372, 0.91634
0.91619, 0.92067, 0.89814, 0.90007
0.89869, 0.91911, 0.89829, 0.91245
0.91247, 0.91506, 0.90873, 0.91102
0.91111, 0.91471, 0.90396, 0.90429
0.90403, 0.90923, 0.88847, 0.89172
0.89061, 0.89458, 0.88502, 0.88944
0.88835, 0.88947, 0.88214, 0.88261
0.88455, 0.89183, 0.88410, 0.89149
0.88913, 0.89179, 0.87925, 0.88494
0.88354, 0.88838, 0.87567, 0.88505
0.88549, 0.89195, 0.88443, 0.89123
0.89041, 0.89250, 0.88373, 0.88497
0.88536, 0.89178, 0.88470, 0.89054
0.88986, 0.90449, 0.88961, 0.89879
0.89897, 0.90189, 0.88895, 0.89173
0.89121, 0.89947, 0.88704, 0.89645
0.89579, 0.91010, 0.89476, 0.90834
0.90821, 0.93182, 0.90700, 0.93081
0.92856, 0.93747, 0.92336, 0.92938
0.92872, 0.93191, 0.92127, 0.92811
0.92962, 0.94171, 0.92216, 0.93860
0.93871, 0.94719, 0.93694, 0.94183
0.94260, 0.94379, 0.92313, 0.92427
0.92453, 0.92677, 0.91784, 0.91964
0.91938, 0.92143, 0.91268, 0.91337
0.91303, 0.91806, 0.90792, 0.91304
0.91215, 0.91636, 0.90029, 0.90034
0.90087, 0.90930, 0.89848, 0.90119
0.90157, 0.90468, 0.89529, 0.89763
0.89790, 0.90288, 0.89293, 0.89976
0.89871, 0.90529, 0.89460, 0.89903
0.89907, 0.90093, 0.89254, 0.89765
0.89798, 0.92378, 0.89646, 0.92279
0.92200, 0.92360, 0.91415, 0.91657
0.91778, 0.92737, 0.91625, 0.92039
0.92086, 0.92668, 0.91327, 0.91372
0.91393, 0.92030, 0.91169, 0.91924
0.91876, 0.92319, 0.91539, 0.91933
0.91958, 0.92014, 0.90385, 0.90505
0.90488, 0.91553, 0.90176, 0.91491
0.91406, 0.92413, 0.91405, 0.91511
0.91579, 0.92060, 0.90990, 0.91678
0.91644, 0.91988, 0.91052, 0.91095
0.91083, 0.91884, 0.91004, 0.91384
0.91282, 0.92337, 0.91209, 0.91800
0.91780, 0.93239, 0.91628, 0.93212
0.93170, 0.93318, 0.92143, 0.92426
0.92377, 0.93674, 0.92362, 0.93036
0.92978, 0.93102, 0.92295, 0.92703
0.92683, 0.93124, 0.91935, 0.92283
0.92300, 0.92723, 0.91503, 0.91594
0.91605, 0.92251, 0.91015, 0.91498
0.91539, 0.91742, 0.90841, 0.91191
0.91255, 0.92370, 0.91010, 0.92091
0.92077, 0.93287, 0.91862, 0.92851
0.92761, 0.93727, 0.92140, 0.92209
0.92298, 0.92718, 0.91565, 0.91765
0.91717, 0.92745, 0.91717, 0.92057
0.92097, 0.92933, 0.91736, 0.92411
0.92384, 0.92533, 0.91651, 0.91831
0.91800, 0.92006, 0.91011, 0.91107
0.91019, 0.92314, 0.91019, 0.91833
0.91866, 0.92771, 0.90908, 0.91372
0.91217, 0.91803, 0.91071, 0.91195
0.91136, 0.93371, 0.91082, 0.93090
0.93042, 0.93422, 0.91761, 0.92546
0.92481, 0.92963, 0.92207, 0.92410
0.92444, 0.92733, 0.91875, 0.92091
0.92096, 0.92881, 0.91492, 0.92528
0.92614, 0.92765, 0.91492, 0.91674
0.91686, 0.93490, 0.91668, 0.93475
0.93343, 0.94592, 0.93131, 0.93152
0.93162, 0.93747, 0.92593, 0.93044
0.93008, 0.93807, 0.91941, 0.92552
0.92512, 0.93728, 0.92365, 0.93399
0.93161, 0.94422, 0.92857, 0.94235
0.94150, 0.95919, 0.94132, 0.95652
0.95615, 0.97582, 0.95461, 0.97330
0.96923, 0.98913, 0.96909, 0.98840
0.98556, 1.00482, 0.98556, 1.00189
1.00049, 1.00635, 0.96928, 0.97438
0.97400, 0.97502, 0.95438, 0.95707
0.95496, 0.96578, 0.95480, 0.96271
0.96175, 0.98971, 0.96044, 0.98709
0.98745, 1.00484, 0.96182, 0.96933
0.96935, 0.97112, 0.95208, 0.95833
0.95589, 0.96408, 0.94942, 0.95941
0.95960, 0.97966, 0.95590, 0.97625
0.97583, 0.98850, 0.97542, 0.97615
0.97634, 0.97894, 0.95987, 0.96097
0.96080, 0.96668, 0.95007, 0.95118
0.95051, 0.96504, 0.94691, 0.96163
0.96112, 0.96340, 0.93695, 0.94128
0.94068, 0.95972, 0.94003, 0.95869
0.95702, 0.96913, 0.95702, 0.96567
0.96457, 0.98601, 0.96443, 0.98095
0.98107, 0.98687, 0.95463, 0.96049
0.95842, 0.96603, 0.94790, 0.96413
0.96212, 0.98494, 0.96162, 0.98121
0.98191, 0.99646, 0.97268, 0.98700
0.98337, 0.99526, 0.97797, 0.99432
0.99301, 1.00728, 0.99149, 1.00526
1.00295, 1.01469, 0.99182, 0.99764
0.99544, 1.00306, 0.98405, 0.99595
0.99564, 1.01462, 0.99098, 0.99337
0.99770, 0.99819, 0.93963, 0.94106
0.94140, 0.95561, 0.93552, 0.95458
0.95327, 0.95975, 0.93864, 0.94473
0.94589, 0.95464, 0.93254, 0.93665
0.93742, 0.94550, 0.93113, 0.93435
0.93247, 0.93789, 0.92129, 0.93382
0.93340, 0.93462, 0.92252, 0.93295
0.93197, 0.93297, 0.91995, 0.92471
0.92375, 0.94064, 0.92138, 0.92799
0.92695, 0.93608, 0.91660, 0.92625
0.92505, 0.92875, 0.90843, 0.92020
0.91835, 0.92784, 0.91574, 0.92100
0.92012, 0.92870, 0.90590, 0.92608
0.92747, 0.92898, 0.91595, 0.92362
0.92254, 0.93312, 0.91355, 0.92419
0.92445, 0.94116, 0.92197, 0.94088
0.93952, 0.94391, 0.93405, 0.93616
0.93582, 0.94374, 0.91736, 0.92127
0.91764, 0.93389, 0.90700, 0.92572
0.92562, 0.93159, 0.91183, 0.91907
0.91655, 0.92219, 0.91148, 0.91502
0.91366, 0.91951, 0.90029, 0.90395
0.90379, 0.91195, 0.88587, 0.89374
0.89398, 0.90019, 0.89066, 0.89202
0.89221, 0.89753, 0.88509, 0.89450
0.89129, 0.89940, 0.88193, 0.89039
0.88913, 0.89864, 0.88667, 0.89811
0.89535, 0.90615, 0.89187, 0.89920
0.89835, 0.90736, 0.89400, 0.90484
0.90454, 0.91465, 0.90133, 0.90880
0.90768, 0.91186, 0.89837, 0.90277
0.90137, 0.91080, 0.89006, 0.89368
0.89361, 0.90122, 0.89049, 0.89642
0.89561, 0.90156, 0.89109, 0.89482
0.89362, 0.90032, 0.88747, 0.88897
0.88758, 0.89170, 0.85653, 0.86174
0.86042, 0.86832, 0.85535, 0.86572
0.86427, 0.87353, 0.85515, 0.87037
0.86730, 0.88049, 0.86644, 0.87252
0.87132, 0.87819, 0.86889, 0.87638
0.87509, 0.87509, 0.87509, 0.87509