106.42800, 106.53400, 106.12300, 106.28100
106.20000, 106.45000, 105.65600, 105.91300
105.87500, 106.65600, 105.69100, 106.60700
106.60600, 106.84600, 105.99000, 106.77200
106.76800, 107.49000, 106.70900, 107.38200
107.40100, 107.45900, 106.77600, 106.94500
106.93900, 107.20100, 106.61400, 106.74200
106.75100, 107.39800, 106.61600, 107.20000
107.20000, 107.25000, 106.64900, 106.78500
106.78300, 107.42800, 106.69900, 107.34700
107.31400, 107.77800, 107.20300, 107.36600
107.48800, 107.60600, 107.03400, 107.11500
107.10900, 107.21200, 106.88200, 107.01700
106.99300, 107.38400, 106.98900, 107.22600
107.22400, 107.51500, 107.18100, 107.35700
107.36000, 107.85500, 107.35300, 107.63100
107.77600, 108.75200, 107.65800, 108.70200
108.69400, 109.19900, 108.54200, 108.81100
108.80800, 109.45200, 108.77500, 109.42200
109.41800, 109.46500, 109.06400, 109.29600
109.28900, 109.53600, 108.96900, 109.03700
109.05900, 109.45000, 109.01000, 109.32100
109.32900, 109.88600, 109.22800, 109.86000
109.85800, 110.03300, 109.59300, 109.84200
109.82800, 109.91700, 108.92800, 109.19200
109.18400, 109.27000, 108.64600, 109.05200
109.10700, 109.39500, 108.75600, 109.09100
109.08300, 109.34900, 108.82600, 109.13000
109.12100, 109.83100, 108.99400, 109.73800
109.73900, 110.01600, 109.31500, 109.38700
109.38400, 109.56700, 109.15100, 109.36400
109.32900, 109.66900, 109.20600, 109.64100
109.64600, 110.45200, 109.64600, 110.35100
110.34300, 110.40300, 110.03900, 110.40300
110.39200, 110.85600, 110.07100, 110.77400
110.75000, 111.07800, 110.60700, 110.74800
110.87200, 111.39400, 110.81800, 111.04200
111.03500, 111.18200, 110.79300, 110.89900
110.89200, 110.91600, 109.55400, 110.07600
110.07000, 110.08300, 108.95100, 109.24700
109.24300, 109.74000, 109.07500, 109.38900
109.73700, 109.82600, 109.23200, 109.41400
109.40800, 109.46600, 108.11000, 108.77600
108.75800, 109.07400, 108.35000, 108.90500
108.89300, 109.00200, 108.38400, 108.83000
108.81500, 109.73400, 108.72100, 109.51400
109.43300, 109.83700, 109.36900, 109.81500
109.80300, 110.00400, 109.47100, 109.80600
109.80200, 110.26500, 109.78600, 110.18200
110.18300, 110.21900, 109.47600, 109.70200
109.70200, 109.85100, 109.19800, 109.52200
109.28100, 110.11600, 109.24500, 110.03300
110.03300, 110.49100, 109.95300, 110.37100
110.37300, 110.84400, 110.27100, 110.34400
110.33200, 110.69200, 109.91700, 110.60700
110.64100, 110.90300, 110.38600, 110.65100
110.68800, 110.73900, 110.29800, 110.53900
110.53900, 110.57300, 109.54900, 110.06900
110.06600, 110.44900, 109.85300, 110.35400
110.35500, 110.75800, 109.84000, 109.96800
109.96700, 110.21700, 109.80100, 109.98100
109.85500, 110.03800, 109.36600, 109.74900
109.76600, 110.21800, 109.36900, 110.01000
110.01000, 110.48900, 109.68200, 110.26700
110.26500, 110.64700, 109.96600, 110.48500
110.48500, 110.94200, 110.37300, 110.68200
110.59200, 111.06100, 110.55400, 110.87700
110.87600, 111.13300, 110.50700, 110.57400
110.57200, 110.60500, 110.27700, 110.49500
110.47400, 110.72800, 110.28700, 110.66800
110.52900, 110.78500, 110.38000, 110.46100
110.33900, 110.90100, 110.33700, 110.83000
110.82900, 111.35200, 110.79100, 111.03700
110.91900, 112.17300, 110.76400, 111.98500
111.98500, 112.62500, 111.91500, 112.52700
112.52600, 112.79900, 112.27600, 112.33200
112.21400, 112.56200, 112.18700, 112.27400
112.27400, 112.92300, 112.22000, 112.87400
112.86800, 113.13600, 112.70700, 112.84100
112.84300, 113.17600, 112.05100, 112.47700
112.47700, 112.62200, 111.38100, 111.44800
111.37500, 111.54300, 110.75000, 111.35000
111.34700, 111.51200, 110.96000, 111.19800
111.19600, 111.38300, 110.65900, 110.96400
110.97200, 111.24700, 110.58700, 111.22900
111.22900, 111.24600, 110.79600, 111.00600
110.93500, 111.16400, 110.88900, 111.08000
111.07100, 111.95800, 110.74400, 111.85700
111.85500, 112.15000, 111.38700, 111.71900
111.71900, 111.73600, 111.31100, 111.64400
111.62600, 111.87900, 111.10000, 111.26400
111.20400, 111.52500, 111.15000, 111.40000
111.39800, 111.47700, 110.99100, 111.37600
111.37600, 111.43800, 110.83600, 110.94300
110.94300, 111.18300, 110.70600, 111.07000
111.07000, 111.16900, 110.50900, 110.93300
110.45400, 110.93800, 110.11000, 110.72500
110.72200, 111.31300, 110.58700, 111.15000
111.14500, 111.43000, 110.43200, 110.74000
110.74000, 111.12100, 110.45800, 110.89500
110.89400, 111.05100, 110.31400, 110.49800
110.58500, 110.68300, 110.01800, 110.07100
110.06300, 110.54400, 109.77300, 110.27000
110.25300, 110.61300, 110.02500, 110.55000
110.53900, 111.31400, 110.51900, 111.28800
111.25800, 111.48700, 111.10100, 111.26500
111.29900, 111.34600, 110.93500, 111.07200
111.06100, 111.35600, 110.95300, 111.19600
111.19600, 111.82600, 111.12100, 111.68400
111.68400, 111.75400, 110.95300, 111.02400
110.99600, 111.13600, 110.68400, 111.09200
111.09300, 111.18700, 110.84900, 111.10700
111.09500, 111.53200, 110.90000, 111.48000
111.47300, 111.75700, 111.32600, 111.52300
111.51700, 111.53000, 110.52100, 110.71700
110.73200, 111.24600, 110.37900, 111.04200
111.02900, 111.24700, 110.84900, 111.11600
111.11600, 111.64100, 111.06200, 111.59000
111.59000, 111.64800, 111.11300, 111.25700
111.25700, 111.99800, 111.15800, 111.93200
111.93000, 112.16800, 111.75300, 112.05700
112.02500, 112.12100, 111.76000, 111.85800
111.83200, 112.38800, 111.66300, 112.35900
112.34300, 112.44400, 112.16000, 112.29500
112.29500, 112.58300, 112.04100, 112.49500
112.48500, 112.87200, 112.42600, 112.51500
112.43300, 112.83700, 112.40600, 112.81000
112.81000, 112.98300, 112.74000, 112.97400
112.97400, 113.13500, 112.63100, 112.73500
112.73500, 113.46800, 112.56000, 113.40100
113.39600, 113.70600, 113.31200, 113.67400
113.73300, 114.06100, 113.69900, 113.97600
113.90600, 114.01600, 113.52700, 113.68000
113.60600, 114.53600, 113.52000, 114.52800
114.50500, 114.54900, 113.63300, 113.94000
113.91900, 114.10000, 113.55700, 113.71500
113.78500, 113.94100, 112.82100, 113.22700
113.20900, 113.39100, 112.87000, 112.94900
112.97800, 113.28500, 112.29100, 112.29900
112.27400, 112.53500, 111.83200, 112.17300
112.17300, 112.49600, 111.87800, 112.21600
112.13600, 112.23400, 111.62400, 111.76700
111.76500, 112.33700, 111.73100, 112.24700
112.27200, 112.67400, 112.01500, 112.66200
112.66500, 112.72800, 111.94600, 112.18100
112.18000, 112.64800, 112.14100, 112.53000
112.56900, 112.88400, 112.34800, 112.81800
112.80500, 112.83900, 111.95100, 112.44100
112.44100, 112.74200, 112.08900, 112.24300
112.24300, 112.67300, 111.81800, 112.40400
112.40800, 112.44600, 111.37600, 111.88000
111.86700, 112.56300, 111.77500, 112.35900
112.35600, 113.16100, 112.30100, 113.09300
113.08700, 113.38300, 112.80400, 112.95000
112.93200, 113.00100, 112.60400, 112.65600
112.65300, 113.32100, 112.55800, 113.17100
113.14700, 113.33600, 113.07400, 113.19400
113.19100, 113.50500, 113.10000, 113.44700
113.40000, 113.81700, 112.94600, 113.55100
113.47900, 114.08600, 113.45800, 114.04500
114.06200, 114.08200, 113.63700, 113.78600
113.80400, 114.20500, 113.65900, 113.82900
113.82400, 114.14400, 113.58000, 113.80200
113.79200, 114.00700, 113.29600, 113.62500
113.59600, 113.70500, 113.09600, 113.62100
113.61400, 113.63100, 112.64100, 112.80200
112.77400, 112.87300, 112.41800, 112.54700
112.54200, 112.84200, 112.30300, 112.74200
112.73100, 113.14700, 112.64400, 113.04500
113.03400, 113.20500, 112.88400, 112.93300
112.92900, 113.00900, 112.66000, 112.95200
112.86900, 113.65000, 112.86900, 113.59900
113.56400, 113.84200, 113.41300, 113.76700
113.76600, 114.03600, 113.43900, 113.68100
113.68100, 113.68100, 113.18600, 113.47200
113.47900, 113.71900, 113.29900, 113.47700
113.63100, 113.81900, 113.37300, 113.63300
113.64000, 113.65700, 112.57500, 112.77900
112.74400, 113.23900, 112.64800, 113.17800
113.17100, 113.20400, 112.23000, 112.67300
112.64500, 112.92600, 112.55200, 112.65800
112.59500, 113.36500, 112.23900, 113.31100
113.30100, 113.46400, 113.00700, 113.38300
113.37600, 113.51800, 113.13900, 113.26200
113.26700, 113.70800, 113.16900, 113.60500
113.60400, 113.67300, 113.20800, 113.38200
113.33800, 113.52000, 112.67900, 112.82400
112.82400, 112.85400, 112.24800, 112.52200
112.50200, 112.66300, 112.08700, 112.47700
112.47000, 112.60200, 110.81100, 111.28400
111.28000, 111.45900, 110.93200, 111.19800
110.91800, 111.18900, 110.26600, 110.42900
110.41700, 111.40700, 110.27800, 111.35900
111.35300, 111.35700, 110.45400, 110.98400
110.95700, 111.01000, 110.14300, 110.23900
110.21700, 110.47400, 109.64900, 109.65500
109.30900, 109.46200, 108.70600, 108.87600
108.87000, 108.89100, 104.50900, 107.63500
107.62900, 108.58800, 107.51100, 108.52000
108.49800, 108.74500, 108.01700, 108.70200
108.68900, 109.08600, 108.43900, 108.73100
108.70200, 109.00000, 107.97100, 108.12700
108.16200, 108.51700, 107.76800, 108.42300
108.41300, 108.59700, 108.14300, 108.54800
108.49900, 108.59300, 107.98500, 108.15500
108.14700, 108.76600, 108.13000, 108.69000
108.63200, 109.19500, 108.36900, 109.09100
109.08200, 109.40800, 108.68500, 109.23900
109.25100, 109.88900, 109.05500, 109.76800
109.64900, 109.76200, 109.47300, 109.65300
109.65000, 109.69400, 109.14500, 109.35800
109.34700, 109.99800, 109.32000, 109.61200
109.55900, 109.79800, 109.41900, 109.63200
109.63700, 109.94900, 109.45400, 109.54200
109.53500, 109.58400, 109.16000, 109.32600
109.31900, 109.54100, 109.12900, 109.36100
109.38100, 109.74300, 108.80900, 109.04200
109.03200, 109.06700, 108.49600, 108.85900
108.84100, 109.57900, 108.72300, 109.52400
109.50800, 110.16100, 109.43200, 109.90400
109.86300, 110.04000, 109.77600, 109.96200
109.95800, 110.05200, 109.55700, 109.97100
109.96300, 110.08600, 109.60400, 109.82000
109.78900, 109.89700, 109.64700, 109.73900
109.71900, 110.46800, 109.71900, 110.37700
110.35400, 110.65200, 110.33800, 110.48200
110.45700, 111.05400, 110.42000, 110.99900
110.99900, 111.12700, 110.45400, 110.48000
110.45900, 110.64400, 110.25500, 110.46000
110.43900, 110.65100, 110.43300, 110.59000
110.59000, 110.82300, 110.45100, 110.60000
110.61100, 110.94900, 110.52700, 110.84600
110.82900, 110.86100, 110.56200, 110.70500
110.68000, 110.90500, 110.55700, 110.66200
110.64900, 111.23300, 110.57600, 111.06100
111.05800, 111.07500, 110.42000, 110.57300
110.57700, 111.07300, 110.35300, 110.99100
110.98300, 111.49200, 110.65900, 111.38000
111.37400, 112.07500, 111.32300, 111.91300
111.85900, 112.01400, 111.63900, 111.74300
111.71600, 112.13500, 111.70800, 111.88000
111.85400, 111.92000, 111.61300, 111.76900
111.74900, 111.85700, 111.48100, 111.58200
111.58100, 111.65000, 110.75700, 111.15700
111.12500, 111.30700, 110.87700, 111.21200
111.20400, 111.46600, 111.10800, 111.34200
111.34000, 111.46300, 111.00500, 111.27400
111.27300, 111.83200, 111.14400, 111.65700
111.65100, 111.90200, 111.38300, 111.44400
111.47200, 111.62800, 111.29400, 111.43800
111.44000, 111.47500, 111.15700, 111.39700
111.39700, 111.69400, 110.53400, 110.67600
110.62700, 110.95800, 110.29700, 110.84700
110.85500, 110.89700, 109.74000, 109.88300
110.00500, 110.24000, 109.70700, 109.97800
109.97500, 110.69000, 109.95400, 110.61500
110.59000, 110.71200, 110.23400, 110.45100
110.44300, 110.83000, 110.01800, 110.64100
110.64600, 110.94800, 110.53200, 110.81800
111.01700, 111.44300, 110.80900, 111.34600
111.34100, 111.45400, 111.24700, 111.30400
111.32500, 111.57600, 111.20700, 111.48900
111.48300, 111.65400, 111.33400, 111.65400
111.63400, 111.82200, 111.53900, 111.69400
111.68500, 111.75100, 111.28100, 111.49400
111.45400, 111.57700, 110.97800, 111.14500
111.13400, 111.28000, 110.84000, 111.01100
110.99600, 111.69600, 110.89100, 111.65700
111.63600, 112.09300, 111.58500, 112.00600
111.99700, 112.09400, 111.89400, 112.03300
112.02800, 112.04400, 111.84500, 112.02100
111.97800, 112.16400, 111.92000, 112.07800
112.04500, 112.07400, 111.76300, 111.96800
111.93100, 112.00500, 111.89400, 111.90800
111.88200, 111.98900, 111.84600, 111.93200
111.93000, 112.03300, 111.65000, 111.86000
111.83700, 112.39900, 111.68000, 112.19200
112.17900, 112.23800, 111.36200, 111.61300
111.59000, 112.02000, 111.42700, 111.52500
111.52900, 111.89700, 111.52900, 111.63700
111.64300, 111.68900, 111.23400, 111.43200
111.40900, 111.61200, 111.04900, 111.37700
111.36900, 111.66400, 111.34800, 111.50600
111.47900, 111.68100, 111.06800, 111.07900
110.58600, 110.95800, 110.28100, 110.86100
110.74600, 110.85300, 110.16800, 110.24200
110.23400, 110.29300, 109.90300, 110.09600
110.08800, 110.11000, 109.47000, 109.75900
109.76700, 110.04900, 109.47400, 109.96600
109.74900, 109.83400, 109.01900, 109.30500
109.29600, 109.77100, 109.14300, 109.60100
109.59000, 109.70200, 109.15300, 109.58500
109.58000, 109.96600, 109.33400, 109.84100
109.83900, 110.19100, 109.49300, 110.04600
110.10400, 110.31600, 109.80700, 110.05800
110.05700, 110.67100, 110.00400, 110.48000
110.48400, 110.62400, 110.23900, 110.35200
110.34300, 110.36300, 109.45600, 109.59800
109.59600, 109.74400, 109.27200, 109.29200
109.27900, 109.58300, 109.27800, 109.51700
109.52800, 109.62800, 109.20900, 109.36700
109.35900, 109.69800, 109.14800, 109.58600
109.58900, 109.92500, 109.47100, 109.62200
109.61000, 109.62500, 108.27700, 108.27800
108.26900, 108.44500, 107.88200, 108.06200
108.05000, 108.35800, 107.84400, 108.14600
108.13900, 108.48400, 107.81300, 108.45200
108.45800, 108.56200, 108.02300, 108.38600
108.39400, 108.61600, 107.88100, 108.19200
108.46000, 108.71400, 108.31000, 108.44600
108.42400, 108.80000, 108.34800, 108.51500
108.51400, 108.56600, 108.21500, 108.50200
108.49800, 108.53600, 108.16300, 108.38800
108.34900, 108.58600, 108.15600, 108.54800
108.47900, 108.72200, 108.46800, 108.52600
108.53200, 108.67700, 108.05700, 108.44000
108.44400, 108.61600, 107.89900, 108.09800
108.08600, 108.14100, 107.21000, 107.30200
107.27200, 107.73400, 107.04700, 107.30200
107.29800, 107.53600, 107.24700, 107.29200
107.28800, 107.40800, 106.77800, 107.15800
107.14500, 107.84900, 107.10000, 107.77900
107.77700, 108.16000, 107.64700, 107.76500
107.76300, 107.93200, 107.56100, 107.91200
108.17800, 108.53200, 108.10100, 108.42700
108.42400, 108.47400, 107.76600, 107.91000
107.87200, 107.91500, 107.53200, 107.82300
107.79700, 107.84100, 107.69700, 107.81500
107.80200, 108.63700, 107.76800, 108.46000
108.40300, 108.80600, 108.27900, 108.72500
108.71700, 108.96200, 108.67700, 108.85200
108.84900, 108.98900, 108.34600, 108.45700
108.44700, 108.53200, 107.85800, 108.48800
108.48900, 108.60800, 107.80100, 107.89100
107.88900, 108.10900, 107.79700, 107.90100
107.90200, 108.37500, 107.81900, 108.23100
108.23900, 108.32600, 107.93500, 107.94100
107.94000, 108.01600, 107.20900, 107.29900
107.27400, 107.97600, 107.21500, 107.69700
107.70200, 108.06800, 107.69700, 107.86400
107.85200, 108.28800, 107.82500, 108.21700
108.19900, 108.27600, 107.93000, 108.17600
108.17900, 108.75500, 108.03100, 108.63000
108.63000, 108.82700, 108.56000, 108.66900
108.62400, 108.89900, 108.42000, 108.78100
108.77600, 108.94600, 108.45100, 108.59700
108.58900, 108.99700, 108.48700, 108.76300
108.75400, 109.31600, 107.25400, 107.33400
107.32500, 107.56700, 106.50700, 106.60100
106.52900, 106.68200, 105.78500, 105.94800
105.94300, 107.08800, 105.52000, 106.45700
106.45700, 106.47100, 105.49600, 106.27000
106.25400, 106.30100, 105.89200, 106.07000
106.07200, 106.08500, 105.26600, 105.65200
105.54700, 105.69100, 105.04900, 105.29500
105.27100, 106.97500, 105.06400, 106.74100
106.74300, 106.76600, 105.65100, 105.90900
105.90100, 106.77800, 105.70100, 106.11300
106.01900, 106.49400, 106.01300, 106.37600
106.24800, 106.69600, 106.24100, 106.62700
106.63000, 106.69000, 106.16100, 106.22900
106.22300, 106.64500, 106.21200, 106.60600
106.60400, 106.65200, 106.24900, 106.44300
106.42300, 106.73300, 105.25100, 105.38000
104.94400, 106.41300, 104.44800, 106.11700
106.11500, 106.15000, 105.58900, 105.75800
105.68900, 106.22700, 105.65000, 106.10600
106.09800, 106.68100, 105.82700, 106.50400
106.49900, 106.54300, 106.10400, 106.24100
106.00400, 106.39900, 105.91400, 106.17600
106.19900, 106.38400, 105.73700, 105.93900
105.92000, 106.44300, 105.82900, 106.40800
106.34900, 107.22800, 106.32300, 106.94800
106.86400, 107.10100, 106.62000, 106.89700
106.81700, 107.27400, 106.76100, 107.23100
107.23100, 107.58800, 107.18000, 107.53000
107.52800, 107.85600, 107.47900, 107.84400
107.79700, 108.18900, 107.52000, 108.10900
108.08100, 108.25800, 107.90200, 108.08300
107.52900, 108.16800, 107.49500, 108.14600
108.14800, 108.37000, 108.02100, 108.11100
108.10900, 108.47700, 108.08500, 108.44700
108.40800, 108.47300, 107.78500, 108.05100
107.99800, 108.08500, 107.52100, 107.55200
107.71500, 107.77000, 107.30900, 107.53600
107.52900, 107.80100, 106.96000, 107.07800
107.03800, 107.88300, 106.99900, 107.75900
107.73800, 107.95700, 107.42300, 107.83800
107.81900, 108.18100, 107.65500, 107.91400
107.95900, 108.17800, 107.74200, 108.06400
108.07000, 108.47100, 107.62500, 107.74700
107.74700, 107.89200, 107.04500, 107.17500
107.17300, 107.29700, 106.48200, 106.90100
106.89700, 107.13400, 106.54700, 106.90900
106.66100, 107.46400, 106.65200, 107.25500
107.23900, 107.44400, 106.80300, 107.08000
107.04900, 107.62800, 106.93200, 107.47500
107.47300, 108.01900, 107.03200, 107.94100
107.95500, 108.62900, 107.84500, 108.44200
108.35100, 108.52000, 108.03000, 108.39400
108.39200, 108.89800, 108.15400, 108.86000
108.84700, 108.86400, 108.55700, 108.75400
108.74500, 108.93900, 108.45100, 108.64100
108.64500, 108.72100, 108.37800, 108.38000
108.44600, 108.66200, 108.28700, 108.59900
108.56700, 108.72600, 108.43800, 108.48400
108.47600, 108.70300, 108.24900, 108.68900
108.67200, 108.75200, 108.49400, 108.63000
108.57600, 108.77200, 108.50900, 108.66600
108.71000, 109.03800, 108.65700, 108.95300
108.98000, 109.06800, 108.75000, 108.88400
108.87000, 109.28500, 108.71900, 108.85200
108.84800, 108.87800, 107.92500, 108.02200
108.02200, 108.32300, 107.88500, 108.17100
108.23100, 108.64800, 108.16600, 108.57500
108.56400, 109.24100, 108.53400, 109.16800
109.16200, 109.18400, 108.81600, 108.97600
108.94800, 109.48600, 108.64600, 109.27900
109.29900, 109.47500, 109.07600, 109.20900
109.19400, 109.25300, 108.89500, 109.04100
109.04500, 109.29200, 108.92200, 109.02500
109.01400, 109.14900, 108.65400, 108.80900
108.77500, 108.86300, 108.23900, 108.40100
108.39400, 108.85500, 108.37100, 108.76100
108.77500, 109.07200, 108.51100, 108.67300
108.66900, 108.83600, 108.45100, 108.53800
108.53400, 108.73800, 108.34500, 108.61200
108.56300, 108.69600, 108.27700, 108.60400
108.60400, 108.73000, 108.47500, 108.64300
108.59900, 108.97800, 108.59900, 108.92300
108.90800, 109.20800, 108.87300, 109.06500
109.02200, 109.60700, 109.00300, 109.52500
109.54700, 109.55400, 109.33000, 109.49500
109.50300, 109.66700, 109.39600, 109.46800
109.51200, 109.72700, 108.92300, 108.96900
108.95900, 109.20600, 108.48200, 108.63500
108.60200, 108.96100, 108.42500, 108.86900
108.85100, 108.99700, 108.65400, 108.75500
108.73700, 108.92200, 108.47200, 108.55500
108.62800, 108.67500, 108.42900, 108.54400
108.55900, 108.76700, 108.51200, 108.74300
108.73000, 108.85500, 108.46300, 108.55200
108.50800, 109.45100, 108.45500, 109.30100
109.33000, 109.70600, 109.15900, 109.34300
109.25200, 109.67600, 109.25200, 109.56000
109.52300, 109.63200, 109.44200, 109.49200
109.48200, 109.62600, 109.39700, 109.57500
109.53900, 109.68100, 109.18000, 109.34900
109.34300, 109.52400, 109.25300, 109.43900
109.41100, 109.53700, 109.33700, 109.37400
109.35000, 109.44400, 109.32400, 109.37100
109.55000, 109.68400, 109.53600, 109.64500
109.54500, 109.59000, 109.38800, 109.41800
109.40600, 109.48100, 108.76600, 108.87300
108.86300, 108.88400, 108.46800, 108.61200
108.78400, 108.86500, 108.21000, 108.55400
108.53200, 108.63000, 107.83900, 108.08900
107.88700, 108.50500, 107.77000, 108.37100
108.31800, 108.62800, 108.26000, 108.45900
108.43800, 109.24300, 107.64700, 109.13000
109.09100, 109.58000, 109.01000, 109.51800
109.49400, 109.68900, 109.42900, 109.46100
109.50900, 109.94300, 109.50200, 109.93700
109.92100, 110.21100, 109.85000, 109.99600
109.94600, 110.00900, 109.78800, 109.89700
109.88000, 110.17700, 109.84700, 110.15900
110.15400, 110.28900, 110.04500, 110.13400
110.07200, 110.21600, 110.07200, 110.17600
110.16300, 110.22100, 109.75900, 109.87100
109.84100, 110.09900, 109.82700, 109.83900
109.82700, 109.85700, 109.26400, 109.48900
109.47000, 109.65200, 109.17000, 109.25400
108.95400, 109.13700, 108.72900, 108.90100
108.88100, 109.20200, 108.75400, 109.14200
109.12900, 109.26200, 108.97400, 109.01700
108.95700, 109.06300, 108.58200, 108.92900
108.92400, 109.13400, 108.30600, 108.32500
108.39600, 108.79700, 108.31100, 108.66600
108.65500, 109.54300, 108.54800, 109.52000
109.43100, 109.84400, 109.30200, 109.82300
109.77300, 110.00200, 109.67900, 109.99300
109.98500, 110.02000, 109.53100, 109.76700
109.67100, 109.87800, 109.56100, 109.77300
109.74300, 109.96500, 109.72600, 109.78500
109.77400, 110.13300, 109.76300, 110.09600
110.05700, 110.09200, 109.61800, 109.82900
109.80100, 109.91100, 109.69800, 109.77000
109.78900, 109.96100, 109.71900, 109.86800
109.85600, 109.94700, 109.65800, 109.86600
109.86800, 111.59200, 109.84800, 111.34000
111.31100, 112.22800, 111.11200, 112.11300
112.06300, 112.18700, 111.47200, 111.58900
111.38900, 111.68300, 110.33200, 110.71600
110.65700, 111.04100, 109.88900, 110.19900
110.14100, 110.70100, 110.13000, 110.41700
110.36900, 110.45600, 109.56300, 109.57200
109.56400, 109.68100, 107.50800, 108.02700
107.62100, 108.57700, 107.36400, 108.32700
108.27400, 108.53600, 106.93100, 107.12200
107.09200, 107.69000, 106.84700, 107.52300
107.48800, 107.74100, 105.96700, 106.16300
106.14900, 106.34300, 104.99200, 105.36100
104.42900, 104.59200, 101.18000, 102.26600
102.26600, 105.91800, 102.00600, 105.23600
105.31800, 105.37700, 104.09200, 104.44800
104.42000, 106.10000, 103.07900, 104.82700
104.82400, 108.50000, 104.50300, 107.94300
106.97200, 107.56600, 105.14400, 105.87900
105.86600, 107.86400, 105.86200, 107.61000
107.60400, 108.65500, 106.75300, 107.93700
108.00500, 110.95400, 107.98500, 110.85100
110.81500, 111.50600, 109.32800, 110.77100
110.78300, 111.59900, 109.66500, 111.22800
111.22400, 111.71300, 110.07800, 111.32000
111.29700, 111.68000, 110.74900, 111.14000
111.12200, 111.24000, 109.20600, 109.40400
109.41100, 109.46700, 107.75000, 107.91800
107.62500, 108.29500, 107.12100, 107.81000
107.66800, 108.72700, 107.45900, 107.56100
107.50200, 107.93900, 106.91700, 107.16300
107.11400, 108.09500, 107.01400, 107.86500
107.81900, 108.67700, 107.79400, 108.35300
108.33800, 109.38200, 108.33800, 109.22900
109.19500, 109.27300, 108.67200, 108.77300
108.76300, 109.10200, 108.50500, 108.81600
108.79500, 109.06300, 108.20600, 108.47200
108.40000, 108.58700, 108.32500, 108.39500
108.36200, 108.52000, 107.50000, 107.75200
107.72800, 107.75900, 106.98100, 107.20400
107.12300, 107.87000, 106.92700, 107.42800
107.35600, 108.08200, 107.16400, 107.89000
107.89700, 108.08600, 107.29900, 107.51200
107.42400, 107.94900, 107.41200, 107.61200
107.60400, 107.89300, 107.28100, 107.75300
107.70000, 107.93800, 107.51400, 107.74600
107.71700, 108.04200, 107.34600, 107.61000
107.56300, 107.75900, 107.36800, 107.44900
107.58000, 107.62400, 106.99300, 107.24700
107.15000, 107.33900, 106.56100, 106.85800
106.83400, 106.89400, 106.35900, 106.62100
106.54000, 107.49900, 106.40600, 107.15400
107.09300, 107.40500, 106.60500, 106.89900
106.78200, 107.06900, 106.63300, 106.71200
106.70800, 106.89400, 106.41700, 106.52900
106.42900, 106.62100, 105.98600, 106.09900
106.07500, 106.65500, 105.99000, 106.25700
106.25100, 106.74700, 106.22000, 106.63500
106.50000, 107.76900, 106.48200, 107.64700
107.60000, 107.69300, 107.12000, 107.14100
107.10400, 107.27700, 106.74200, 107.02000
106.99900, 107.36700, 106.77600, 107.22100
107.20800, 107.43300, 106.85400, 107.08400
107.05500, 107.50500, 107.05300, 107.30100
107.27600, 108.08800, 107.25800, 107.69600
107.67000, 107.98400, 107.33600, 107.48700
107.55000, 107.84800, 107.50700, 107.60100
107.59600, 107.76300, 107.32200, 107.61000
107.55000, 107.78100, 107.54100, 107.68700
107.64000, 107.92200, 107.40100, 107.52600
107.53100, 107.94700, 107.36500, 107.70900
107.70100, 107.90100, 107.57000, 107.61900
107.62200, 107.89700, 107.07700, 107.77700
107.66500, 107.85600, 107.37500, 107.58600
107.51700, 108.77100, 107.51300, 108.66900
108.63600, 108.98200, 108.42100, 108.89400
108.85000, 109.19700, 108.61600, 109.15400
109.12100, 109.84900, 109.03700, 109.57900
109.55000, 109.69100, 108.23300, 108.42400
108.40300, 108.54200, 107.62000, 107.75000
107.67400, 107.87400, 106.98700, 107.12000
107.07900, 107.23400, 106.57100, 106.85600
106.85100, 107.55300, 106.58400, 107.36400
107.26700, 107.55900, 106.99200, 107.31300
107.29300, 107.63100, 107.20400, 107.30400
107.29300, 107.43300, 106.94400, 106.99600
106.93700, 107.12000, 106.65900, 106.95300
106.95800, 107.04900, 106.75800, 106.86100
106.75700, 107.00300, 106.73100, 106.89200
106.82300, 107.21300, 106.06400, 106.52700
106.47600, 107.06300, 106.37400, 107.04300
107.04200, 107.44400, 106.89900, 107.18500
107.17200, 107.35100, 106.78800, 107.19500
107.04500, 107.87600, 107.03300, 107.56000
107.52300, 107.97400, 107.51300, 107.91600
107.89900, 108.15500, 107.35300, 107.45400
107.41200, 107.71500, 107.32300, 107.48500
107.51200, 107.55900, 107.42700, 107.46000
107.41700, 107.76500, 107.24900, 107.38400
107.29200, 107.78300, 107.23800, 107.51700
107.50600, 107.70200, 107.19300, 107.24800
107.18900, 107.38900, 107.08900, 107.19100
107.16600, 107.25600, 106.62800, 106.90500
106.83200, 107.31000, 106.77900, 107.27600
107.21900, 107.42500, 107.11100, 107.22600
107.15200, 107.30200, 106.65800, 106.93100
106.90800, 107.39300, 106.82400, 107.26800
107.20000, 107.35300, 106.93100, 107.01100
107.04800, 107.53200, 107.00300, 107.26300
107.13000, 107.35800, 106.67100, 106.78200
106.72800, 107.28100, 106.69900, 107.14900
107.09900, 107.22100, 106.70200, 106.83500
106.81500, 106.88800, 105.67300, 106.11700
106.01200, 106.09200, 105.10700, 105.37100
105.37700, 105.67800, 104.94900, 105.06400
105.03800, 105.23400, 104.76400, 104.91300
104.87700, 105.28600, 104.67100, 104.72900
104.72300, 106.04700, 104.17800, 105.83800
105.71800, 106.46300, 105.57200, 105.93900
105.94100, 106.18700, 105.62900, 105.70800
105.68100, 105.86400, 105.31200, 105.58700
105.58900, 105.69000, 105.29300, 105.53600
105.48700, 106.04800, 105.47300, 105.89900
105.83200, 106.19500, 105.69900, 105.95000
105.93400, 106.67600, 105.90300, 106.48500
106.47900, 107.00600, 106.43200, 106.86500
106.82200, 107.04000, 106.55700, 106.91300
106.88300, 107.03200, 106.42800, 106.56700
106.54200, 106.64600, 105.93500, 105.98900
105.93300, 106.04400, 105.27400, 105.39600
105.40200, 106.14400, 105.09300, 106.09700
106.09800, 106.20800, 105.73600, 105.78400
105.74000, 106.06300, 105.43200, 105.78800
105.74700, 105.98900, 105.68000, 105.97000
105.94800, 106.56900, 105.86400, 106.38100
106.31400, 106.54700, 105.94700, 105.97800
105.96300, 106.69300, 105.59300, 106.56300
106.53800, 106.93900, 105.19300, 105.34100
105.22400, 106.08800, 105.22400, 105.89100
105.86500, 106.14500, 105.58300, 105.94700
105.92400, 106.29300, 105.84200, 106.17400
106.11200, 106.54400, 105.99300, 106.17300
106.13500, 106.49600, 106.04700, 106.21900
106.20700, 106.37500, 106.12400, 106.22300
106.22200, 106.37400, 105.85300, 106.01700
106.00100, 106.26400, 105.78100, 106.16400
106.16000, 106.29400, 105.97500, 106.11900
106.08500, 106.25400, 106.04600, 106.15000
106.08900, 106.15600, 105.53600, 105.71900
105.65700, 105.80600, 105.29100, 105.43100
105.33200, 105.42500, 104.79000, 104.93500
104.89600, 105.16500, 104.51500, 104.72900
104.68100, 104.86200, 104.26300, 104.54700
104.44600, 104.89200, 103.99200, 104.63400
104.64000, 105.06800, 104.39600, 104.93400
104.89400, 105.48700, 104.82500, 105.35200
105.35900, 105.52200, 105.19700, 105.40200
105.37300, 105.69200, 105.23000, 105.55500
105.49700, 105.67500, 105.25500, 105.46200
105.45600, 105.72600, 105.33300, 105.67100
105.59500, 105.79400, 105.39300, 105.43100
105.40900, 105.71900, 105.39400, 105.53700
105.50400, 105.65700, 104.93400, 105.33400
105.26200, 105.78800, 105.24700, 105.72400
105.68000, 105.77400, 105.46200, 105.62300
105.57700, 106.10000, 105.57700, 105.94900
105.93500, 106.09800, 105.91600, 106.01900
106.00100, 106.03200, 105.57100, 105.59800
105.72700, 105.77300, 105.23300, 105.31100
105.29300, 105.61900, 105.22200, 105.46800
105.43500, 105.50800, 105.02700, 105.15400
105.06100, 105.48500, 105.04800, 105.41200
105.41800, 105.44100, 105.18100, 105.37400
105.35200, 105.49400, 105.29300, 105.42400
105.32000, 105.73800, 105.32000, 105.49700
105.43700, 105.51700, 104.33200, 104.57400
104.53800, 104.91500, 104.46800, 104.87600
104.84200, 104.92700, 104.53900, 104.68300
104.66200, 105.04600, 104.63900, 104.83000
104.82500, 104.88200, 104.38000, 104.47300
104.45500, 104.54700, 104.10500, 104.29200
104.30100, 104.72000, 104.01600, 104.59900
104.58500, 104.73500, 104.11600, 104.67600
104.51500, 104.94000, 104.51500, 104.74200
104.72700, 104.80200, 104.42400, 104.49500
104.46300, 105.33400, 104.14100, 104.49500
104.45300, 104.52900, 103.43300, 103.49300
103.43200, 103.75200, 103.16700, 103.34400
103.30200, 105.64100, 103.18100, 105.37500
105.30000, 105.47900, 104.81200, 105.23900
105.26900, 105.66800, 104.99700, 105.42300
105.38200, 105.47000, 105.06200, 105.11500
105.11800, 105.14200, 104.55500, 104.60500
104.67700, 105.12800, 104.35400, 104.55500
104.56900, 104.58000, 104.06200, 104.17400
104.17500, 104.19000, 103.64300, 103.78200
103.76600, 104.20900, 103.70900, 103.73800
103.71300, 103.90300, 103.69400, 103.82900
103.79500, 104.62900, 103.67400, 104.53100
104.42900, 104.75200, 104.13700, 104.43300
104.36800, 104.58900, 104.24600, 104.44000
104.39800, 104.46300, 104.20800, 104.22500
104.25200, 104.27600, 103.89800, 104.06700
104.01800, 104.40100, 103.82200, 104.30400
104.27200, 104.57000, 104.17400, 104.29600
104.29500, 104.74200, 104.21600, 104.39800
104.39700, 104.52600, 103.66200, 103.83200
103.83900, 104.23500, 103.72900, 104.16700
104.09000, 104.30400, 103.91400, 104.03200
103.99700, 104.19800, 103.94600, 104.15300
104.10600, 104.39700, 104.04400, 104.22300
104.16800, 104.57000, 104.13000, 104.20200
104.22000, 104.26000, 103.81500, 103.99000
103.90200, 104.09500, 103.50200, 104.02900
104.00100, 104.14400, 103.59800, 103.63900
103.65100, 103.91000, 103.25300, 103.41300
103.43800, 103.55200, 102.86500, 103.06300
103.09800, 103.58800, 103.07500, 103.26900
103.46700, 103.88100, 103.24300, 103.27700
103.28700, 103.72700, 103.27200, 103.60600
103.58800, 103.64400, 103.34700, 103.52000
103.51900, 103.75900, 103.48800, 103.65800
103.54100, 103.89000, 103.39500, 103.76800
103.73600, 103.81000, 103.45500, 103.52100
103.53100, 103.57600, 102.95200, 103.20000
103.09800, 103.30800, 102.98500, 103.26900
103.15700, 103.30800, 102.70400, 103.12000
103.08900, 103.18200, 102.59700, 102.70900
102.65200, 103.43600, 102.58300, 103.03300
102.97200, 103.94800, 102.94200, 103.81700
103.77000, 104.08200, 103.59600, 103.94100
103.84800, 104.38900, 103.83700, 104.23100
104.14800, 104.32500, 103.71200, 103.74100
103.77200, 103.99000, 103.51500, 103.84500
103.83900, 104.18800, 103.55600, 103.78900
103.71800, 103.90400, 103.60800, 103.85900
103.79200, 103.92200, 103.62800, 103.67200
103.65400, 104.07700, 103.64300, 103.89700
103.86900, 103.92000, 103.43800, 103.52800
103.50500, 103.65900, 103.31900, 103.48400
103.46500, 103.87900, 103.46500, 103.75000
103.77700, 103.92900, 103.66500, 103.74800
103.71900, 103.82000, 103.54700, 103.61100
103.65000, 104.19200, 103.56700, 104.10400
104.08000, 104.45400, 104.04300, 104.25300
104.20300, 104.93300, 104.18600, 104.70400
104.75800, 105.02700, 104.59900, 104.93200
104.89000, 105.16500, 104.82100, 104.93600
104.90800, 105.09600, 104.89500, 105.02000
105.00900, 105.55700, 104.96600, 105.54900
105.49000, 105.75900, 105.32600, 105.35500
105.29700, 105.66300, 105.14200, 105.22400
105.18100, 105.25300, 104.48900, 104.54900
104.59200, 104.83400, 104.40100, 104.58500
104.54300, 104.79700, 104.54200, 104.73400
104.69800, 105.17300, 104.69600, 104.91500
104.89800, 105.41000, 104.89600, 105.35200
105.33800, 106.07300, 105.17100, 106.03800
105.96800, 106.21600, 105.77000, 105.85700
105.84100, 105.91600, 105.59000, 105.65400
105.65000, 105.73400, 105.23100, 105.40200
105.37100, 105.83700, 104.97400, 105.06700
105.04600, 105.42100, 104.91300, 105.23900
105.17500, 106.09700, 105.16100, 105.83400
105.81000, 106.39600, 105.81000, 106.23400
106.16600, 106.68400, 105.83900, 106.50900
106.50800, 106.88000, 106.35700, 106.75800
106.65200, 106.94800, 106.65100, 106.68100
106.67700, 107.14500, 106.66100, 107.01400
106.94900, 107.97700, 106.94600, 107.96500
107.92200, 108.63600, 107.81100, 108.37800
108.32100, 108.93400, 108.27800, 108.90700
108.83400, 109.22400, 108.40700, 108.48000
108.43200, 108.91100, 108.33000, 108.38900
108.37000, 108.80300, 108.34700, 108.49400
108.48700, 109.15800, 108.47700, 109.02000
109.00700, 109.35500, 108.90500, 109.13500
109.12300, 109.27900, 108.76300, 108.98100
108.98000, 109.31800, 108.73500, 108.83700
108.83600, 109.29500, 108.61500, 108.91200
108.90600, 109.12000, 108.59900, 108.84400
108.57800, 108.94800, 108.57700, 108.82400
108.82300, 108.86400, 108.39600, 108.60800
108.60300, 108.94800, 108.44200, 108.72200
108.72000, 109.22800, 108.71200, 109.16200
109.15800, 109.84000, 109.12100, 109.64700
109.69000, 109.83700, 109.36500, 109.82700
109.76400, 110.41900, 109.71300, 110.34300
110.30500, 110.95800, 110.26600, 110.70900
110.65700, 110.83900, 110.53700, 110.59900
110.56200, 110.73700, 110.36400, 110.57000
110.62700, 110.74200, 109.95200, 110.17100
110.14000, 110.54500, 109.66100, 109.73100
109.69700, 109.93400, 109.57000, 109.82600
109.80300, 109.89500, 108.99000, 109.25900
109.20200, 109.95200, 109.17300, 109.65200
109.60900, 109.76100, 109.23800, 109.36900
109.36300, 109.74500, 109.01000, 109.04600
109.04700, 109.08700, 108.74300, 108.93200
108.91800, 108.95500, 108.60300, 108.74700
108.71000, 108.95700, 108.60200, 108.77600
108.72200, 108.82300, 108.00100, 108.12500
108.12000, 108.54000, 107.96200, 108.07300
108.08200, 108.27400, 107.86600, 108.04300
108.06500, 108.22400, 107.80600, 107.96100
107.92800, 108.13800, 107.46800, 107.85600
107.90300, 108.18900, 107.63400, 108.08500
108.06000, 108.76600, 108.05300, 108.73000
108.69800, 109.06800, 108.56200, 108.59700
108.57500, 109.21400, 108.42500, 108.91100
108.91100, 109.35900, 108.70200, 109.33300
109.26800, 109.68900, 108.88700, 109.06000
109.02900, 109.47900, 108.99200, 109.28300
109.31800, 109.47300, 109.13500, 109.18400
109.17600, 109.42000, 108.99300, 109.07600
109.08000, 109.28000, 108.32700, 108.56600
108.54900, 109.04700, 108.45900, 108.82600
108.78100, 108.97300, 108.34000, 108.61100
108.63300, 109.70200, 108.51800, 109.69400
109.62800, 109.77700, 109.39800, 109.44900
109.42000, 109.64600, 109.17700, 109.33500
109.27400, 109.49200, 109.06500, 109.23200
109.19300, 109.27500, 108.82400, 108.88000
108.87500, 109.32800, 108.56300, 109.20600
109.19700, 109.29900, 108.74000, 108.78200
108.74700, 108.99700, 108.60300, 108.93800
108.90400, 108.98600, 108.68800, 108.75900
108.71500, 109.06100, 108.55000, 108.76000
108.76500, 109.17100, 108.71500, 109.13700
109.09800, 109.91600, 109.02900, 109.83300
109.77400, 110.19100, 109.73500, 109.81300
109.77400, 109.92700, 109.34400, 109.53100
109.55800, 109.70000, 109.32200, 109.48700
109.47100, 109.87600, 109.34700, 109.56100
109.52900, 110.31200, 109.50100, 110.29400
110.26400, 110.31900, 109.35500, 109.51400
109.51700, 109.62900, 109.17900, 109.24700
109.23400, 109.54900, 109.18900, 109.47300
109.48900, 109.64800, 109.21700, 109.62000
109.61400, 109.78700, 109.29800, 109.31500
109.29400, 109.83400, 109.29100, 109.65300
109.62400, 110.09100, 109.59700, 110.07000
110.05000, 110.16000, 109.97900, 110.05500
110.03900, 110.71400, 109.79300, 110.69600
110.64100, 110.81600, 110.15900, 110.22300
110.17000, 110.47600, 109.93300, 110.20600
110.24300, 110.34100, 109.70700, 110.31200
110.24200, 110.78300, 110.20300, 110.65700
110.60700, 111.09500, 110.59100, 110.95400
110.94300, 111.10700, 110.67700, 110.86700
110.79900, 110.97600, 110.47300, 110.77500
110.76500, 110.96800, 110.48900, 110.59300
110.61700, 110.75100, 110.42400, 110.53500
110.44900, 111.11300, 110.41100, 111.09600
111.08900, 111.63100, 111.01800, 111.51600
111.51400, 111.65000, 110.94300, 111.00800
110.98400, 111.18300, 110.78900, 110.92500
110.92300, 110.96200, 110.51100, 110.60800
110.61000, 110.80800, 110.38700, 110.60000
110.63400, 110.66400, 109.52600, 109.74900
109.72400, 110.25000, 109.69700, 110.10000
110.12400, 110.39500, 109.97100, 110.34500
110.34700, 110.64000, 110.19000, 110.62100
110.61200, 110.69000, 109.92500, 109.93600
109.94700, 110.08000, 109.70600, 109.83300
109.82800, 110.33300, 109.72500, 110.05400
109.99100, 110.08800, 109.05700, 109.44100
109.33900, 109.94800, 109.32100, 109.84800
109.81100, 110.37900, 109.79300, 110.28200
110.26400, 110.35100, 110.00400, 110.15200
110.09200, 110.58400, 110.05700, 110.53900
110.45100, 110.57500, 110.10900, 110.37200
110.36800, 110.37900, 109.57300, 109.80000
109.76400, 110.27800, 109.71100, 109.89800
109.90100, 109.93800, 109.41300, 109.47600
109.46200, 109.81900, 109.35200, 109.64800
109.64400, 109.76100, 109.17700, 109.31100
109.30400, 109.33000, 108.86800, 109.02100
109.02100, 109.66700, 108.71300, 109.46900
109.46800, 109.77900, 109.39500, 109.77000
109.77000, 110.34800, 109.69000, 110.21400
110.24300, 110.34500, 110.01700, 110.33400
110.32300, 110.59000, 110.26800, 110.57100
110.56400, 110.79300, 110.29900, 110.42600
110.41600, 110.53700, 110.30800, 110.42100
110.40300, 110.44900, 109.53700, 109.59100
109.55600, 109.74000, 109.10400, 109.25400
109.25200, 109.64800, 109.10700, 109.57800
109.56700, 110.05600, 109.46900, 109.75300
109.75900, 110.21800, 109.47400, 109.77100
109.75500, 109.87700, 109.56200, 109.78200
109.68200, 110.13700, 109.62000, 109.67600
109.67100, 109.87200, 109.40400, 109.67500
109.65800, 110.11600, 109.59600, 109.98000
109.97100, 110.22100, 109.91900, 110.07300
110.04600, 110.25800, 109.77000, 109.84000
109.84500, 109.95400, 109.69500, 109.92100
109.91700, 110.07100, 109.57700, 109.98600
109.98700, 110.41100, 109.87100, 110.03300
110.01800, 110.11200, 109.90800, 109.92600
109.92000, 110.06400, 109.58400, 109.69500
109.66400, 109.93900, 109.63900, 109.81400
109.81200, 110.31000, 109.67700, 110.27800
110.27400, 110.43800, 110.13300, 110.25700
110.24700, 110.26400, 109.61300, 109.72400
109.71300, 109.98200, 109.67200, 109.89900
109.87600, 110.15000, 109.78600, 109.99600
109.98400, 110.15300, 109.51900, 109.67000
109.65700, 109.73500, 109.10400, 109.36400
109.36000, 109.82000, 109.20500, 109.72800
109.71900, 110.07300, 109.65900, 109.95800
109.91700, 110.02900, 109.31400, 109.36800
109.36300, 109.69800, 109.17500, 109.20500
109.20000, 109.89200, 109.11300, 109.80300
109.78400, 110.34000, 109.71800, 110.31900
110.31100, 110.78500, 110.24500, 110.72600
110.67800, 111.05700, 110.52600, 111.00200
110.99600, 111.63100, 110.92600, 111.49900
111.48700, 112.04000, 111.19700, 111.97100
111.96300, 112.06900, 111.23000, 111.26900
111.26000, 111.48000, 110.89700, 111.05500
110.93600, 111.29200, 110.81400, 110.90900
110.90700, 111.55300, 110.86200, 111.45600
111.45400, 111.78000, 111.19200, 111.42200
111.41200, 111.64300, 111.22200, 111.62800
111.62100, 112.24400, 111.50100, 112.21500
112.14300, 113.40200, 112.12500, 113.31300
113.30200, 113.77900, 112.99300, 113.59600
113.59000, 113.79400, 113.22100, 113.24400
113.24200, 113.70900, 113.20300, 113.67100
113.66700, 114.45500, 113.61800, 114.24500
114.16500, 114.44300, 114.00600, 114.31100
114.30800, 114.38800, 113.86900, 114.38200
114.36400, 114.69100, 114.07000, 114.32600
114.29800, 114.40600, 113.64200, 114.00300
113.99500, 114.19800, 113.40500, 113.48000
113.54500, 113.91600, 113.43800, 113.70700
113.70500, 114.30300, 113.67700, 114.13600
114.13200, 114.21100, 113.37800, 113.81400
113.81100, 113.85800, 113.24600, 113.54200
113.54600, 114.08800, 113.38500, 113.95100
114.09800, 114.43400, 113.93000, 113.98400
113.98700, 114.12500, 113.45400, 113.94000
113.94200, 114.21100, 113.71200, 114.00500
113.97100, 114.26900, 113.49900, 113.73400
113.73700, 114.02100, 113.29200, 113.35900
113.34700, 113.65800, 113.07400, 113.21000
113.21000, 113.28000, 112.71700, 112.87100
112.85900, 114.00600, 112.76700, 113.89200
113.89400, 114.14800, 113.79900, 114.05300
114.05300, 114.29300, 113.75100, 113.89100
113.91400, 114.20900, 113.74200, 114.12500
114.11800, 114.83900, 114.08900, 114.82200
114.81100, 114.96000, 113.92500, 114.08700
114.07000, 114.47800, 113.86800, 114.23400
114.23900, 114.53200, 113.57800, 114.00700
113.91000, 114.95200, 113.89100, 114.85700
114.85800, 115.18100, 114.47100, 115.11700
115.11600, 115.51200, 114.81500, 115.41100
115.40600, 115.44800, 115.23300, 115.32000
115.31400, 115.35700, 113.04100, 113.49000
113.50000, 113.94700, 112.98300, 113.52700
113.52400, 113.88400, 112.52300, 113.12400
113.12100, 113.61900, 112.66400, 112.77700
112.75600, 113.32200, 112.67600, 113.18000
113.12300, 113.60300, 112.54900, 112.77500
112.81400, 113.54400, 112.81400, 113.47900
113.43500, 113.77100, 113.39200, 113.56100
113.45500, 113.94800, 113.30300, 113.68000
113.65600, 113.80400, 113.26200, 113.45000
113.33900, 113.78500, 113.21300, 113.36400
113.35500, 113.71900, 113.29900, 113.57100
113.53900, 113.75000, 113.41900, 113.74400
113.69800, 114.26000, 113.62100, 114.04100
114.02400, 114.23900, 113.55100, 113.67400
113.67000, 113.85000, 113.13200, 113.69600
113.57600, 113.72300, 113.31800, 113.61100
113.59400, 114.21200, 113.53800, 114.08600
114.08100, 114.36200, 113.93800, 114.09900
114.06400, 114.45900, 114.04800, 114.40100
114.41400, 114.50500, 114.29100, 114.36200
114.33300, 114.90600, 114.30000, 114.87100
114.81400, 114.94100, 114.69700, 114.80400
114.79800, 115.03000, 114.66100, 114.96800
114.95200, 115.19800, 114.89600, 115.05900
115.04900, 115.18900, 114.99500, 115.01900
115.04300, 115.35800, 114.93900, 115.33600
115.32400, 116.34200, 115.26900, 116.12800
116.10800, 116.23400, 115.61200, 116.10000
116.08900, 116.17600, 115.61700, 115.84100
115.83200, 116.03900, 115.52600, 115.54200
115.57900, 115.84300, 115.03400, 115.19500
115.18300, 115.67200, 115.11600, 115.27600
115.27500, 115.45800, 114.37200, 114.62900
114.62700, 114.69200, 113.99100, 114.15200
114.15000, 114.25200, 113.47400, 114.18800
114.14600, 114.64200, 114.13900, 114.59700
114.59500, 115.04900, 114.43900, 114.57300
114.57200, 114.77900, 114.19700, 114.30200
114.30000, 114.53900, 113.95400, 114.12000
114.11200, 114.13400, 113.59500, 113.67800
113.64000, 113.99100, 113.46000, 113.96500
113.94900, 114.14700, 113.66000, 113.84000
113.84000, 114.68600, 113.76900, 114.65900
114.64800, 115.48100, 114.46700, 115.35600
115.35000, 115.67700, 115.11300, 115.22300
115.28100, 115.58300, 114.91500, 115.11100
115.09700, 115.18500, 114.55900, 114.68600
114.67300, 114.79400, 114.14500, 114.41900
114.40600, 114.97500, 114.31800, 114.97400
114.96200, 115.42200, 114.76500, 115.17200
115.26300, 115.37000, 114.90600, 115.08500
115.07500, 115.61900, 115.04100, 115.53900
115.53400, 115.66700, 115.31400, 115.53400
115.52200, 116.33000, 115.47400, 115.98800
115.98400, 116.16600, 115.00100, 115.42100
115.37900, 115.73800, 115.00100, 115.52900
115.52300, 115.86400, 115.24900, 115.59600
115.58500, 115.78000, 115.34800, 115.43700
115.43800, 115.52800, 114.83600, 114.91900
114.90400, 115.28800, 114.78200, 115.05300
115.02200, 115.11700, 114.71200, 114.74300
114.73600, 115.23400, 114.49200, 115.06400
115.05600, 115.19100, 114.91700, 115.01800
115.00200, 115.68400, 114.39900, 115.51800
115.51300, 115.75100, 115.14000, 115.52100
115.48400, 115.74700, 114.85200, 114.95300
114.95500, 115.28100, 114.69100, 114.88600
114.88000, 115.67800, 114.78200, 115.50200
115.50400, 115.79700, 115.37600, 115.44400
115.44700, 115.54800, 114.64100, 114.84800
114.91000, 115.46400, 114.81600, 115.30700
115.29200, 115.78200, 115.23100, 115.65400
115.64100, 115.93400, 115.54800, 115.84700
115.83800, 116.18700, 115.80000, 116.12800
116.11500, 117.34800, 116.06600, 117.28900
117.33000, 118.20900, 117.30400, 118.17000
118.17500, 118.44100, 117.69100, 118.29000
118.29000, 119.11300, 118.16600, 118.75400
118.75500, 119.01600, 118.35800, 118.59100
118.59100, 119.38900, 118.46500, 119.10400
119.10700, 119.49000, 119.09400, 119.45200
119.45200, 121.02400, 119.42900, 120.82100
120.81200, 121.40200, 120.58300, 121.11500
121.11500, 122.39800, 120.94400, 122.33100
122.34600, 122.42600, 121.16900, 122.00800
122.03200, 125.08900, 122.00000, 123.91500
123.84000, 124.29300, 121.96400, 122.87200
122.80900, 123.19500, 121.30100, 121.81100
121.80500, 122.44200, 121.27200, 121.70100
121.67800, 123.02500, 121.59600, 122.53900
122.61000, 122.95000, 122.25400, 122.74700
122.75000, 123.65900, 122.36500, 123.58700
123.56300, 124.04100, 123.45500, 123.77400
123.75100, 123.99600, 123.46300, 123.96000
123.95400, 124.66800, 123.65600, 124.27200
124.02200, 125.76100, 124.02100, 125.37600
125.36400, 125.74600, 124.75200, 125.39200
125.37600, 126.30900, 125.30900, 125.65500
125.62700, 126.00400, 125.07400, 125.87800
125.86900, 126.66900, 125.84500, 126.36000
126.33600, 126.98700, 126.22700, 126.98500
126.98200, 128.96400, 126.96300, 128.88200
128.87200, 129.39300, 127.44900, 127.83000
127.79900, 128.69800, 127.75300, 128.35400
128.34900, 129.10100, 127.72700, 128.52100
128.43500, 128.85800, 127.51100, 128.11700
128.11600, 128.21000, 127.01600, 127.23000
127.22600, 128.58200, 126.93200, 128.40200
128.40500, 131.24300, 128.33400, 130.85300
130.82800, 130.93700, 129.30600, 129.85400
129.72300, 130.46900, 129.60200, 130.14200
130.13200, 130.28100, 129.68900, 130.12700
130.11300, 130.37200, 128.61100, 129.11100
129.09800, 130.55100, 128.74400, 130.16100
130.14800, 130.79700, 130.08100, 130.53900
130.49300, 131.33900, 130.10200, 130.31700
130.29200, 130.56700, 129.78500, 130.44300
130.43400, 130.80000, 129.43300, 129.99200
129.95800, 130.04500, 127.50600, 128.28900
128.27400, 129.44400, 128.22100, 129.24900
129.18000, 129.63000, 128.69000, 129.09800
129.09400, 129.77000, 128.81700, 129.35500
129.35400, 129.52400, 127.99700, 128.23700
128.21500, 128.93400, 127.01400, 127.81300
127.80800, 128.28900, 127.52100, 127.90700
127.86400, 128.04600, 127.14100, 127.89000
127.86000, 128.07800, 126.35000, 126.84900
126.83600, 127.48700, 126.64300, 127.26400
127.25200, 127.57100, 126.54300, 127.05600
127.04600, 127.24200, 126.66800, 127.10200
126.99400, 127.81600, 126.85100, 127.58800
127.56200, 128.88200, 127.49300, 128.69500
128.67900, 130.17800, 128.62900, 130.14100
130.13200, 130.23100, 129.50000, 129.84300
129.83600, 130.97100, 129.67400, 130.79700
130.84300, 132.00200, 130.42100, 131.89300
131.88500, 132.99300, 131.85800, 132.62700
132.61200, 134.46600, 132.55900, 134.24000
134.18000, 134.54600, 133.17300, 134.36000
134.34200, 134.47300, 133.35300, 134.34400
134.30100, 135.18200, 133.58200, 134.42900
134.43100, 135.44500, 133.86200, 135.42800
135.42900, 135.57900, 133.49700, 133.84300
133.78900, 134.66800, 131.48000, 132.17300
132.16000, 135.41300, 132.11500, 134.93000
134.90400, 135.43200, 134.52100, 135.07900
135.02400, 136.69100, 134.89000, 136.65500
136.64100, 136.70400, 135.67600, 136.19900
136.19800, 136.19900, 134.25400, 134.96500
134.94900, 135.38900, 134.34100, 135.17900
135.00200, 135.54200, 134.51100, 135.46700
135.45500, 136.37400, 135.09900, 136.15100
136.13300, 136.99200, 135.75100, 136.58700
136.58300, 136.80200, 135.54200, 135.73700
135.70600, 135.97500, 134.73200, 135.24800
135.21200, 135.76400, 134.77300, 135.68700
135.62900, 136.35300, 135.46600, 135.86600
135.84400, 135.99400, 134.93900, 135.90000
135.89700, 136.21300, 135.54000, 135.98600
135.98000, 136.55500, 135.31800, 136.09600
136.04400, 137.74100, 135.96100, 137.39500
137.39500, 137.52300, 136.46300, 136.84200
136.82300, 137.85800, 136.68300, 137.41700
137.40300, 139.37500, 137.32200, 138.91700
138.91100, 139.11200, 138.37500, 138.52300
138.47100, 138.56200, 137.88100, 138.12000
138.10100, 138.38400, 137.37400, 138.17300
138.16700, 138.36400, 137.89400, 138.26500
138.24000, 138.86700, 137.32200, 137.32200
137.32000, 137.94500, 135.55200, 136.05900
136.14100, 136.78000, 135.87900, 136.64100
136.63400, 136.95500, 136.26500, 136.94900
136.93500, 137.44700, 136.30800, 136.60200
136.58400, 136.58400, 134.19200, 134.20900
134.21600, 134.66500, 132.49100, 133.21200
133.20400, 133.55100, 131.58900, 131.60400
131.60900, 133.14900, 130.38700, 133.10400
133.11800, 134.53500, 132.27500, 133.87000
133.86400, 134.41100, 132.75200, 132.95300
132.94000, 135.48900, 132.51000, 134.97200
135.01000, 135.57100, 134.34200, 134.99200
134.97700, 135.19200, 134.65500, 135.14200
135.11200, 135.29400, 132.01700, 132.87100
132.86700, 133.30300, 131.72100, 132.97200
132.98000, 133.88400, 132.87100, 133.47500
133.36200, 133.58300, 132.54300, 133.28900
133.29500, 134.67600, 132.94200, 134.22600
134.21400, 135.48900, 133.89700, 135.07200
135.06100, 135.89200, 134.64100, 135.87000
135.86500, 137.22000, 135.70900, 136.86300
136.81300, 137.64000, 136.68900, 137.51300
137.50300, 137.69700, 135.79700, 136.73400
136.73800, 137.23400, 136.16400, 137.11100
137.07000, 137.19100, 136.30900, 136.48500
136.46600, 137.52000, 136.17500, 137.48600
137.61900, 138.99400, 137.55600, 138.71300
138.63900, 139.06700, 138.04300, 138.79500
138.76600, 138.99400, 138.26200, 138.94800
138.93200, 140.22100, 138.87700, 140.19300
140.18000, 140.79200, 139.86100, 140.20600
140.12000, 140.65300, 140.08900, 140.55800
140.55800, 143.06300, 140.24100, 142.78800
142.78200, 144.98200, 142.57700, 143.75200
143.73500, 144.54700, 143.30900, 144.07300
144.07500, 144.10300, 141.49400, 142.62300
142.09000, 143.48400, 142.08400, 142.81900
142.82200, 144.67700, 141.58900, 144.52900
144.53100, 144.94200, 142.54500, 143.16400
143.14800, 143.79200, 142.78700, 143.46700
143.45400, 143.68300, 142.82000, 142.94100
142.88700, 143.63300, 142.63000, 143.19100
143.18700, 143.91400, 142.92200, 143.74000
143.72400, 144.68500, 143.33300, 144.03200
144.03100, 145.88800, 140.33900, 142.37900
142.35500, 143.45300, 141.75200, 143.32600
143.62800, 144.77900, 143.16300, 144.70500
144.68200, 144.89500, 144.05100, 144.83300
144.82100, 144.85700, 143.89800, 144.12200
144.10100, 144.80300, 144.03400, 144.43700
144.43500, 144.80100, 144.19700, 144.78200
144.62100, 145.31300, 144.14900, 144.55400
144.54000, 144.92600, 143.88400, 144.15200
144.13000, 144.83700, 143.51600, 144.65100
144.63100, 145.12700, 144.37500, 145.11800
145.11600, 145.43300, 144.54200, 145.36800
145.29200, 145.79500, 145.22600, 145.70600
145.70600, 145.88700, 145.41700, 145.83700
145.80800, 146.96100, 145.67200, 146.90700
146.89400, 147.66400, 146.43100, 147.21000
147.16000, 148.85100, 147.08000, 148.73100
148.58700, 149.07300, 148.40600, 149.01300
149.00300, 149.37900, 148.12000, 149.23000
149.23200, 149.89500, 149.09000, 149.88500
149.88100, 150.27700, 149.54400, 150.13900
150.13300, 151.93300, 146.15800, 147.61000
147.67300, 149.69800, 145.42200, 149.00800
148.95400, 149.08800, 147.50400, 147.92700
147.92200, 148.40500, 146.21500, 146.36200
146.34700, 146.92600, 145.09700, 146.24900
146.25200, 147.85000, 145.95700, 147.46500
147.75200, 148.84100, 147.54700, 148.75000
148.75100, 148.81400, 146.97900, 148.23700
148.21900, 148.36300, 145.65900, 147.78800
147.78300, 148.44300, 147.10000, 148.19800
148.19500, 148.39200, 146.54500, 146.59000
147.00100, 147.55800, 146.07500, 146.63400
146.63000, 146.92600, 145.30100, 145.68200
145.65900, 146.78700, 145.16300, 146.38600
146.38700, 146.58200, 140.19300, 140.95300
140.95800, 142.46900, 138.45400, 138.75300
139.12000, 140.78800, 138.78800, 139.89100
139.88800, 140.61500, 137.66000, 139.33100
139.30500, 140.28000, 138.71900, 139.55700
139.52400, 140.73100, 138.86800, 140.17600
140.18100, 140.48600, 139.62100, 140.38000
140.26400, 142.24200, 140.15100, 142.09100
142.10300, 142.22600, 141.07200, 141.20500
141.20300, 141.60300, 139.15400, 139.59000
139.58600, 139.59000, 138.03900, 138.61300
138.58200, 139.58700, 138.36400, 139.08200
139.32600, 139.40900, 137.48800, 138.89700
138.89000, 139.34300, 137.85600, 138.67000
138.65300, 139.88300, 137.64100, 138.08000
138.06700, 138.09200, 135.20000, 135.33400
135.32300, 135.97300, 133.61200, 134.30500
134.51800, 136.84600, 134.12000, 136.76900
136.74100, 137.41800, 135.95200, 137.03200
136.99200, 137.84900, 136.20700, 136.58500
136.58200, 137.23400, 136.23300, 136.67000
136.65200, 136.89500, 135.59400, 136.56900
136.52500, 137.84100, 136.43300, 137.61800
137.62700, 137.96100, 134.64900, 135.56800
135.55100, 135.98300, 134.50700, 135.47000
135.46300, 138.16600, 135.23400, 137.78900
137.76100, 137.78700, 136.28600, 136.71200
135.91100, 137.15300, 135.74300, 136.91300
136.90900, 137.46600, 130.55700, 131.69500
131.62300, 132.52100, 131.44500, 132.39300
132.37900, 132.71500, 131.63400, 132.33300
132.32300, 133.13100, 132.15100, 132.77000
132.67500, 133.18800, 132.65900, 132.88600
132.82100, 133.58700, 132.62600, 133.47600
133.44000, 134.49000, 133.30800, 134.44600
134.42300, 134.42300, 132.87100, 133.01300
133.00200, 133.08400, 130.76400, 131.10200
130.84500, 131.04200, 130.61400, 130.62500
130.67600, 131.39700, 129.50400, 131.01000
131.01100, 132.70600, 129.91800, 132.66300
132.62400, 134.04500, 131.67400, 133.43100
133.41700, 134.76500, 131.98600, 132.12700
131.88700, 132.64700, 131.29900, 131.86500
131.83700, 132.46900, 131.38100, 132.22200
132.18000, 132.86500, 132.05900, 132.49500
132.47000, 132.47600, 128.85800, 129.33000
129.29100, 129.40600, 127.45000, 127.85100
127.75200, 128.85500, 127.21500, 128.50000
128.49300, 129.14900, 127.98400, 128.15900
128.14200, 131.56700, 127.55700, 128.88000
128.87000, 128.87000, 127.75400, 128.42500
128.41000, 130.60200, 128.33900, 129.58100
129.47700, 130.87900, 129.03400, 130.67600
130.66600, 131.10800, 129.71800, 130.16600
130.16100, 130.57400, 129.25900, 129.56400
129.56800, 130.60900, 129.01500, 130.22500
130.21800, 130.26000, 129.49100, 129.81600
129.62200, 130.56000, 129.19300, 130.42600
130.42100, 130.51900, 129.73700, 130.08400
130.07200, 130.40200, 128.53100, 128.91900
128.90100, 129.12700, 128.07600, 128.71000
128.68200, 131.19600, 128.32100, 131.18100
132.19600, 132.89400, 131.50400, 132.63900
132.63500, 132.69900, 130.46600, 131.09000
131.07400, 131.52900, 130.58900, 131.44300
131.43100, 131.81700, 130.33300, 131.51600
131.52300, 131.87600, 129.79500, 131.37200
131.32400, 132.90000, 131.32400, 132.39400
132.38800, 133.30600, 131.50100, 133.07400
133.08300, 134.35100, 132.53700, 134.14700
134.14300, 134.45300, 133.59600, 133.93200
133.93500, 135.10500, 133.91200, 134.14900
134.20200, 134.52900, 133.91400, 134.27200
134.26000, 135.22000, 134.14300, 135.00700
134.99600, 135.05200, 134.35700, 134.89900
134.88200, 135.35600, 134.48000, 134.68800
134.68400, 136.51100, 134.04800, 136.47100
136.45400, 136.54400, 135.90800, 136.22400
136.19700, 136.91000, 135.72700, 136.21500
136.18300, 136.46200, 135.24900, 136.21400
136.19900, 137.08700, 136.01500, 136.74700
136.73900, 136.76200, 135.73800, 135.83500
135.94000, 136.18300, 135.35900, 135.92500
135.91700, 137.18500, 135.53300, 137.14800
137.10900, 137.90300, 136.47200, 137.37300
137.36500, 137.36500, 135.93100, 136.11200
136.09700, 136.98500, 134.10600, 135.07500
133.91800, 135.03800, 132.27500, 133.19100
133.19000, 134.89100, 133.02100, 134.22900
134.23300, 135.10400, 132.20500, 133.28700
133.30100, 133.81800, 131.70900, 133.54200
133.56800, 133.65300, 131.54600, 131.70700
131.80400, 132.64000, 130.53100, 131.27200
131.27300, 132.62000, 131.02400, 132.44500
132.42300, 132.99300, 130.99500, 131.38600
131.34200, 131.65200, 130.30900, 130.78600
130.80400, 130.92900, 129.63100, 130.68000
130.43100, 131.74900, 130.43100, 131.55800
131.54800, 131.54800, 130.39800, 130.91200
130.89300, 132.87700, 130.75100, 132.82900
132.81800, 132.95400, 132.19600, 132.69200
132.68100, 133.58400, 132.57000, 132.80600
133.24900, 133.74600, 132.19600, 132.39600
132.40000, 133.16100, 131.51400, 131.70300
131.69800, 131.83600, 130.56000, 131.33300
131.32000, 131.89500, 130.76900, 131.78400
131.76800, 132.36700, 131.51800, 132.14500
132.10300, 133.86200, 131.82300, 133.59600
133.58500, 133.79800, 132.96400, 133.69400
133.68500, 134.03400, 132.72600, 133.13500
133.12500, 133.38400, 132.01000, 132.56400
132.55200, 133.82700, 132.16100, 133.73700
133.79900, 134.56400, 133.70400, 134.47200
134.46100, 134.69700, 133.85400, 134.08400
134.08200, 135.12400, 133.94600, 134.68200
134.67200, 134.96800, 134.00500, 134.22700
134.22000, 134.48400, 133.54200, 134.11900
133.97900, 134.72400, 133.88400, 134.25200
134.23200, 134.46800, 133.35900, 133.70400
133.74300, 133.93200, 133.00800, 133.66700
133.65700, 134.18900, 133.17300, 133.97900
133.93400, 136.55400, 133.32000, 136.26800
136.11200, 137.53100, 136.11200, 137.44800
137.45300, 137.76300, 136.30800, 136.56900
136.54500, 136.59900, 134.82100, 134.82300
134.79500, 134.86700, 133.49200, 134.25400
134.22800, 135.11400, 133.87700, 134.82500
134.84700, 135.28900, 134.63300, 135.10300
135.08400, 135.34700, 134.71500, 135.22100
135.19900, 135.46200, 134.10400, 134.37400
134.35200, 134.83600, 133.73500, 134.55500
134.52800, 135.74600, 134.39400, 135.71600
135.62800, 136.31600, 135.62600, 136.09700
136.09700, 136.67400, 135.65200, 136.38900
136.37700, 137.69900, 136.29700, 137.60500
137.61000, 138.73600, 137.28000, 138.70000
138.70000, 138.70000, 137.41700, 137.95600
137.95300, 138.67600, 137.48600, 138.58000
138.57800, 138.90000, 138.23600, 138.57400
138.57100, 139.46500, 138.22400, 139.44500
139.43100, 140.22000, 138.81100, 140.03900
140.03500, 140.71700, 139.48800, 140.58700
140.56700, 140.90700, 140.10500, 140.43300
140.42500, 140.92500, 139.56400, 139.76800
139.76400, 140.38100, 139.22600, 139.30200
139.30200, 139.94000, 138.42000, 138.79700
138.78600, 140.06000, 138.59700, 139.95400
139.94700, 140.44400, 139.24200, 139.55600
139.54400, 139.98400, 139.08800, 139.65600
139.64600, 140.23800, 139.01700, 140.17600
140.13800, 140.20800, 138.80100, 138.91300
138.89800, 139.71700, 138.75300, 139.36200
139.27600, 139.75700, 139.05300, 139.59500
139.58600, 140.29800, 139.00400, 140.21900
140.20900, 140.25500, 139.27200, 140.10600
140.09000, 141.49300, 139.93500, 140.27300
140.26400, 141.90200, 139.84500, 141.87100
141.66200, 141.99300, 141.43300, 141.98100
141.95100, 142.24300, 141.20600, 141.43800
141.41900, 142.35700, 141.27500, 141.86500
141.84300, 143.21700, 141.60300, 143.12100
143.10700, 143.86300, 142.64600, 143.71100
143.47700, 143.70900, 142.92800, 143.51400
143.50000, 144.16700, 143.27700, 144.07000
144.06200, 144.60900, 143.72000, 144.50000
144.48100, 144.88900, 144.12400, 144.78500
144.77000, 145.06000, 144.19600, 144.29000
144.27500, 144.90500, 143.97700, 144.68100
144.67300, 144.69300, 144.19900, 144.45000
144.43400, 144.72700, 144.07100, 144.65700
144.63500, 144.64600, 143.54800, 144.05900
144.05100, 144.18800, 142.06500, 142.08100
142.10700, 142.99800, 141.27100, 141.30300
141.30400, 141.45400, 140.15300, 140.35800
140.34400, 140.34600, 138.14800, 138.52700
138.49900, 138.94700, 137.91600, 138.05500
138.03800, 139.14800, 137.23400, 138.77900
138.62500, 139.39800, 137.99200, 138.70200
138.69900, 139.12500, 137.67100, 138.83800
138.83000, 139.98500, 138.76000, 139.70000
139.68200, 140.48900, 139.10300, 140.06800
140.06300, 141.94800, 139.74200, 141.82600
141.61800, 141.80400, 140.73400, 141.49700
141.48500, 141.72400, 140.84600, 140.92300
140.91900, 141.17500, 139.91600, 140.23000
140.21800, 141.31200, 138.76000, 139.53800
139.53700, 141.17100, 138.05700, 141.15600
140.91200, 142.67900, 140.68400, 142.27300
142.26100, 143.53600, 142.20200, 143.32700
143.31700, 143.46900, 142.22500, 143.34200
143.33600, 143.88300, 142.05800, 142.51900
142.51500, 142.87800, 141.54400, 141.75800
141.65300, 142.57400, 141.50400, 142.47300
142.47200, 143.48500, 142.39300, 143.36500
143.34800, 143.74100, 142.99000, 143.70900
143.70000, 144.80700, 143.26000, 144.75500
144.74200, 144.99200, 144.37200, 144.93500
144.89900, 145.57200, 144.64400, 145.53700
145.53800, 145.85800, 145.09600, 145.58500
145.57000, 146.39900, 145.29900, 146.33600
146.33400, 146.55200, 145.61200, 145.84400
145.31800, 145.31800, 145.31800, 145.31800